0.9714673690627421
0.9845276808029912
0.043553791819306076
0.0037753571356815563
0.002910378221717913
0.012785157736462938
0.04993854408690934
0.14395381143105646
0.2670861181254419
0.32300933358764394
0.36273426427334776
0.025665929423698164
0.007886868851484707
0.009658124504133614
0.006580146102464823
9.4166114212757e-05
6.322046269069403e-05
0.015159593691190576
0.17920193049841615
0.9999490840517404
0.9999471728282415
0.9999470642466202
0.9991639360281801
0.1799928274261644
0.015246893753077972
0.00015062902730267336
0.00016317288387901474
0.00017813598316485102
0.002242051525172206
0.009519008000940632
0.024080219409136516
0.7281129508564748
0.7401225833558996
0.022754024448090382
0.01000601147879554
0.00027773889240478855
0.00034494166163001605
0.025247970468639025
0.32703055430765204
0.9999871327871651
0.9999902658300834
0.99996468660735
0.32752067304934884
0.024771063610804722
0.00025019164109718606
0.0003245029422543899
0.0032004901625452
0.12165228400681916
0.8472031131420286
0.6998454409560768
0.6941221359614074
0.6759938441828002
0.685251461991881
0.7868270995621454
0.9755988134302408
0.838755140062233
0.7848959141685984
0.8360397445642297
0.023334050496875758
0.004544742664765122
0.013386087627068277
0.00586872332247923
0.0005281337495224303
0.0003709659587465275
0.004316904071575367
0.04164606897398937
0.9995926527131386
0.9999477990110253
0.999704033993073
0.9996278142814989
0.04137431993063434
0.004018903402001395
4.679419740516444e-05
0.00014868374813670204
0.183889770237457
0.19622748859578587
0.21547282337995532
0.04933647245566131
0.41007759711258673
0.8832635728602138
0.7989962101545312
0.6263829973828885
0.41550661385247456
0.4399805643888862
0.6322016975849285
0.9233059792613103
0.9284718123426244
0.9495965561565571
0.9705624187500201
0.9688625407741557
0.9655847275018101
0.02737823344898238
0.007340740186704275
0.05811275427901019
0.21864750053807935
0.10851231481233159
0.06448169099856271
0.04005545962499468
0.05634778105658378
0.1112796538251849
0.9711803168184723
0.9351950001943854
0.9747429077694427
0.19725971729712466
0.07386630887010648
0.05889440017657188
0.07530013829368909
0.21877693728129943
0.997301949016414
0.9959726592684035
0.9973675564922534
0.05863945882638577
0.010636176918489837
0.0019023124947600278
0.010195424792760699
0.007484650639374202
0.34076701460902414
0.9835342284740134
0.028547620791023798
0.025672218137309466
0.9978241888574196
0.9975802088308215
0.9992763067742901
0.9829561905323266
0.008712048104473458
0.011520309265948825
0.9802424187357626
0.34019845511140034
0.005678330433874668
0.001828480277514588
0.0004941449914744878
0.004987883036520202
0.060311540078559545
0.9966463922913127
0.9934460371953028
0.2644740673298278
0.1174668138961501
0.006110027636740734
0.016797333855521623
0.11323823767354835
0.8555772556549393
0.8049135299398233
0.9467244169901597
0.7136826881742665
0.6197903687531803
0.9204433813994135
0.2726680470118853
0.05779792361554503
0.012103603158585385
0.0032546641047029867
0.0045730179893779255
0.006937053819591976
0.010859279116902765
0.06239814718855441
0.9983795152288553
0.9937984637239984
0.579477196466742
0.6227280298401963
0.9988610794081644
0.996123363764736
0.9922216780747601
0.007675315643635217
0.002723197124473997
5.0090050417894716e-05
2.115389932855205e-05
0.00029276402521083433
0.050431224617996984
0.7920690757207767
0.9998234038878996
0.9998934049925224
0.9998282842626368
0.7920837729336362
0.04893929336029745
0.00173460025390193
4.579515094227382e-05
0.00014093768758338676
0.0011306242372215447
0.003222392765780402
0.9847008308702697
0.599747189062436
0.5574940392290961
0.9826557234031806
0.9843647723451139
0.0529070081540679
0.018656173591474423
0.006845343821219263
0.0032518020647555046
0.0028146466342432452
0.023952294864186263
0.06137848639627208
0.166910567191075
0.7789915788135127
0.6651776780064725
0.43639443265541855
0.10702138713884257
0.03418644529868553
0.03594542419863511
0.02857759869272858
0.06624830481734567
0.9813182042825751
0.9754258747464549
0.11487093559344208
0.11777485564277002
0.9490066304458744
0.09410199929522822
0.05419522250759856
0.8629363441631646
0.03411131512172283
0.14016408646085243
0.169036788280161
0.22538607957862689
0.979551700196115
0.008548906236021336
0.0033641238336052925
0.0018861737303847992
0.007714006329114009
0.013998803959470618
0.023892462375489587
0.10837045628987474
0.9926000862126905
0.20078413153543662
0.08317621432641686
0.028508547142874208
0.017725767129776693
0.002436048172247851
0.0037941339183171774
0.06096442036061944
0.9723956987625154
0.027615058718758023
0.0010247950428223795
0.028054790452695433
0.44930982317121826
0.14988050455266955
0.005622121433638383
8.347805382169504e-05
4.506184507047095e-05
0.0036476991323647345
0.04610880627195291
0.5225506193643985
0.48766936240389736
0.008224882815175971
0.01449873918608291
0.13439440629698618
0.12515914383988236
0.1825275407679866
0.011201559702434194
0.0008227566834571043
0.0011754256833875765
0.14790061246485153
0.4092131896980601
0.8658929830173654
0.5411359355732884
0.12053735789055864
0.23674813595915933
0.8681539528544787
0.8561807663689418
0.017329248727703472
0.16195949130456944
0.1631034842747583
0.28090696764056955
0.9306679169875808
0.4203012158844849
0.9992400575460483
0.19027724868507245
0.015479613110546686
0.009170876562387908
0.01464602363450307
0.9993002590151658
0.03197240190758743
0.0036014876611117908
0.05451773295709794
0.9998028704300203
0.010366056433310011
0.0011330368293650528
0.0010161040322607118
0.0002138599384617912
0.014969115349806494
0.9999971431273983
0.9999984067313114
0.9999963122476164
0.01496777906540725
0.00018800189306766857
0.0011220734758015105
0.0011328155239576088
0.010455154762190277
0.9992625132804079
0.055168618498236066
0.003906713926490668
0.03144544167343266
0.9993211377974355
0.9992969436981862
0.01412078860755539
0.00883725053017137
0.07927486761687641
0.27146657543306163
0.7558518720981848
0.8331075985519187
0.9416152337378189
0.882094463728493
0.7161538813010799
0.06100246980976243
0.02253453436891728
0.1558076081027303
0.0077204592651552995
0.8369405254166757
0.1305634939930529
0.19106584454373077
0.16634596115855327
0.1906920514955066
0.11964201973459898
0.11964833492729521
0.006862419914062778
0.8760206310869487
0.05834074650376775
0.12066936659198246
0.12953618797351774
0.9927647262959017
0.014296355766131974
0.01975612254478376
0.022390137775931684
0.04791381086569935
0.0019777852850509925
0.00012206113681634267
0.00016909964186773152
0.005772544269227575
0.14944425156169938
0.9725624985524818
0.42230001097198033
0.0008663569017181016
0.0010236391473941175
0.028177183997466826
0.9735549138084268
0.08895938257558489
0.027812304184042125
0.024909668488241832
0.015433947352402222
0.031138760954471656
0.08252125072675554
0.19563264871689034
0.9973911393196148
0.9954121004566138
0.26149620788187966
0.13379039378636992
0.15502116988463122
0.28623803135695436
0.9847436015833524
0.9949247430105455
0.9929452288100024
0.9935646756087256
0.9984757684158452
0.9971483101776104
0.9968537747211185
0.5582078022331494
0.4802730551364982
0.4878803199956895
0.27745066187510525
0.6721426956135754
0.674356392677739
0.7026646717243561
0.9857717850850191
0.9952710879019635
0.9940406635597948
0.9995820620379154
0.004596950000428257
0.0015765186353612348
2.377205736903143e-05
2.6370365658223704e-05
0.00025565808977368043
0.16730003260681947
0.9999590991463323
0.9999931244473034
0.9999928145208984
0.9999842814650657
0.9999904185435776
0.16729212940511629
0.00021006878662488404
2.0540131318580457e-05
3.3257647099826926e-05
0.001621737575325355
0.004733612176405555
0.11288259812183832
0.0354262877012389
0.02471355169500833
0.011804744887289331
0.00941509357634629
0.006359390745180993
0.01055566867476132
0.9554130858915741
0.9854502322506626
0.874881653307928
0.12744842437491388
0.0710692762643661
0.1380890633183146
0.10295136130967564
0.9636187640037928
0.0337151074761316
0.06929222900664744
0.4747081864025944
0.40039185328986315
0.003232406301585833
0.0010505765236544784
0.0007848834452829356
0.00027034324816144206
0.018032953590990775
0.9995678374904291
0.9999070744812543
0.0034422385040961956
0.001550007305096468
0.004028487857303142
0.9999664974120679
0.9999218189912781
0.05988094681277012
0.6471370535797585
0.9630403396669673
0.002474237793021472
0.0019936523187646937
0.004206521169062727
0.00666577413974867
0.04973244145952693
0.005430970001985114
0.004062195720100359
0.0017541304194327312
0.0011934137759402885
0.014803540945444782
0.9988438264343561
0.8505270081028509
0.12748559048615582
0.08485598648661663
0.15229758144679784
0.9952684653730601
0.0799581169373943
0.014275823153362066
0.018786364488661667
0.9990327054453872
0.9964729430117137
0.9963231972923313
0.9927818054734235
0.9980740319499268
0.016833670424971303
0.016131621296553433
0.010108271337075037
0.005248051449259106
0.010423813027114925
0.2791299425839713
0.01737813881293515
0.0020195789743888692
0.0019083494471664464
0.0003157241407067968
0.005423894900024928
0.9998748797601468
0.04969797144277677
0.006628565936870223
0.004067115946525868
0.0017317194823071036
0.0028151654487988953
0.9997690309155044
0.03895639461099809
0.6353002849603047
0.9957525404594243
0.004188168545265936
0.0017807581722056876
0.003942781841852705
0.9992906809605296
0.9997786258053176
0.01757093137113186
0.0002488202343309265
0.0007419349661533792
0.0014813587520757787
0.003993416312353726
0.0364309835523281
0.1140650327256062
0.5815020909274182
0.39828471545171373
0.4013377268122348
0.12538158918128484
0.0314973022183902
0.037580889687710006
0.11530999432884304
0.9572408858784007
0.22482218420928668
0.2581258685908985
0.9576019163526183
0.2765863355013063
0.3839166341194836
0.1569715274774004
0.22366757507714297
0.20860174404387855
0.11490202157610374
0.045771714489533544
0.011559943423357089
0.012019871791705605
0.023269715547600378
0.9487751293917193
0.946961380938205
0.9837857790554283
0.9969009415826269
0.9949054183799552
0.5183195075083745
0.4726159926676067
0.9717635058869412
0.9006630547900132
0.9754245430945954
0.044998248573180355
0.007644134945526071
0.004006653873430688
0.004377015153395392
0.22568107022525474
0.9744838464744138
0.8362286505875718
0.09242927161154035
0.0007366243567152875
0.00036149825088482856
0.007187095735109339
0.005610862436353226
0.004973229654308575
0.015409016151939348
0.07192866773912854
0.7606355744677764
0.9999230836724025
0.014946216390158695
0.0016026363597250182
0.004887683980015933
0.03121215450396342
0.9998005863807349
0.0009455227084931295
0.0009591042330854282
0.03092645533011773
0.043524754037544855
0.03295073127274384
0.009531694003597435
0.9253870315190007
0.9434969531616797
0.8410760870385668
0.8723451189523315
0.9102939198392292
0.9994924648365893
0.9998518755281738
0.9959334448116302
0.8928879257813369
0.8577925511207807
0.8830979888376209
0.9576091685481221
0.008185186671229139
0.008185524660279664
0.0037227231500273072
0.0026292456475744963
0.00023060806960106817
0.0010770355582022662
0.03242522963703487
0.0036997680116988008
0.0020859803432783375
0.015701949202946763
0.9990325145144322
0.9960954065512079
0.755948354995365
0.9959135630783922
0.062216311167867855
0.006515119015953141
0.00022759588910092887
0.000683940478844125
0.0008380393468078173
8.171611939367107e-05
0.0004936869003443478
0.08954957110868589
0.09036162736107634
0.010877001762978677
0.007416399824784814
0.0034069677362288386
0.03304973154184043
0.4863037459508087
0.34444484351312044
0.017583634962460182
0.015776994978533798
0.013644919477562079
0.02212864619735755
0.02658393660092495
0.06004920641888689
0.08265173313904461
0.0808881719228548
0.2787082249125604
0.9175367559288955
0.21398695665010736
0.169703063513568
0.5064138558910594
0.5239486076354691
0.16632329415716585
0.15027865268197815
0.4458530595115827
0.4518624850036723
0.03696475419259382
0.1239866773149153
0.4842243052338058
0.021306924864771037
0.030700100003450914
0.022424676953132106
0.029573741916215535
0.035985600497839165
0.9988265525713217
0.006415825962605148
0.0019267092830708155
0.045339449815932964
0.997457258443079
0.028392303667492236
0.0005680757238354373
0.0042092464061034285
0.5246951156968032
0.9978073702583928
0.9977225736060412
0.8261210384052704
0.8187114681780143
0.9859481019027725
0.9568558694044125
0.9919040418219818
0.9991933725328288
0.9992399507110433
0.9966369722234094
0.9761517247938803
0.9792604447302824
0.9859226080135675
0.9890561824760834
0.9986102640692692
0.9813217515556589
0.9989456376433862
0.8374022829009998
0.3505508826176499
0.9960963280449786
0.005654843395152431
0.0039017889843194764
0.03015836724729959
0.99884818112615
0.045877100452049624
0.002219722621554787
0.004095018218826407
0.9839928803919187
0.01935968016074674
0.015402836894494287
0.01184847434986569
0.006637175683828045
0.01113115404466336
0.39476099867988745
0.2852979792235184
0.30780179675012453
0.24127434960767458
0.3587371774081999
0.7781233990102708
0.8552138988006589
0.9060510001462937
0.9083386826583667
0.8970747869847714
0.4388190997954208
0.3229321993244687
0.21195599564112966
0.244325442803636
0.3805686786544922
0.8728780411060633
0.8414505627914969
0.03555641269162213
0.04675777392390623
0.8462789253907879
0.9541014308782063
0.16057762121429953
0.17546968581782185
0.17818084278501223
0.17377702749418322
0.1876908898770261
0.5146753866153344
0.9035586833329295
0.8736692776164213
0.9559741943687915
