0.988566970500141
0.47761408399276317
0.0647466973418308
0.026373420812559667
0.067109732598851
0.07249044860180776
0.07264641715289577
0.06535795696292124
0.29968201041959674
0.9209696185035933
0.8532055864310166
0.8529458125659386
0.9609907448800794
0.48809399560493094
0.31678293397313584
0.3731098675223129
0.2623567746783567
0.644978758331636
0.7129776742330173
0.7407610322553176
0.7247684474767745
0.4381842994112092
0.4012135550664585
0.3702746933277775
0.3602097052116683
0.7337078234310239
0.6558325858131662
0.7410879002645823
0.3226823072516012
0.10181892860240005
0.013739031569577453
0.014467517902211346
0.05124172440647623
0.06023284655316308
0.06419938350522936
0.9868998179552063
0.06733953836210904
0.0736302912953376
0.21259979793051742
0.9733981035902112
0.9750354944704519
0.3384108601608171
0.22062210980786734
0.2675773827000383
0.9812112110118016
0.8400567240482092
0.09906105619891481
0.0042584245364202244
0.003219567924637068
0.002014959623063639
0.005127152198093898
0.0028293296983389338
0.0011541171882757384
0.006194471631946308
0.8858536732995053
0.038595989549841
0.10899781255848084
0.38182397215677877
0.9385344947425074
0.984627252754216
0.2358237675312823
0.029170043565252102
0.0012862679619946027
0.0017677473768660246
0.1136273372225226
0.9934676052528536
0.9599021232252153
0.9946542805957681
0.9981589025951003
0.9960810136504176
0.9655629590586966
0.11551926752653452
0.010245072830909807
0.009997113257163459
0.03630016747480613
0.2381877783617078
0.9977415236925423
0.9408622714538479
0.003227715886868654
0.0012802439129160348
0.0025939591216965763
0.003938763717044158
0.004449263064897346
0.004005374762759195
0.009927426804132944
0.9993116398693391
0.998925950114631
0.9987371054642844
0.003237737889396075
0.0007627168593726807
0.001853861843552962
0.0022242381266822653
0.06365965753819414
0.9734966666988502
0.9720155950754411
0.20950680915432396
0.0006357476229716941
0.002036467425523769
0.0016337118777864923
0.001478097790757471
0.000664975773732035
0.00803670797892575
0.9982677158386457
0.9819819621419825
0.9744160237186484
0.04958281402294529
0.001617234925376354
0.0026950135472150194
0.0030580069523072906
0.017615844119315605
0.13319612437127282
0.9984795907340562
0.16758836100132357
0.015242462935859735
0.0003166598797659237
0.002419715112078613
0.01749885797906192
0.728018360973872
0.7091510934655253
0.9451240225059422
0.7213096723027862
0.4946711671289944
0.43378018979134914
0.4090220639393438
0.9595312299474704
0.9998128440678965
0.9997895297938014
0.999800582925705
0.9999991549501305
0.11677157862399046
0.11747547272369896
0.238243387004905
0.9455921715113712
0.0025850383615159123
0.0001974367338157812
0.0004375167484982345
0.017207162773509088
0.1406475695998427
0.9554933785781711
0.9168260379994569
0.14795189598002212
0.014152412568015471
0.0488257106659189
0.02466592105729526
0.032180746032856034
0.049024003736014454
0.009877455631765675
0.0008638708801488315
0.001665324571517024
0.002049639304629536
0.00012847173858154814
0.00324740271616486
0.2146828450883842
0.920155057942563
0.9730276073649559
0.9964363615437878
0.993125390541185
0.989788938529329
0.9864311894680421
0.9161324401405919
0.06860774920439094
0.06037115839564444
0.04458849417418187
0.9876658858032266
0.9985887648790298
0.999540705368334
0.9988809999021367
0.9974631524804456
0.0469504657140869
0.032318148624924325
0.03498078287482076
0.0588136209111223
0.000343474539811095
0.0008877737394479279
0.00027075704644696774
0.0037883345696465565
0.9983394860413033
0.9980721450153862
0.9967105584250294
0.009694280406591371
0.0031179284663593876
0.004179413575127966
0.005598717287099486
0.004916148341596038
0.0036891792306044113
0.005811866669205523
0.992598749497183
0.9827964159925555
0.9891938136716062
0.9041890366693641
0.8964929924688096
0.8808198322716528
0.3998292728628309
0.3954180277409305
0.4925518619791138
0.9714924437153015
0.9725294394101881
0.9577039122840324
0.9716920083675378
0.6173441118668173
0.03654967980866397
0.020498525780705767
0.02090147536276299
0.6157927602919715
0.7024507420346195
0.12713183978892628
0.032869848839444216
0.03644781751884851
0.11648408567338764
0.1178419091436892
0.1220582599886838
0.9963169959684407
0.13965460702331944
0.028244735249855046
0.0016112885376924346
0.0888512453820538
0.9312555765338807
0.8849754373840599
0.8833826857685297
0.8889040699235501
0.9386186302832136
0.9979602649419848
0.1516871001581338
0.022513390340349715
0.002612797821829549
0.0003673750160141376
0.0009892967893491145
0.013637434725659037
0.09690758887876894
0.12315114953194894
0.8796661759332859
0.8885918047342898
0.8378031452548318
0.8540906863101034
0.8590518604120265
0.1613322290883289
0.07344790516870991
0.05633431951005019
0.2618027803900276
0.33880185014437914
0.4987501010169709
0.04734610770351422
0.015135952769809169
0.0134795448251247
0.056824717027385896
0.40762665649811414
0.9388690192941361
0.9947288505809359
0.3301029391582305
0.32302685496976746
0.9911459466182697
0.9470467997900617
0.9570075473676781
0.9575747253478935
0.07672819316934831
0.16097729285217333
0.6337296040544982
0.35950973852079926
0.5064708922804095
0.5196429722199367
0.4820616779145833
0.2567800267428847
0.27766953154848173
0.11055346078228245
0.06834676772907178
0.1682716477110836
0.15011796482756834
0.22122257364079057
0.946696333700037
0.9161025577518048
0.8712409717069027
0.8667446933547607
0.8779371459941105
0.9957677416882506
0.9548901685454935
0.0689312607941237
0.01393372192837894
0.056823404144252354
0.10909083671314901
0.052028989727250896
0.12171187654475835
0.134818607386345
0.18173218232504562
0.13403475352721483
0.0027127576936534226
0.0035649077159835008
0.14293053948872703
0.998531149128844
0.013309558011566747
0.010417854075421062
0.011370327686075044
0.004751079062292551
0.008283867019710955
0.19709050671686434
0.5743942873217122
0.7761663368281181
0.7890197425064205
0.16997549098448228
0.16022537985996244
0.17892025214790652
0.9688301536446039
0.9714001754374149
0.9708998273124413
0.9300688972481044
0.930576982226997
0.7828910675016353
0.020927934203449294
0.038544479653199515
0.18634837639372326
0.9741046559952726
0.9492039986023293
0.9737612294705628
0.965882313062185
0.9587379586932769
0.6949347320251253
0.6618851173956499
0.6649843702015312
0.6600527749663896
0.6591572723987691
0.9062813692265377
0.9291240057383644
0.9387655272032479
0.9231365852130883
0.9227493835663969
0.8529924210009359
0.8864750429038633
0.9206659073900134
0.01729772813995245
0.015020520464081866
0.020466614418477636
0.0920512278654455
0.023669982328633044
0.04892527486974818
0.9082594791373555
0.8935826664960963
0.9218205308599041
0.8697750087477166
0.9029952737543954
0.9979279130324643
0.1509484448418611
0.009785764093687255
0.00014978222667272334
0.0012356277700441565
0.0023298251475288856
0.0005826350774356115
3.1516770807815675e-05
0.0018859806561934978
0.00229313551068977
0.0007134638669578086
0.0011000869872879182
0.0957967501601601
0.9999943641183022
0.999994607747378
0.9999945442063526
0.9994758349211635
0.09631689645390817
0.0011051582272627591
0.0007181245699229288
0.002296944307621729
0.0018910291339776508
3.241889727245706e-05
0.0005854925702787339
0.002327678448695525
0.0012285700530945132
0.00013287338236489532
0.009814500119989744
0.1495912417277805
0.9100852326724004
0.9138875924930978
0.9549906452477012
0.9760589269252002
0.9603316595297653
0.9366246579791058
0.05632475108431467
0.014136319845059586
0.020713592929005986
0.0035395886118992914
0.007446330522082656
0.08576871804351283
0.36010131352073227
0.1613868174662928
0.07294517280760227
0.8916324789432737
0.006071830227971642
0.06644304682281721
0.029211334609693274
0.025677482973042842
0.025490565393966103
0.06690953582078896
0.0703481827861594
0.04816370505910106
0.8330699884973873
0.6011279798437297
0.2019718071922978
0.28710646132733253
0.604465120940777
0.2089044918788343
0.07861471642265494
0.07373138486579767
0.9896361945483114
0.07536673693445495
0.02585802109446611
0.012407459375946672
0.001344057252455455
0.0012532124315737247
0.04643523789934367
0.3202795440725331
0.9272960552107576
0.9315636494266913
0.9407716203716376
0.9778689894557018
0.9259506911634733
0.30649853573101427
0.299265598913936
0.37031220826116806
0.9554772708243582
0.9683245468857185
0.9232896282378115
0.9125674511654951
0.8236939129206843
0.801818157206814
0.22307056971617434
0.29816060282827517
0.27635545067505707
0.0873222642178556
0.032459079494812415
0.009265728668350737
0.011283762757088533
0.012578248691261673
0.05636490310384801
0.9935564107515762
0.29072640862084353
0.9692925638120007
0.7669453960225857
0.9980105442766448
0.9991023417166975
0.9992325260415588
0.9989409827724005
0.9992318484874105
0.9922909331944705
0.8176663242485946
0.9377074885118764
0.24954518677397441
0.9866887074369687
0.06078428574418393
0.0002305783697544861
3.412347007902827e-05
0.00029735251364138016
0.02221579401816065
0.08658802597986393
0.9916475402685729
0.9142854841793393
0.8705615623921271
0.8529358194324876
0.8922809015043168
0.9915709572771684
0.9922936084568372
0.007847810018519641
0.004399487033292848
0.0026487954937334246
0.0016365727869545044
0.005444435888352861
0.6535622767299731
0.3535597652765172
0.0003514766042699291
0.0006746707645876038
0.0010943658933033618
0.001962093982678881
0.001187367683788465
6.0918457359337985e-05
0.0014958653302081792
0.018255385113670863
0.9999821425183119
0.9999570536542896
0.9999998917378019
0.999999872245258
0.999410679465313
0.018801468503333973
0.0014778813474867203
6.147279987545051e-05
0.0011875531445869614
0.0019619941789185136
0.0010942654621687309
0.0006748660721799249
0.0003496643451064152
0.007188435412199823
0.004967148954424738
0.0011971156751983125
0.0023204403796316386
0.0056235078723443355
0.011701582141947386
0.9633045797917401
0.9477379109370817
0.6431132108100541
0.6295819070602691
0.6457096986859994
0.9258515541471549
0.9267517199701807
0.9533949409013919
0.960000477069455
0.17332199131146941
0.001708500046178063
0.0021984732486809433
0.0010865072421267774
0.001355237834239631
0.001538609052169182
0.0021729976778001037
0.003511142102554765
0.0033689039916705577
0.19151941422609886
0.9998934373607178
0.9998249733898007
0.9996533473972784
0.1890641121867137
0.0015527079443352632
0.0011723182315650504
0.001335616008045326
0.0011552248050020753
0.0012417697090237878
0.0002375826401375125
0.0021769473669326356
0.0026404467948809573
0.16914698271962114
0.9164908133337181
0.9127618141694037
0.9122506990062768
0.9148226696323318
0.6780581688765459
0.6425652602061163
0.6314015738878034
0.13700566486874322
0.007924953105131305
0.0071736127373386305
0.01984812575923811
0.025757254566281307
0.01990422210598064
0.031166821368440734
0.13607823090014703
0.8799397106065409
0.47448106997113226
0.9221004286848045
0.5439667790646396
0.9925183374510245
0.9976194206627544
0.0875439808283972
0.014088464330345607
0.0024525091704854507
0.0006364385144607132
5.972482313798544e-05
0.0010008219279455943
0.0008683648684637557
3.852421060801525e-05
0.00047704304938578357
0.34717445863784435
0.9999925924648166
0.9999944696331008
0.999992666332723
0.3471746922734805
0.00047924182448777497
2.736157113980564e-05
0.0008582508821685098
0.000988614224532336
5.1625798582199955e-05
0.0006249352955001175
0.0024787218210934325
0.014139063477115577
0.087398001631659
0.999681379078541
0.9248543032364842
0.5357757042968836
0.8761290345308997
0.37348731044317807
0.9149100679378466
0.21257336022577444
0.09596631207599038
0.0449891957941001
0.015331185333159691
0.0028267679905149556
0.0009860734522842973
0.007306338274147617
0.1514826123485138
0.9804320948369661
0.16393303551150307
0.0019873129848166915
0.0008407461728910937
0.00016162857464163682
0.0016309460162398093
0.0006969920045166722
0.00028577107179073025
0.036466993724793784
0.5195495525547094
0.35500101568005604
0.7705167932663902
0.9205909776893864
0.04977035293835652
0.012839643671005985
0.00010089699597870538
0.0005110680157148773
4.774181624589424e-05
0.00044483842448495015
0.00012956284998821843
0.03411812199876674
0.998476769449291
0.9978730296895514
0.9999768712777021
0.9999918773923919
0.9999987936391975
0.997887561133866
0.03258665791855775
0.00011499709833673322
0.0004377713358844071
4.910689531323342e-05
0.0005116269413018015
0.00010063530543213961
0.016608581052224403
0.1182503210930892
0.9993331840557391
0.9262293012265516
0.2821436539062734
0.2831537411645382
0.9992818488520218
0.036671038534908273
0.0009697682595413148
0.0012884420599778013
0.002035247510985938
0.0005438403069158992
0.0011376554990504273
0.0017825192985022609
0.1707080351517447
0.971123595865107
0.7531223195554135
0.7112211528286505
0.9848943464847785
0.2756395201593237
0.049920120452570105
0.00823481013747196
0.005493382269411207
0.009139712353011142
0.009961793405769748
0.0046719817576498235
0.0008766272622314775
5.089353095510951e-05
0.0005264241134831371
0.0006703565731389638
6.416615000681691e-05
0.00033832144173862044
0.00024235926151072729
0.020749610873708746
0.23241132229929196
0.9998403417606316
0.999852116119209
0.9998516610036411
0.9999999949893389
0.9999999957677433
0.23242610123455298
0.02087470871120034
8.067734272421134e-05
0.0003160409551800081
4.754246836602416e-05
0.0005304912086934177
0.0006989343502550316
0.0002409055420751205
0.0009966135142837063
0.004519103280173353
0.9957293548745233
0.9779812077969163
0.9995546651659214
0.02392181686943884
0.005344590459563037
0.0008804535424424831
0.0006208362416799673
0.023073602816576222
0.16669886553896185
0.6704364833626083
0.33644785945418043
0.23991766406460535
0.8885498064333921
0.14199746316578987
0.009728015648887922
0.009403127371517273
0.008997039716655775
0.007792826410901621
0.012681834192590169
0.2665940535689759
0.9969996190755347
0.9612463985048711
0.07557866236584809
0.03430899424551648
0.031131524592141968
0.03444262320397873
0.11230898324364536
0.016743723657776766
0.0011316562694919652
0.0018984808312483281
0.0033073949494605293
0.014171061167764898
0.9976087435098883
0.11117136029656038
0.001981993968570017
0.008567301159605911
0.0661927511941861
0.26766156783930817
0.9983258584715268
0.999987156559317
0.9977240338307535
0.2677141648240695
0.06657248696958318
0.007769819321449267
0.0015318736639574615
0.11129404933657916
0.9960958129987579
0.011467824752724787
0.0021250214614567664
0.004507294304810339
0.00040112692090532587
0.015088118125121341
0.11385942103390001
0.9999645769587624
0.9971512285278231
0.9935335636968574
0.02584150659708695
0.027589345098220308
0.03689640223741952
0.03939443390846764
0.26183938085994285
0.008689329098719
0.0005703511804816541
0.0013781413752599336
0.007745453348966591
0.002293366423070986
0.08944794062825778
0.8764872851099913
0.06065967169939812
0.06808593427074405
0.1436338005819744
0.335488052767721
0.3309928364406963
0.3212479056701436
0.318008078013992
0.48475268887519307
0.9576662809187345
0.8647007670588118
0.8484341523100984
0.8827457690978354
0.9069618661811494
0.4918111947613669
0.06567285250606936
0.051617017356824335
0.992806316436844
0.00724634913560096
7.311553513367208e-05
2.2223999652681847e-05
0.0009994175098787528
0.0007348333580710076
4.286007307341411e-05
0.0010933927304085378
0.0042105733157056235
0.05687205171041476
0.9766123915848931
0.9684273485193036
0.19867962756828772
0.0428893043069668
0.008751848560750952
0.0044517266452474
0.0057166207146380765
0.007546912504566072
0.9158592710627986
0.8510527504613499
0.9999847019860147
0.9999493366357062
0.05436215723522608
0.00038884286896223585
0.0004142036581642472
0.07089272189580076
0.9999175040960906
0.9999682879879107
0.9999791463898312
0.9999226564510336
0.07075821376712033
0.00037689387788120143
0.0003898482251569746
0.041089850515461546
0.7807034969288362
0.9559707258783352
0.051705183599530136
0.005425026704693692
0.004402304210232355
0.006716852626926451
0.04267070674332585
0.19705441246832223
0.999950307194817
0.9722021134970277
0.03346876972621382
0.004236345494679217
0.0010936182874837774
4.271900816132934e-05
0.0007347488956417347
0.000998872228782588
2.3283599034473745e-05
7.73007229170064e-05
0.0071542228757902615
0.9731583691898218
0.035724292112430445
0.03903828616924854
0.13100051976719196
0.46598402612097
0.39076367679499013
0.834376942471899
0.6557191536704974
0.587852188070547
0.7618422394981814
0.8129279534477268
0.9699069186640554
0.684105264039061
0.5181680779778792
0.3804500562576215
0.20869739904362472
0.3699172887816624
0.7222152036255967
0.8522151385349759
0.8757680849632078
0.965189845987944
0.687609139737834
0.5497009911446051
0.4148472589220218
0.4713567006231927
0.9024485616426348
0.9837385243461525
