0.2250179905967653
0.13908744976568743
0.13748042075050415
0.015078157880274445
0.010653179696568316
0.011455158383477548
0.015925000933844524
0.9885172789799733
0.9877217908915266
0.9994865139604844
0.9875101104080279
0.00662621657570539
0.0030712559192576094
0.0029210697219951287
0.00904552934170666
0.9754661974651353
0.5672106977377152
0.8390532089229259
0.1965931992428792
0.001691130672445862
0.000705291503700356
0.0030954405541988583
0.0025878899800305666
0.0038888512298610456
0.010126569090133541
0.006786373022243608
0.1057759598997452
0.11821566992166876
0.19285471270973908
0.8146478088741325
0.9916332278280607
0.7176306481910204
0.29249941424592985
0.09148065722488696
0.06265623280846233
0.4303799895933801
0.522570815775237
0.36927746627635083
0.9180190504453366
0.3901282805659124
0.38576752150182936
0.38773127010387387
0.27706118427057014
0.31857640699797907
0.09656986342576013
0.09241618053066558
0.158884665793269
0.13842723681345592
0.7085673569562188
0.8029299565098729
0.8339505705620627
0.23078317870970877
0.27776624502479685
0.7579166967496789
0.9685692833022123
0.9984989103576958
0.6715999657236509
0.6472388889090358
0.6385761008869586
0.07375294069921878
0.11534078247790691
0.42647106178452177
0.08909046309714674
0.2796202478392643
0.27770932860957975
0.3255550392066764
0.8934694557166593
0.9422113512151103
0.08886858107187878
0.002572475397462415
0.002514191438781954
0.0037878123424672783
0.010607647808632437
0.6121188813622473
0.03809581979090837
0.04545683399013145
0.2127209496631911
0.4099335822993144
0.5319339969274508
0.07795238607631072
0.06739955376507123
0.00904271022290315
0.003657896555582796
0.0024924261599070796
0.0015200426172368164
0.001958811723997478
0.9998936482325433
0.9999649695400744
0.9999851965282914
0.9999711827266715
0.0018793659214738634
0.0015037977150986759
0.00228001459345617
0.003252134534965978
0.009073870137181306
0.06789477035916869
0.3567426484960926
0.2417701276271731
0.14830057764638693
0.14331076372971985
0.9712558480095721
0.9984845372187093
0.9972843039911633
0.9961295175784967
0.1800161365685211
0.18964396592219424
0.04299982963821758
0.6255906039053845
0.5843537684577897
0.5954923144032833
0.6070800615006197
0.6078259307267422
0.6073461502284763
0.5866622264886927
0.5756574054360799
0.7633511883428691
0.700129355008703
0.010126514482112992
0.2303379440539104
0.06731769666929044
0.061579188206704716
0.01391719920269896
0.018179139653955234
0.8445931344699831
0.7049399344146168
0.42925465271873275
0.6676173295820844
0.6568723510259733
0.1826342788558586
0.03598393084520879
0.033287745050817885
0.8949380967878987
0.0035804817969803393
0.0025115984543524483
0.003364368538219087
0.01278696632782328
0.2818237210632212
0.02490122790020244
0.015667993933785485
0.01640094605853204
0.016578432548135846
0.008067476905311732
0.052532874579752864
0.11044225215643133
0.04436293694234861
0.0388106589880598
0.970767987975478
0.7766501918141948
0.77619705501568
0.7657469098735765
0.24089522742856473
0.24095865887714607
0.29624345235648575
0.8471927080451609
0.654693708079787
0.7784588724443178
0.12345804821159534
0.05038406023629283
0.043829214623437474
0.7899594550142313
0.9920397511059542
0.993563411988317
0.9955475294992298
0.9894333442606708
0.9935404053781597
0.22705061478824717
0.2264825423182515
0.28759512496319484
0.8589277805558545
0.8610283352071273
0.95598769647938
0.07292568437476621
0.005611339175773833
0.005293155976813457
0.023676686667936542
0.0014132987595705249
0.0034378430596720966
0.9722165344543128
0.9722702944476059
0.99140285806014
0.9885342539464966
0.607203778898006
0.019925876833834177
0.008500756546514165
0.015172477618055735
0.29590885912422893
0.39447761108911894
0.01187799619511698
0.06976461515909438
0.11348431677156512
0.0712617199227007
0.12831734805094674
0.05111184647434286
0.009199511700671903
0.4946985057920822
0.4625360953380536
0.9408300259042682
0.010564757848205986
0.011927887847865581
0.513243749780874
0.9870827082491955
0.35044837814264784
0.5349142501311276
0.4117975920811915
0.9886698355563115
0.9889785852794765
0.9882436801369017
0.9939712372449091
0.8754785189958119
0.8151213027515453
0.5411172417154322
0.05169522704647511
0.017008559703249992
0.44377600594743905
0.5319392124928916
0.051364143370776105
0.4744601043118538
0.5129677206564549
0.6956596467393485
0.40702874203221084
0.3197898206116233
0.17463051258130224
0.06761123591082463
0.060503638528051296
0.42751579698356457
0.557936416024224
0.9752773397089222
0.9686138596064646
0.10874477596824916
0.09279582908644146
0.9387567592016179
0.7949714716589545
0.015087054859512339
0.014278726917982154
0.037130989585861474
0.014102110682421953
0.9897575081351075
0.9819323095591393
0.9961481259909882
0.9962046989477118
0.029276743242749537
0.027894443866098628
0.03669493759698916
0.030088891388689643
0.9940188443372007
0.8618138585858577
0.19359327363808865
0.12955057980551477
0.8534640946460204
0.9526772420271903
0.924599720734524
0.4694346550843007
0.33073265368542304
0.3661501222588206
0.010144929942404346
0.00417518854702581
0.04919833882372815
0.030036136850416617
0.8981872777581272
0.17100990398126603
0.0012236619959127282
0.0025638900988902424
0.0006834574378383751
0.02045505314793683
0.9915394746945712
0.08930070721193684
0.22281037690248562
0.27141908879601895
0.530224241450064
0.38446459443759196
0.008939535669720389
0.010195650760499109
0.13787376686446529
0.14067678863054545
0.18540054408055828
0.15223835104521244
0.7488334370282989
0.08072568914671763
0.021594820270222748
0.017154084497037037
0.06535891175304798
0.17420224268355988
0.8892791584214221
0.9773890967027359
0.9756003176502729
0.7030415454558065
0.7034336830362695
0.7036885147359084
0.718119209504626
0.06247991491899252
0.018978774794242925
0.01553936970416947
0.3346337283076479
0.2775585079346956
0.30847843925244633
0.23432856616065878
0.25611508746557377
0.9953432511289356
0.09262944294199249
0.014480938866118787
0.002050441470088149
0.0024328629334051666
0.0011562099233511924
0.0010345972757248578
0.0011472970896730939
0.1978873722111737
0.975376497595087
0.43204119866156165
0.9966515371304927
0.9882295051078931
0.9743570359946658
0.055953924287955425
0.02658759518962317
0.0090235630796911
0.005437548223092503
0.021334475311098555
0.033061168857234424
0.13091335778890711
0.9234769092036985
0.9217060557426319
0.8581382211670415
0.6098096915740402
0.1175356867183519
0.1476875991107578
0.14440887301381888
0.8386344745317442
0.8930851308719859
0.9138635297097744
0.09633659131342087
0.029548573507931275
0.9442281537396499
0.95668018292782
0.05829104570210675
0.04622365313419596
0.015822488895830045
0.02672028201444887
0.9980868883549571
0.9976236606262531
0.993909138607128
0.9977092806310924
0.026299916497438902
0.03486174717095436
0.011692217704845187
0.01404722978802564
0.9378388681149153
0.8710381943834731
0.016187136151258552
0.020171467893182804
0.9998156281107843
0.9991767869046649
0.9968177073731901
0.12437960019308802
0.0648798460895409
0.09202918019709028
0.9960855023600088
0.7533225566386802
0.9978961013150768
0.9988953582570942
0.997261806979758
0.9943813605912821
0.20650558833023214
0.07180823011303206
0.020708564666962026
0.00232718390806419
0.0021016282048330615
0.009085818501795906
0.0200902155477658
0.65008804631203
0.6354540382655802
0.40783994046697614
0.37628551050496695
0.26267251006442194
0.19790152568094121
0.1768073066310234
0.24411257157764588
0.4671254818193975
0.7674604372253837
0.7802795525333315
0.04007226405058972
0.011283856959882987
0.052038952660253046
0.08272789666275449
0.07469453011685201
0.024121557371668434
0.006557347217135967
0.9126936011866024
0.8069079724770714
0.9247907047992732
0.926445010239704
0.9880761199408928
0.9801287955274777
0.9023549795662232
0.8364672650448377
0.0030504585862159983
0.0033648027322787932
0.008212318944225472
0.012873673426869958
0.03060490103092539
0.03208508315064207
0.023914730647356053
0.5790790543566045
0.5047058557194535
0.5111621601958121
0.5211001986331604
0.8735267561685907
0.2983221043941757
0.2559453560612518
0.2880661685184671
0.26681363131993985
0.4970537941459463
0.4884111240074238
0.5740943511600296
0.8058530677397515
0.05815444224300881
0.05880191696151982
0.23056314433248715
0.9873969787392339
0.09515755405708537
0.09384201349422316
0.13057027655400744
0.8783114056317096
0.03707274320148046
0.008156536849365126
0.007252101775489961
0.0048749093488040796
0.8713837812692851
0.016087818846249546
0.11823447351671335
0.11259730347497943
0.0768433500996627
0.14277897244503723
0.9938947126211837
0.9918538141789071
0.9969151855839868
0.9803909031223573
0.12270329064864838
0.06870640930378669
0.013587282738489304
0.002595997804486938
0.0030312149927217424
0.8602532801615577
0.8369097934632861
0.026831449973674704
0.017780957231766314
0.12480252746010334
0.15092510065602982
0.9822264467842318
0.1062393590633155
0.10122294049069036
0.09404834688091868
0.9941224806306909
