0.7143886303170418
0.15870544976796463
0.030642658045577642
0.02304037688784799
0.26997173603378133
0.03615651824150112
0.9780145262409765
0.9831015562350286
0.9195291956052444
0.9595297046161715
0.6254337892366943
0.47056731255505657
0.4329033000981033
0.3993670133209949
0.48385240773003757
0.7244111349074138
0.9267888243663591
0.9713334107684418
0.6837292719758612
0.16241654214260948
0.09838009798169456
0.0014833518107142396
0.001503841870528877
0.9007946408301862
0.9362949951590211
0.9895076250475496
0.9863236419157895
0.09016745560079753
0.014237226953649484
0.013923114648014434
0.07783120344980521
0.4660004706941916
0.9315987810765846
0.10231775102689111
0.46520029916181704
0.009617894952658634
0.1458926135873002
0.068567205820115
0.2341363322025476
0.3375460148659849
0.3803745592028436
0.6604730919513435
0.3380079914161974
0.034879957832197106
0.06165383432535121
0.028156891998748268
0.02463582577114276
0.8878350113665701
0.19744411379325522
0.17034130149302384
0.021777732483409862
0.03309859092365519
0.026058640321097615
0.8657377046038526
0.9498480911077106
0.861188134730432
0.7400540837629903
0.6632313232237363
0.6374287850765032
0.5755151146697649
0.5680269251545281
0.005450559079407613
0.0011200887817200966
0.06335538369557203
0.4213029380890899
0.6164620370280968
0.07037408356780839
0.0012979404741084721
0.006246301520040465
0.08460128951802026
0.3346939850048859
0.9830120548302005
0.977638500482608
0.9982826395004384
0.42104212524459317
0.1443710694682041
0.06729760658525985
0.01422150592380067
0.01681373068883496
0.08711513888326461
0.052114238055380846
0.14733825895357
0.066448078436538
0.06500692857004242
0.19838225761078643
0.0018111902911295275
0.08607571144146697
0.15128017467363697
0.07992267897897087
0.05959909351639836
0.9216735641287318
0.9237938156182327
0.755554663139957
0.811823335539629
0.9989999285483578
0.9935960928774711
0.25556688478355927
0.22323627184611006
0.6083105202736798
0.6062138087262873
0.07227939514554738
0.019865380958357104
0.005479622463282929
0.0038155999540908647
0.000740184112677067
0.00027859854097678216
0.00020090167285946592
0.0014927141131795274
0.9999702402726712
0.9999990168675197
0.99997019134217
0.9999631306691117
0.9999965564041529
0.0015083384746068518
0.0001176496080256273
5.7655351475505157e-05
0.00033724330434004024
0.0029480987165759753
0.0034192464717268667
0.009457892008145286
0.007257103222499173
0.06421659467013963
0.004333432515410074
0.20145365836883766
0.19828136587877143
0.1875560129567042
0.20010177921780747
0.05321532700922704
0.07485934754138512
0.18671446813432957
0.7864569891979467
0.833041751194709
0.11563969546515696
0.10915701684041079
0.3375767946322783
0.10184217904139314
0.10688491267439659
0.9841413382490907
0.5281094446193162
0.5409086067383515
0.5233921989340125
0.7942183831324396
0.9751494400361544
0.8588385823136344
0.605401694831418
0.031028686908407987
0.16894513134670963
0.2729752614246521
0.8469659230658445
0.45190929444780914
0.4193078187556425
0.19306621191442153
0.23185426195656933
0.9947554118916914
0.994407104406179
0.00917433222644748
0.0013091061332340947
0.00016237846753430762
0.0020404959033343273
0.12684161607331645
0.9929835594253558
0.0007758101356353242
0.00027328243457103163
0.0005869353679870404
0.023148051401768344
0.00876640856732358
0.0005575845460421558
0.007748963770617734
0.00962476956202396
0.9993198497855119
0.012201503496844679
0.00025840474717109263
0.00016279183203271597
0.008053126792913146
0.0046452908556054995
0.005376792418001264
0.08202875450655944
0.048591455706675446
0.04027992308953077
0.01925479783065842
0.0031223523812402565
0.014753718175445019
0.02714528185827403
0.01995919018430148
0.028334378917548086
0.9720346279542572
0.017531503790588543
0.009303506221229108
0.008142552031665917
0.03717393470133612
0.9991230956964133
0.9652886235610849
0.5684926015045062
0.8245701149400724
0.09709227200551374
0.09158152544363729
0.1553110515877364
0.9409409238049075
0.3630398036269903
0.018664863844732094
0.016514219787834628
0.12074002525731287
0.9499216198791267
0.8783321048481648
0.9773382146774972
0.9489671127350897
0.0220561140579163
0.018855331134569164
0.017383819915660292
0.9783959045750877
0.9499812797598903
0.039619135333141875
0.03459447190647902
0.0298328046801144
0.9249865456498001
0.6303248455086936
0.6261106324342421
0.17188042077116672
0.040535092711163956
0.001360584295557965
0.0010039281246183585
0.9525206996660806
0.00042936328129117296
0.0028771091716875974
0.0009735836420089461
0.9977015510881987
0.9993153899628854
0.9993125571776883
0.9992593910486106
0.0038794105155248726
0.0006304170001127929
0.022882639085907597
0.974521583430818
0.00029704035890443237
0.00031018139333893746
0.01086726356826051
0.10663269450555024
0.9265978049009896
0.6117508527725615
0.7124362203497409
0.9942980329607615
0.03405032622430382
0.013022451567183513
0.026579977495633678
0.681005241350467
0.6813039286300868
0.05857051848000561
0.2322083738681614
0.31736312041297643
0.0960609646228262
0.05867546518681965
0.0658804035288375
0.41676527382942696
0.990319809381679
0.15099116413993408
0.06682970118858678
0.12035341100224961
0.44631597740198303
0.7866007163883457
0.9200270205579355
0.9441503582118673
0.014895181668534208
0.007144678267117177
0.010459766793786351
0.04353300392895709
0.9999725145658206
0.999996750118088
0.003155009929805219
0.0008736087266614234
0.00019782737831952613
0.005087187027846829
0.16626178258198965
0.2439580223195864
0.2916398801508373
0.375312225474
0.5816339284093233
0.4100654315572243
0.08025254756080757
0.004937409002086834
0.005038622741386667
0.9930052605379189
0.007914567869825473
9.422286740790042e-05
0.00010078778202970984
0.004837635710775112
0.9931269563760098
0.9930411464682801
0.9999261221051016
0.00523200940444446
0.002061332882187794
0.001878835066244755
0.33309308156669926
0.3469606096023352
0.3404088460358611
0.002649856125646499
0.0033246756119249543
0.001517758305953576
0.12771182612539644
0.007863170911725836
0.007897255778743673
0.013143362302773243
0.022216465291029053
0.9849412569236122
0.9748371179993482
0.5793084497473112
0.2021249097993627
0.5433005837197493
0.2615363023833295
0.8499115104382746
0.5097940702782384
0.6007251287701322
0.36185764533686404
0.4688695430147043
0.1810272140288851
0.42577056594659035
0.8356148288625295
0.08896840988707222
0.008497373285105803
0.02087690856184865
0.9050066818055313
0.999978231940133
0.9999327231521126
0.03145949170397355
0.002328637980300474
5.183044419598826e-05
8.455319359934599e-05
0.0001128895002316943
0.000761595928958414
0.0018938851200657192
0.00170037641325127
0.005005522914500182
0.017539764524813206
0.9958005287645252
0.025815074345174716
0.010239019842907648
0.019264170138376113
0.979907107791625
0.9743521932332725
0.9922799048434273
0.9989601481301696
0.999304304892251
0.9952355289121719
0.9775930662874962
0.9665767409767286
0.004736439216708077
0.02756890027033565
0.036719495355890475
0.9972399280892775
0.9993944252411237
0.022945509251755314
0.005763218973769524
0.003673440151701235
0.0022849835915345063
0.0004898450455113057
0.001724621625572298
0.003490515594142596
0.004495960561075707
0.007369492405798983
0.0373038423737454
0.9985616401459376
0.9990964310160034
0.9923564633135601
0.093101199422714
0.1022797696641653
0.015742412951164075
0.4424036561751523
0.18123208387063972
0.25580546646479796
0.12471394978269168
0.3250100672338685
0.06751045605663364
0.48000202069953257
0.7387731117374611
0.8787172382111421
0.7470487749563677
0.8188012705351927
0.22499762211305674
0.20484688037825782
0.3706136131403094
0.20601589455782932
0.062136972971225446
0.0780381524258652
0.04861952865020369
0.08180755784613669
0.0888386943865952
0.1675384389966994
0.10128030959665746
0.5479976639149722
0.10947738412111785
0.3957167305228153
0.251957594025092
0.33827822609702907
0.4608306144152614
0.1383011478613343
0.07570107796269931
0.016439748474818106
0.0272704208886394
0.28593947901400507
0.6922452286901073
0.7701308197253719
0.118244746344626
0.001627397013498233
0.04120614862337246
0.8931114584004138
0.9975617020566462
0.9991442317885818
0.18900106133339845
0.15639562032472332
0.15657486618728655
0.15592722141184567
0.9618850810858759
0.9937355514724426
0.9967295826896183
0.8463353252390158
0.02637243288254243
0.003707486595877385
0.011265699781838778
0.013545615446817316
0.9464738589073465
0.808719425758961
0.8221475239815911
0.8268643320663805
0.17382319482995012
0.15744958377638252
0.23900391682160704
0.9804016452985465
0.9835304409627973
0.9899848904166612
0.28204429564961087
0.2136650376154955
0.1607821958268547
0.3712863315829099
0.5766807279317053
0.834962949267202
0.8142427483053887
0.6464870418238555
0.6537169827576889
0.8610962203511577
0.8925525426595813
0.9263363302986474
0.03899182483194208
0.016380584151105326
0.01667018983722457
0.016227760525959756
0.21768117515658247
0.9676680465112228
0.9503514402144959
0.9697803900958019
0.97681743613002
0.9652003699942904
0.9552156449400735
0.9714781199577996
