0.02447169731662202
0.02191896133018878
0.020528052983229794
0.01849248637593426
0.011217238556666231
0.10216762164419058
0.10078568837290625
0.23883381520998803
0.5692679531993217
0.8620306751558717
0.3690641867669382
0.37253988138198
0.37588926792623967
0.38866948453558736
0.3770271701188693
0.513878865053256
0.5211156867653223
0.4209120641131002
0.3953477445502641
0.25339261712159755
0.5798216859378068
0.06972713640625328
0.37369170000924035
0.6771680101910416
0.6773406710175605
0.6790350421055504
0.47159785313991076
0.4724280110076865
0.9913124229717523
0.34094279233495717
0.3278501521452857
0.3398980641117978
0.3465546023877746
0.053887169933907964
0.04868534736571062
0.04765144985575698
0.044597266791972845
0.046052962318238744
0.9955687642110207
0.3075840151709035
0.6319594973924163
0.2201461385151493
0.2132682115690634
0.5677329960817256
0.8528047989449137
0.8662024025937094
0.9163798746258365
0.6704158120166304
0.7302698018089384
0.9709495016046616
0.989193479470288
0.9901294677455369
0.891656338271342
0.7737894504285371
0.07561110568104656
0.023016930060619445
0.00903258142719121
0.00801995142783829
0.0432584662328932
0.12649523317267763
0.07457629076773353
0.026533664214562602
0.8856159446496077
0.9969994216681545
0.0035799207461008065
0.0027287681199199554
0.007476287801543413
0.10364344290592475
0.9990175875387345
0.9958489301447065
0.21517974873226908
0.0037758944107200154
0.0028601882523243694
0.05828283913784926
0.053659608405232206
0.1635570902601503
0.4602723883886657
0.19955723376877232
0.9987131426907281
0.3274122594433906
0.34648189686962305
0.13042691935001482
0.00935492622884082
0.6876148196060727
0.26743181410040395
0.8209774713829667
0.8684595912724586
0.24818843082957975
0.00641443403057973
0.005928375020598398
0.9969793976337274
0.966943754711443
0.9454843018044253
0.999846631531727
0.9890309932613017
0.9999613853440101
0.048755632878380695
0.13999667121673198
0.05999328022942285
0.4476804196326237
0.31710457873178355
0.1425344388797184
0.050979779204817
0.19760314050329253
0.8476395614030761
0.13259869003837088
0.2579773608679464
0.8437595001492844
0.6798901434632582
0.9965122475631062
0.17331756088463557
0.1695419744948884
0.20405544286131616
0.785026474310696
0.012547163702738118
0.05687648288041991
0.06782831650312682
0.9982470930884543
0.9958485045229715
0.13905307825337831
0.14397231364695795
0.0028163906042414366
0.0036765141123038525
0.8629638223233662
0.9639805214638711
0.5190029219101406
0.6077793414225032
0.5760274865912556
0.03968762377597379
0.3309116110502345
0.324373506388282
0.9005133171295913
0.9981311622621084
0.011932480715500793
0.0022415178851771245
0.000901512929088133
0.0023060516610438064
0.0019516269825043953
0.0034150059907375185
0.022557916573749837
0.18238021073565858
0.9831365882783274
0.9248455340940939
0.8419812738540233
0.9424496000234097
0.9945890177791611
0.9794331449924948
0.9091161554170895
0.4298820720125103
0.32486297000927333
0.4763203958634802
0.8857115528875736
0.8265177898802951
0.9669447743851084
0.9994884621641668
0.9993967030332599
0.9991984361568981
0.4792979034087833
0.36613764556329786
0.5034268677461298
0.19846890855079935
0.011473128924830434
0.02331203708131857
0.03346883146652069
0.965073259755774
0.7399057805455094
0.7535671269916415
0.9956916912822324
0.41365320553733964
0.7441303401881044
0.944675868177561
0.9521483984947696
0.7906867517666203
0.3132239165866104
0.5454544523228239
0.9819987877143439
0.7106858819551618
0.7539072742886912
0.9651114761495567
0.21947792704172753
0.22896564838593858
0.014456713675817245
0.23612551243789104
0.0020107256723201905
0.0005574850135739995
2.6546784180236926e-05
2.4884340553255058e-05
0.0004313241021725034
4.5350139350697205e-05
0.002966339399154805
0.9999998984826357
0.9999997073859174
0.9999997906524273
0.9999997965706244
0.002969673850538812
4.2070340516175975e-05
0.0004311311483754521
2.4478534328742363e-05
1.063303433623819e-05
6.26959222276291e-05
0.004182647611533308
0.9226984037776491
0.695250460178422
0.9991911313329483
0.010691554012164373
0.00784013274981421
0.006866902630275118
0.5073788086825628
0.5106924380519646
0.05313560265841055
0.03942375295495526
0.040754598514333495
0.0015587701392538733
1.4604042920973725e-05
1.2362703017632093e-05
3.625345952773529e-05
0.003398524710527595
0.015292636393471448
0.05773667010741035
0.06378755099975819
0.10016183973933701
0.9825120981566732
0.9686993085638295
0.20745190728553586
0.030074063653915406
0.03599262238935963
0.056478040171826116
0.13004619085390146
0.9985103610219181
0.9983633511220398
0.9944773267553917
0.9952194457259824
0.990359336551653
0.14001662351302047
0.06210594131486824
0.051179279615858775
0.053292769747144364
0.22034095009834942
0.9470055940372569
0.9527764931208034
0.15353284369425313
0.017807242874859353
0.005243633292198346
0.00784426213468492
0.00587364789314504
0.009674007179169664
0.03484463456413489
0.06246443001548818
0.6024424356463924
0.6887631973238791
0.7474405920562439
0.9961474869328328
0.02499478400336297
0.0012423017763782962
0.0007901286223623849
0.5028869290825726
0.9999119613536717
0.9999043246289099
0.9999040537111588
0.5098059370289156
0.5095133473199766
0.013004256294143701
0.4908389536644733
0.4893440960829042
0.4972726085780723
0.593172896180624
0.4241688465359593
0.6155416014567389
0.401533701212081
0.1269017681150314
0.008034186237492302
0.006172282983077926
0.004257637594679231
0.00925909784539225
0.0036702166613010734
0.16590492183894068
0.9723461349653872
0.07089657482031853
0.008354191514425735
0.0017182796114179055
0.003134595920528116
0.0021538254061607143
0.06193453978440833
0.053908600773843185
0.12760440742559798
0.08695427756397767
0.7843065279496864
0.7055504333509071
0.992365286094068
0.06233479592880076
0.002956334073926148
7.721732956378347e-05
0.0008766378406087627
0.00011091681094099748
0.009541289732740377
0.999995913752588
0.9999888780759196
0.021509730173153052
0.15088251738462244
0.007067288692176654
0.05669933058217247
0.5472421488868902
0.07068273075471565
0.016212945067077822
0.45890340380249883
0.9792809999038162
0.9964968992837581
0.9020943001796349
0.9940462468437329
0.005699489080885023
0.0010964448899540846
0.0003823499614133974
0.008444652093402727
0.19404438130556378
0.9993979628058389
0.031248369481923888
0.0736709384844918
0.9958752121123116
0.9990989581654022
0.9999714480408924
0.9999595817803033
0.07282576978044863
0.02745567340203281
0.9987637815976236
0.9895182615139849
0.19680206060398397
0.016591027560004634
0.0003765689625424562
0.0011509867843896293
0.003507481754743247
0.9001750261969561
0.9967630507599614
0.9994947645240418
0.999928035465434
0.005111854798485638
0.007788665663673422
0.05820322840142689
0.6507749767768991
0.16101619514310483
0.25198726732867205
0.012737233018781602
0.1591972107536691
0.009842706729464745
0.00041081697036371434
0.0009032425605817185
0.0005187419775486424
0.0036259522455065474
0.06817041656429457
0.9979765606577967
0.9969476239058033
0.7051819739808998
0.004000576422772295
0.0027166221969084914
0.05974552499792107
0.018957426483941386
0.002419321100339822
0.0016070835854669063
0.0003668163189191054
0.0012819068725196114
0.03751934654390665
0.9575177033905853
0.9777361503626678
0.9994757339577327
0.9994056319248409
0.999528145326469
0.9351398177458882
0.974238696231007
0.0629080903858581
0.0016958073279526031
0.0004090933429059529
0.0004890298444728547
0.20116296026248504
0.023430811696928733
0.7699121823621315
0.8905757438399076
0.4626993505914119
0.2624566861666443
0.11884227164931005
0.1133193418727475
0.9621789992146462
0.6698071186868926
0.8991755189210402
0.962344842892974
0.9532236989887213
0.9852252277451482
0.9971076966645643
0.9923736202362127
0.695714468322687
0.9059264775001173
0.11803895487707028
0.12252614835041864
0.08032288243398333
0.13259092581401943
0.023161104964110724
0.19316278695461364
0.015517279149154017
0.00027566945277235355
0.00029146024160475736
0.020593715550805025
0.20192499616023774
0.9997041422958036
0.9999009449533903
0.9802073462042572
0.9994012938966562
0.8314970443595566
0.8109559772525186
0.7912507384638192
0.8100820289982661
0.01543864507578474
0.009760824962459447
0.18074329085178753
0.1511709959903894
0.16513676923414744
0.8762747491320291
0.3259431880096195
0.3660375033557488
0.6751893608896447
0.8166230243773411
0.9905845278260328
0.07278620747042752
0.002262956511103087
0.0007334621739308878
0.0011004175752808987
0.0033958809640246557
0.07136174185565769
0.9943902120463354
0.994192328148286
0.09822975498560427
0.06356229948903758
0.9999584279802075
0.05801437224140993
0.01664462541313716
0.004903750562834541
3.4322667560093834e-05
1.1262345712581556e-05
1.3815550142792787e-05
0.0015446311938390744
0.9999897776261398
0.0406824975980733
0.03913458298147454
0.052985366184723715
0.010076508978728138
0.007754866438564045
0.006798339225482231
0.05961537495689151
0.19799325422063274
0.02833241756847127
0.004877451996854187
0.006135600357024207
0.005554833506146828
0.00445261597425739
0.006614972954955611
0.013199921241573098
0.9956402471700774
0.11827150256679564
0.10269330401749843
0.10776737619344468
0.7453453498392097
