0.9940599759256998
0.9270646214377554
0.6283653282134716
0.8636254334350204
0.41267216598523115
0.22156109688065806
0.2858699494536545
0.11894481962660197
0.5503799541867396
0.5463347674684188
0.052902118525087194
0.0669039961551754
0.20422979443948908
0.47607000260650134
0.9814419445832894
0.5603885048052257
0.5564057857592771
0.573766538201326
0.7006069153061312
0.14215464297806835
0.0017992837209748203
0.0004609565552734507
2.1905989039727736e-05
3.669854706600528e-05
0.0015456941454157214
7.398189377871844e-05
2.7821639252190167e-05
2.3323731183411134e-05
0.002022352911726699
0.0002190796335407308
0.0002327564934883064
0.0002412681784683679
8.54337248222814e-05
0.0015543514214263476
0.0009622657168378845
0.02663970275657157
0.2746037287845571
0.003761996868455908
0.000353825728181989
0.005258827613691119
0.9486305417480376
0.9976893271177258
0.9994038465780293
0.9999374691287313
0.9999370527361022
0.9999270519271072
0.09928998033328362
0.14860580524246403
0.0022124212924781173
0.8519006847868484
0.12754488678176967
0.9998820745853332
0.026960981329607447
0.00019620286027133282
0.0023629608795850965
9.132920117804755e-05
0.00022481669337970356
0.9741874426328544
0.012958645821724568
0.013311049421434129
0.002000086471315665
4.181094571331645e-05
1.2360552643420064e-05
8.034849408333766e-05
0.0015246353292823756
2.923892171868836e-05
2.924503852708149e-05
0.00015576583742271666
0.0038041187971386003
0.18518752792003768
0.7523838047885765
0.6093487900959116
0.33878954437652786
0.3187328181328233
0.42559280973564984
0.40563517032029894
0.18504232364322193
0.16668656602315368
0.15094460735515025
0.1833010664017356
0.8477301832970122
0.8445387427112016
0.8721259326735648
0.9143683625217491
0.02559983853594905
0.026597583505993172
0.004571186131949956
0.00433565040198558
0.0019233575775212675
0.008351637820619762
0.004202153620559201
0.00014146965059580463
0.00012993671620453728
0.0008807996662628659
0.9956458168537774
0.9962232578934256
0.9996673134822885
0.9958510012034816
0.9957904055237077
0.9958106241720847
0.0009403169455278748
0.0028219970608448497
0.0019771050996401085
0.0048158107148524865
0.011686926528443164
0.001860977705163247
0.005564193460488309
0.0208033086110595
0.990987899806769
0.018666295561673096
0.007007911387686194
0.8985305827395239
0.9286899299614795
0.9458243463708764
0.9686478113735679
0.18639149944636468
0.06415934961550407
0.07077698563856283
0.03982960449197981
0.23071023697049975
0.3711346288463585
0.5028345981904772
0.3522484656582454
0.3421616382870849
0.36691346888869825
0.28638853661983155
0.2017113263554191
0.06064842457612807
0.039684811433660094
0.02430954685528608
0.023643588505761648
0.09358799013823949
0.16994114285460293
0.9635573860564335
0.9678362512392761
0.9481897138317399
0.8565526642747399
0.8305328780866654
0.20062145337183945
0.12699414061505654
0.21388341353407203
0.11837211592252106
0.12546397025338296
0.037764100320812566
0.047188997292268775
0.1690538376046593
0.4080157401010466
0.32757476205540936
0.520341687462673
0.5195957943409075
0.9794805275309105
0.17380242037516658
0.09120920420469947
0.10584821145877321
0.8983606307907683
0.38148608039680454
0.4201427914660155
0.3839013231440138
0.013241918447574719
0.06029806016610506
0.037987089878462665
0.04812999313242283
0.026183880568660833
0.02958636487654076
0.08413668241882455
0.9839897014852652
0.5646037922035237
0.7298702783950952
0.9555984138884013
0.9799004391391282
0.9801893939517744
0.890610314352201
0.9950949161288312
0.6492832999759073
0.700758756497142
0.10012441386164783
0.024686213324365935
0.01962845993436646
0.07645184962782814
0.18420730379971306
0.021669399084458085
0.016778314219824453
0.6377391685560203
0.6755319286908925
0.5798416002565343
0.1916324733592878
0.020585957368112973
0.007843140989020503
0.006215753619418618
0.003280780173803177
0.0019296851481421795
0.002149771401325551
0.0012089087035882518
0.0007753931399425706
0.00031816535803319557
0.001813767420311585
0.0007171817285035464
0.0005050933872234875
0.9998331796746329
0.999996230469719
0.9998283774185088
0.9998255247755944
0.9992038646588559
0.001120632540826394
0.0007057063540711894
0.0016529288155895383
0.0001501963766967762
0.0006447073194414399
0.0011031870229241125
0.002163351686191084
0.0019484634149283808
0.003074450236531745
0.005475880782268572
0.0062597894507648855
0.019928049980718288
0.1393057147905865
0.19098435855808393
0.22510793208709934
0.10733979388490478
0.06028857503212781
0.2965117921521767
0.5846302659994584
0.7285988409749701
0.6311486032788675
0.3609736001261842
0.07513558401720355
0.40245487024156734
0.0805736081303805
0.09981209113653278
0.3164741160255372
0.1957241781532395
0.08547279552940268
0.648702692365851
0.43250698076602934
0.7877684742865321
0.9786789353785663
0.31976036860181756
0.2617232356864535
0.2914529283715961
0.29056828463019246
0.2871662941156291
0.3108622300479401
0.2739296413120469
0.09299464728116735
0.729071509068002
0.30441491463606773
0.04747690648154701
0.06560570174184077
0.27877698991141364
0.21575993079650602
0.5286370041922046
0.46872478535554696
0.10656403800095315
0.044556717878367014
0.9663576211074075
0.691693702954441
0.6841108240546866
0.012835794112268095
0.013553666983527002
0.01546722232951847
0.22297073432438896
0.7841108774933487
0.9140321389836245
0.2807672223003782
0.20053578125919946
0.27573529149428366
0.886965345159567
0.2852411653873206
0.0858063899654451
0.12669059012216388
0.1298783927659708
0.13239986151648453
0.1527151143271015
0.8616501327909639
0.2686262017444254
0.08728268965789021
0.08763426135981067
0.7803354902172602
0.2112397145469459
0.029306271966619613
0.052445749208944736
0.22228983520968915
0.8073076795498646
0.7825469039005895
0.7868585306648719
0.8023070081332986
0.8449156518258244
0.8964288262127544
0.13201712363723506
0.004052480308801565
0.017040045286567995
0.21134956608903144
0.7615017276654816
0.09027123482547428
0.15314113245523697
0.18917711962630968
0.810455933451842
0.8511162212543875
0.12857632572789612
0.24631787398980654
0.033151608029996615
0.015324694414978635
0.01087208918127991
0.16591009429899461
0.7573908875752952
0.15460076382101928
0.04653262391520241
0.3329630524307793
0.9609018780720775
0.9560941410662878
0.7682479228187888
0.7711962273124391
0.9439226673156856
0.9403697579780783
0.3986747044217558
0.05310568300545848
0.07979970604824871
0.6816123874865098
0.6884353465654418
0.7565647109839807
0.9042059697599795
0.23036955934748105
0.23254456589209405
0.3603201756660064
0.7511514342502476
0.672185574906502
0.14452256474875613
0.09803069951949428
0.10316836747533986
0.31617350186607884
0.9884351861399009
0.834274827249515
0.5824539017530713
0.27692629333322816
0.3983958611268674
0.22745580070455507
0.07371780167248876
0.07823924831092188
0.017188022024974825
0.027786949715561837
0.07443412032701602
0.5795974326350779
0.1394252037290834
0.3001445799699769
0.16546504956547192
0.11381868902511261
0.12272252556544472
0.10072775250048083
0.06977507817969508
0.21426090869699688
0.6580681691673055
0.6676556572409269
0.49685329664264843
0.3543795172996168
0.337745559774248
0.5151219645380195
0.5256013504371814
0.5643988792463808
0.5495347070638723
0.21002996984736688
0.24221153513786242
0.33401267664100365
0.5162722130955597
0.21244381856700179
0.10388159513581341
0.10547225010318817
0.18192600153746397
0.4422776349518778
0.1250086845075945
0.09757037466455265
0.0735451209867295
0.43218177066543806
0.9752553232028341
0.9551371723350256
0.40455972670022056
0.0262817717799394
0.026365826596884245
0.08845552572828908
0.5461071629459983
0.37505403847581054
0.9362496231808541
0.8755367433891851
0.9084450387519651
0.8779511927102615
0.8811530069699771
0.8760728245660766
0.4629462167660148
0.22615228663980524
0.763455168905837
0.08462926846417529
0.05093365526040694
0.05864710172766152
0.17731324882691424
0.14004665530654292
0.06985168669835662
0.805626992945946
0.3514339131816513
0.46494971269285446
0.5835762504997053
0.9779321546606388
0.9633638317971778
0.9426763657646747
0.9527845797629599
0.5594814676014237
0.43160885711639696
0.4059474515099949
0.09220715634873744
0.054775405997818494
0.03498337204610391
0.03571465468485113
0.08989715138675103
0.12827023937107418
0.8514001118131955
0.1945599086417511
0.14791459010951935
0.6530575368666729
0.6079277005292827
0.5911923812269724
0.12175203566000514
0.08795009747180005
0.004186077695966572
0.6939358634755513
0.9939726890210981
0.1010265245963502
0.002813253312801911
0.0005214406918425674
0.0018449127609784233
0.0008959502235230676
0.00031164376878722866
0.00029257334213028674
0.02856074335977521
0.9997788459486492
0.0020024024454198264
0.0015669956237216454
0.003949915586560437
0.030131737393076397
0.9998377772968896
0.9998371646160569
0.9999102350755256
0.9998095786997583
0.9971446562024768
0.03277715390815439
0.003635432892384105
0.0014765208824776277
0.001965430260760459
0.02858074435934821
0.00033865904891816623
0.0001496205600514111
0.0007042109266549579
0.0017269407921272073
0.000366598012742525
0.0031351115212316927
0.09108560436260826
0.9078084040109112
0.9974004234521876
0.12037068644768023
0.1186357818945093
0.291831084824683
0.8671930273902877
0.9110876575625662
