0.9318349597904356
0.8179819871524696
0.8942665415811283
0.35338892747684325
0.07377774631415468
0.014345483042519036
0.03927543056463978
0.008782756094920074
0.12375729712305494
0.1684073085538439
0.18601184887556732
0.5784661309404336
0.9092421376158766
0.9934731084404895
0.9599803919891697
0.9190182031900086
0.35022592771833294
0.29150442392743725
0.44851519845471854
0.49677130843023043
0.560695939330522
0.9028924899151243
0.2827011581041353
0.0806682838822288
0.09676151729176696
0.13801894027224682
0.13442107918934654
0.9448523273535027
0.9409920005372111
0.46237173395120656
0.5295062719819905
0.8848462849582026
0.3547399835437055
0.19027261435144915
0.08758763250626855
0.25600828135265075
0.7499082368134795
0.8524465165207213
0.2236994977571225
0.0027808659369581434
0.0014016338612317103
0.0021684458896271686
0.0006226988012587586
0.0019213155804627124
0.2355682733638329
0.992418427012584
0.737522710417316
0.7104268179189518
0.709540499365334
0.6995590343065081
0.010838437695639191
0.003448456729541416
0.011754588193391147
0.061071377231874946
0.047091572662159464
0.03228621305324386
0.31116245625926975
0.9916835253560191
0.0030335227439171053
0.0001343237266072661
4.411594679232245e-05
0.0004032716581120477
0.0022936004524803932
0.5555385203922807
0.9999488540838988
0.03419105697342162
0.00016772783726193286
7.88338699614366e-05
8.729139481433723e-05
0.001399629368382671
0.9999802701075526
0.9999831213017054
0.01472146688452347
0.00034878347769351503
3.901393845140433e-05
4.747645278502244e-05
0.0035084920231156502
0.9999601377843055
0.9999930475745629
0.9999998046041226
0.9999905943589019
0.0034799613152788345
2.8730269859833513e-05
4.833199202558536e-05
0.0003389911358201436
0.015066440663413894
0.9994539492703846
0.036800823419883555
0.00013485222834719313
5.0735934132517535e-05
3.926864566294874e-05
0.0026000800555698866
0.9999607147906681
0.5521360640573731
0.9999989446110648
0.0023043517097458555
0.0004007236492757915
7.153171684481929e-05
0.00010151875351382955
0.0023113606726447022
0.9607597240540245
0.9554715376407079
0.7029034118633394
0.7187166176785024
0.1090191120065479
0.0036600894191972655
0.002866618131443177
0.00024247144286326794
0.002052132134882756
0.01124501280887813
0.9996204632570425
0.001138366568649407
7.831383882439535e-05
3.402196624791021e-05
0.0004297754635221862
0.0016781192712798099
0.9999813765994718
0.9999719738606373
0.9999491343987627
0.9999354239590006
0.9999624115926455
0.001688705165788118
0.00045217030277044934
5.319359907518528e-05
3.361428127734989e-05
0.001202814646892314
0.010429856847299135
0.0012381388509602465
0.0015755197300268975
0.00116089038024636
0.001294943685505423
0.03242870832095757
0.8567523542266811
0.3960412988772878
0.14494256218448864
0.05371638241340482
0.22312111378696753
0.5145204899132237
0.3735608837211155
0.7299920700647358
0.0597130872464291
0.07175931181546236
0.060118056704935974
0.20795854644574618
0.4533605170373104
0.6302129414767708
0.740595076003848
0.36945914546677483
0.6060122549780573
0.4278335755336141
0.37199103497623964
0.14167588769918238
0.13445606647074093
0.227269132405572
0.3879383938888713
0.43856356680031805
0.22359448136976223
0.6446355992207883
0.6591288367685704
0.9421798962387101
0.9850395931489454
0.633878283883978
0.4960613693963212
0.5050683672748233
0.4632307346407377
0.19266922035224365
0.06156242917925159
0.1173342525324681
0.7246625287337272
0.7234995277174036
0.7892057991563631
0.1159555466511688
0.2736338647839761
0.24122920595937347
0.23152558570950044
0.05901652778163857
0.04370953241035669
0.04915536176999169
0.17774455120131027
0.6674443920164567
0.12666447210401643
0.22359896640437782
0.8372968958214223
0.9165827962365335
0.002890829449635701
0.0008436712638373312
0.002311826480295598
0.0025009466622269994
0.9968297423194817
0.9998533865167032
0.9992937876870552
0.007665612496665197
4.5165062626639774e-05
2.6032933150066384e-05
0.0005264198600011261
7.763518002612546e-05
6.810524287093056e-05
0.001386217565128467
0.9997946915502898
0.9999686744389766
0.9999688642622031
0.9999669533354197
0.0013240229850605134
5.56499883719308e-05
6.46962043121535e-05
0.0005272001401186444
4.935367565361837e-05
8.686266717927715e-05
0.00697094999116199
0.9986936639152338
0.9986157939334351
0.9958225008580921
0.98839603596213
0.008054106050056298
0.001199350441260627
0.00030155771286066724
0.002164178182442633
0.8751206385424529
0.8328975540081471
0.910529771689817
0.4335337364783821
0.10915738095422312
0.17450945264922624
0.06713608384784608
0.06809094316865183
0.007791650160413166
0.000194782864905374
0.0016830550139811384
0.00015642611046307042
0.000303438400790057
0.0001397891278100971
0.0015422391996688933
0.9714304487123607
0.9937097234582645
0.08720237021794475
0.9994829909857701
0.9995882733005828
0.9995778039718
0.9995299976526191
0.9955828478911701
0.08410060302931133
0.9747752426665725
0.996707806844712
0.0040758994809623195
0.0012315255084237586
0.0010668976854286694
0.0007384267873747907
0.001990169491383642
0.00035093105456052154
0.00875222847531465
0.0037795380771370457
0.0009820455345151968
0.06123031736880935
0.0889103533048633
0.15920934374203177
0.19017973779985486
0.15172099664140537
0.19053358862441627
0.1942611167207584
0.06057597631879219
0.01202897717203677
0.3633160923254597
0.3406936084273534
0.417952044382072
0.3678135471139903
0.2028861931218906
0.2531633125831705
0.8283032994409866
0.8173828374475589
0.8012765378813125
0.8624413190368989
0.7983441645991126
0.8239904177191179
0.9903452544680483
0.9908630996688016
0.5897074308536419
0.5613853459915747
0.18356913832915134
0.42207571670718536
0.05461791723205334
0.005108133892840927
0.00543320488402832
0.04023667756902494
0.5977757358680815
0.09681357693848902
0.22075706076180246
0.9872548496949328
0.982709319365684
0.9519650581990067
0.5624489245744261
0.4022298603476492
0.7663690545524029
0.3053627165124636
0.008958599290205704
0.029628921728276802
0.22548437551042244
0.13709217413755503
0.06958473294690559
0.3432502580939475
0.41434094423597434
0.5679281932414764
0.522728536039297
0.3352048151828362
0.6341260322232718
0.861833948124841
0.42437152677447765
0.3737776143216782
0.2368964417420636
0.24069340697904207
0.2010404693579031
0.15607685996444887
0.0883554443982344
0.5064130283393025
0.6150615458498163
0.6406037254767586
0.6355965854385908
0.045745972770985244
0.3875040075492697
0.502343280857441
0.9496254400311201
0.5703233418482345
0.4112077725116089
0.08509001028807128
0.11477107692688482
0.3060795958422393
0.10078540204230912
0.011459637481949003
0.030036551003225553
0.03130335608619628
0.0041428946762605
0.10693524704550694
0.14876747648937627
0.33940296805770753
0.7648059205849431
0.8901614076215568
0.861944465751554
0.1080786276920972
0.06034160747554007
0.8372427632404751
0.8667841790789707
0.11604571804860964
0.1217695180478312
0.16212261146424223
0.17133579242862085
0.13590420069948295
0.002040935499129426
0.0007512191083242081
0.00044500308532724464
0.001828861499878598
0.007416216934785114
0.001163472828384693
0.04356943927537371
0.16653616587156606
0.8998141106276992
0.18999273259717409
0.1357765100487589
0.12152401846008154
0.1104673847397899
0.025804950278508487
0.8968785431403576
0.8777471820949934
0.9440651626306956
0.9893932805105471
0.4552248155995232
0.11263471986592
0.14046812681790133
0.9756639891365037
0.9079991069130292
0.7659032791023745
0.9078594245960682
0.12149881501560933
0.018973822348222202
0.07649852724940209
0.9946002247436695
0.9977387683150863
0.27073347920217605
0.010224102892726128
0.0004008588772062005
0.0013359953997503782
4.187487351303698e-05
4.6066900387997656e-05
0.0002978725062988685
0.00034363098554601734
0.12690636881106843
0.9999219110400794
0.999920993325655
0.9999205538817808
0.12682717459330606
0.0002636225755971999
0.0003594714306681679
2.7096363293788173e-05
2.7331847702094514e-05
0.0014123812377118128
0.00033483741496598274
0.010608277376786046
0.27190521011373114
0.044178324196045504
0.026686714572569326
0.07701838857262067
0.9150324805531225
0.7502009698090476
0.5841854374717155
0.585514496445424
0.3049390912200256
0.2840717487024508
0.3624731970264077
0.9985192458889303
0.9981892000847798
0.01957808522567206
0.10762676870034704
0.11754368470097798
0.12876424916831597
0.20445436243488646
0.9893003311304173
0.9968331421486233
0.2717833139801912
0.04564288428248697
0.09678001553406801
0.10766405449811556
0.0029403320315833925
0.0008430855260274095
0.0012258706762755534
0.001094735856492779
0.13104900088731486
0.9272862048632707
0.027176707661980548
0.000294135001831175
8.014649023679876e-05
0.0001442179938389021
0.0015245164260617727
2.7163798936635786e-05
0.00011479239524658791
0.005366497661796421
0.038949324549677256
0.060616692080770807
0.009771739001677271
0.02104885032095305
0.14190677012808806
0.9999675612379275
0.9999660293817211
0.9999476721583538
0.9999424683370871
0.14932539640842712
0.01955778807850761
0.006206110192772951
0.060595282944760354
0.702720511044125
0.1861107056647633
0.15304798462638114
0.0001165790263042421
2.7509732098529582e-05
0.0015341453897360635
9.341359351600076e-05
2.7469629756193825e-05
0.0001799966375666262
0.00927292963479942
0.11637373575476606
0.030200464072008937
0.011214921419102408
0.03721911806534861
0.8688790674225827
0.9012452900874085
0.21750044997609885
0.2484456845355969
