0.9997290068361763
0.6220831934378463
0.6101715418026497
0.9999398218948494
0.6416112671816894
0.9296114322321263
0.9999591302562227
0.9999048539305103
0.08323153714112119
0.0005005258078091268
0.0003648582144905044
0.0012491376644375718
0.0007248368282256612
0.00018835381191595335
0.005105280348285057
0.4932348158642952
0.3849563552782499
0.018136002145764274
0.018871945659256095
0.046405177946921006
0.25962561339343815
0.42410405171753407
0.3772679885576512
0.5006174900084907
0.8519668016098798
0.808973750522389
0.43417011130870353
0.5488563350186405
0.2912435842275358
0.6083117287791555
0.12277215748963477
0.1850141391129101
0.1473761539536621
0.8608217709506647
0.7706148760914326
0.1628031066002844
0.17301393451136304
0.26182134277646185
0.7764330041186673
0.9028449165004945
0.5944699397829151
0.5379692586826714
0.9611316942440359
0.13941843639714546
0.009134704372991242
0.0026052274041363788
0.19079047587401843
0.15766310746787948
0.2195553566347832
0.811117774693546
0.8128917929090391
0.8453510031528891
0.9898256518945934
0.19791064088123356
0.18041848366649382
0.1647017917970992
0.026196485144991066
0.0241161386828338
0.14621593040319414
0.7516295614526074
0.16811726338342803
0.1943483578966294
0.6847409173710524
0.3023507651810613
0.3062091207676847
0.4948743739001489
0.11520377036096485
0.13771601933253275
0.18848271347786583
0.7474186077459807
0.35015525040872053
0.07434884752044779
0.0814823343316019
0.6172917662141026
0.941557560652074
0.6308020028766805
0.6114458335501234
0.919085791341308
0.8632934670504052
0.7630503651559803
0.34730156742972984
0.1692137440094722
0.1733753360234166
0.19365076879111764
0.8539241110218081
0.8552706912718817
0.9209776200653975
0.8758231700524401
0.9689342289789469
0.22772696522917957
0.10062855953442662
0.2505724917241169
0.20645464824517
0.6876226370930782
0.7165733983832929
0.010472842389104398
0.003029324602492056
0.06310120933267405
0.028196032924194037
0.023782936446264502
0.07819042302089341
0.032368423759981835
0.03376733056022885
0.6611254267101949
0.6743051354216578
0.5192601610586095
0.7782070201742914
0.9426455399482353
0.9928721294495604
0.1454879242961894
0.0696830930320278
0.9938401611987718
0.000704529216769223
3.413587269229801e-05
0.0005914281636822949
8.889812164181166e-05
0.001905870985026259
0.004523327389005405
0.9998846237341285
0.9999719842697606
0.9999982394104495
0.9999931667086066
0.004383172495751264
0.0018969447134566941
6.779087881902957e-05
0.0006089042264381117
0.0021975616421501254
0.0029943731146153674
0.9950690938728268
0.06523629170310152
0.15928926574023683
0.9882067478458305
0.9976780613812837
0.5086867596799846
0.006991206699911934
0.0067207192026054186
0.31542489074586366
0.3953228359266677
0.5505204603574257
0.9366478670491589
0.996695865493432
0.9263209861721916
0.27512651060363014
0.0034516706813915166
0.002548804535618676
0.0011926941874700336
6.075453813103593e-05
0.0011676051176274793
0.0013284939955815478
0.0020774099309324168
0.0023036767656322565
0.0006798846963584904
7.714246070189557e-05
0.0066584071846110815
0.9999966479150844
0.99999491300496
0.999994938468185
0.9999605973808376
0.00666117660335086
8.213962938630193e-05
0.0006735429970126106
0.002312301514391879
0.00208735505346469
0.0013365670587305312
0.0011892072087681393
8.996507369007922e-05
0.011145179016039175
0.012523582160801738
0.018673816624527828
0.22561040266484667
0.9386909938590977
0.9828798021866778
0.9782679269903153
0.721449909739269
0.7181362659377412
0.4458473715847131
0.37336288038748155
0.45246341415868185
0.4556557206289762
0.188087731689775
0.22869497114399384
0.015399351424263297
0.012567535721936585
0.005490071406449193
0.13444305190306283
0.1266766272148433
0.005640522609660414
0.008184787701859708
0.014978279112766058
0.5340374602947374
0.48814944022131745
0.1319536724387954
0.43787560191489094
0.03617309507729649
0.03024968537161077
0.03886659897216216
0.1545381667016782
0.15324880429132148
0.13465851844213428
0.5896574975997605
0.2105132982787279
0.044062675889502634
0.19020275855064184
0.49359026654735305
0.8439570950464461
0.4537402695712196
0.4146897280375572
0.9756240777479183
0.06310293851845084
0.03807880279609055
0.13645698448081478
0.9872061509018005
0.9870657506746907
0.20716072353762272
0.009541653767397795
7.609516626483348e-05
0.0005894440745696228
0.0006412885605592278
0.0022244452382310653
0.004980033555728736
0.014428355324630271
0.9793223603283258
0.7330935463412461
0.9999903408484132
0.9999967162836293
0.9995223319301207
0.7648431606380384
0.9678030341947172
0.0009754830092462141
0.0004906105243193126
6.90605878441719e-05
0.00044439911954541333
2.6256023441528775e-05
7.75794712879474e-05
0.013119299629529846
0.21084960495552174
0.14298954943404674
0.06429795817307138
0.049096916429889115
0.6285441396139471
0.6708543332712732
0.767257414898086
0.5070236401592654
0.5213928543845734
0.26089937470346913
0.19345545587448276
0.06275619437020508
0.6250384272500209
0.7267457039829001
0.8676125323121132
0.6971934588676751
0.014966383982750187
0.007398523951630098
0.21923214512548683
0.23183519548108977
0.21939278123208017
0.023705312131317657
0.18083157554184726
0.44786873087283474
0.5425219526915184
0.5475829096638829
0.5384790933939494
0.16457888558217826
0.10486834961631908
0.560353199512766
0.2990931105736462
0.6561298384544538
0.42376836185186106
0.16841831738901836
0.2890508195104394
0.4732255740084228
0.40020834297248975
0.307961780810446
0.2711280408286352
0.7989273362658079
0.6264808441235667
0.9916996405875226
0.017776124403693472
0.0036976526662300113
6.779964276937278e-05
0.00011496158635637688
0.001899607910295864
0.9999468560337124
0.006411820653595357
0.013472211139464951
0.028525933665910053
0.9998911370597406
0.9996407117599806
0.9999193461108157
0.9996458204258344
0.9996974452653936
0.028423363862970175
0.005433403343051868
0.01466960454631927
0.0019593627891152376
0.00010123300066389174
0.00016250633482584043
0.0048506055614804255
0.01903020852083681
0.9987618887250852
0.01675634838199047
0.00417365916964163
0.0008779693890840212
0.0014176859951351428
0.9964844168497233
0.9967139479388101
0.995144372459848
0.9970120202932179
0.0016604313798563863
0.0013667664905645527
0.002986721566768935
0.007491382999893603
0.5377491314330362
0.48216355205949235
0.6272256282106563
0.17617337004567446
0.3227974704173605
0.31106136313831434
0.1947386074090579
0.225465834003444
0.43016027370358123
0.8005264924876953
0.46396323596582656
0.5347553607690685
0.6043590660707723
0.7957704964044691
0.6117295374344796
0.6503030695949961
0.3422204179064464
0.20595489914482967
0.2477692667883663
0.15051474296317913
0.5644946253612884
0.7280768078424406
0.784089258410016
0.9619835301006608
0.5009046096136455
0.09960069409485628
0.07625560754139116
0.03733489857975547
0.019890096739098917
0.9102281526542872
0.9176658696666576
0.9637337108841477
0.9878098020792272
0.011699052201876281
0.01041238686748347
0.006744318754243306
0.057767568723207874
0.49229790110503924
0.9039297279554509
0.285057881325129
0.07306082439326056
0.04300912737247631
0.1529111364782002
0.06330345717952846
0.24451358677027457
0.29533186622593754
0.429295590987689
0.2306188188462005
0.3928658880923773
0.1861202881769911
0.10292855046521199
0.5578423133750104
0.04661283916491965
0.36402848861931525
0.5651120462880617
0.3598144334486003
0.5368705751082132
0.3670768846223834
0.29141518674761757
0.36375607125679166
0.6775278469976889
0.5286324817947842
0.7043835523329599
0.7365267289094244
0.9860574720274257
0.7920399920468559
0.01732699474526811
0.020222267599233956
0.2624352816779303
0.42390932286701355
0.5085441614659272
0.04278878977225553
0.10385041354270774
0.552240079054737
0.01563011112364865
0.06357418171205542
0.03675562021870338
0.16056266495092109
0.17173672104600812
0.6576681235169379
0.6577323024142225
0.5247634898018019
0.47945415318547546
0.028585104610830747
0.07442837871301189
0.256643242949371
0.16005119043497174
0.5596434248849114
0.14090161985764738
0.0023112661601979445
0.0013405598106042138
0.00013646112934362353
0.0005723078393827796
0.00146900210429457
0.0014551224981622646
0.002457497332307379
0.9913623418773204
0.9835882988631519
0.9408424496057988
0.9114516365336517
0.9994495245382321
0.2841146762847975
0.3475887125253232
0.9995079880332016
0.9991848087854145
0.9996289981950538
0.9971196160536454
0.35195902260404355
0.19671538503760033
0.9989827051889398
0.9999123261199382
0.9182710870952705
0.9995070410772786
0.0008653793019851586
2.3807719774948666e-05
4.796274235352449e-05
0.0005848362117075734
9.205537565470934e-05
0.0013619670933815442
0.006053671379191106
0.12131909288588205
0.540499013273263
0.7420190247636343
0.9878486257075931
0.2190548979934186
0.09244446019309638
0.08699303621525445
0.9328412907380601
0.8405645739040388
0.833803035205287
0.7162932473938983
0.0506098710649987
0.06666812817424073
0.2217763184160766
0.9818559044779976
0.9910606556656149
0.5313895676780872
0.3798875387638627
0.2619789595152765
0.2066007968830662
0.20599712893091837
0.1059068692871209
0.0048651583895102934
0.0007836791293514
0.0005607127294646741
0.0012771000470264138
0.00038163145708891566
0.0003191127908122038
0.016747156490383497
0.6921819305474878
0.626496664978807
0.6194685839730658
0.9454578375844995
0.9852361415581391
