0.9625391162541939
0.9046000402511613
0.9570724216904003
0.6962294935603756
0.7180877223043105
0.8075367463267408
0.9629438547065563
0.8714997317240611
0.6537808240109033
0.6209751317790857
0.5981011617762222
0.6735166932584313
0.2715492959196677
0.4213413642772743
0.20097217881678442
0.7729348047996225
0.873075658991013
0.5759510571911903
0.6987492645335316
0.6735847311827206
0.3065542874685778
0.2755942084796261
0.07105745188743628
0.6069873084499207
0.9119432145047641
0.17037997880217948
0.055807285580434685
0.07411160798437144
0.03188136369940853
0.13006568964685516
0.04522670957440866
0.05440703834123539
0.03787449778264662
0.9867938711188421
0.982799957366748
0.0657475034356837
0.03439653229674511
0.020882930834748792
0.4752615065293512
0.9949935081660285
0.5017803734093498
0.015107222509081364
0.9148322139550857
0.828006805226583
0.7740114400488898
0.983823744505003
0.05356733077592646
0.016619981002658712
0.008464934396892776
0.01281130240431927
0.01653138280837385
0.012184849512148266
0.00935861926020054
0.023950301025006615
0.9884214505957687
0.9884868101520984
0.9885692337088736
0.9808025443346515
0.014532913042619167
0.013696869652110255
0.004174405299497752
0.00038362010752057696
0.0005935102863348085
0.000572938469220019
0.00425623977177958
0.0504736257739532
0.9874191676094628
0.9576383482521356
0.5845368839857341
0.9548807779520737
0.5488833464531044
0.011029519216837702
0.4781502547258404
0.36852367566119903
0.25960630878926494
0.8701761024196877
0.45008372004081987
0.2524771183030753
0.19234320692640972
0.9179473405579633
0.9042268653291323
0.4911591478385502
0.4871999364304693
0.6042455862383675
0.8740276118840669
0.6713536207859465
0.6886106310547389
0.9958755425603513
0.9766463979086035
0.9652854825975105
0.09847405862676217
0.0014953479940040815
0.0002862134331744759
0.0010015067469025807
0.0020244236251579784
0.0015877808578983466
0.004720466658026057
0.9997132116718218
0.9907948781438501
0.16068858640408046
0.12368030826702403
0.9248499929391416
0.8854324610440366
0.9840623033145061
0.031816109838956774
0.010107552746210668
0.008733902106074498
0.0033954667271217653
0.0020734672756187456
0.0018115475547711979
0.0007927525120930978
0.0029726663508892193
0.011987956282452084
0.630386752839701
0.02545527357654387
0.25983414611184996
0.3570325356012414
0.9687232851611157
0.7302812567924062
0.7426328866736989
0.9718438718326308
0.028951895249093695
0.00023723590697732888
0.000648215794266993
0.0016917676913910107
0.000418546905435524
0.005860793693356903
0.9992208059196735
0.9993108392954374
0.9999102304771771
0.9998989941320849
0.0064023973595747075
0.00038491434712240036
0.0017934179609537804
0.0014567783685323077
0.0004661828158627479
0.030814952258220174
0.9769525331020632
0.6910495537545276
0.7665385040999411
0.9729954300719297
0.9525587803436479
0.9984742635259485
0.011502786631702455
0.0038144792808704198
0.057018359946292674
0.1914680191560597
0.9361139627964423
0.8498835261151767
0.9623698231514908
0.8176462765556622
0.8077355157382525
0.019653777511037918
0.0007937995704230261
0.001247824989002666
0.8867455770666882
0.9995548926337786
0.8073942698225187
0.7934441689247649
0.19136082665139065
0.19451258087281886
0.22895571576166018
0.8187326304935009
0.9964720082156554
0.9134174526709437
0.9463627735173593
0.19793119276832416
0.003052184607105546
0.011288219655241849
0.19861559270838403
0.5835949745781651
0.40608148850178905
0.4051081987741961
0.7998086198403656
0.05332254902077316
0.2477888916552885
0.9286543979454189
0.9590415787983259
0.807748815931623
0.7333860686310767
0.06008400448828599
0.3040747196017245
0.19648721118429568
0.003297942562586087
0.06904402992676228
0.011093071236270458
0.9671558569109804
0.006132382875647213
0.008582285850286309
0.0022022117593372137
0.0016016532153928509
0.0023894429651564186
0.0038851236487578156
0.0046411502879826205
0.004360097220690529
0.014927947235278793
0.9780887071549172
0.8818172131723179
0.1513768957459457
0.13535064984103784
0.9561041778524112
0.0039025779518691017
0.0005406230411721946
0.001212215680225892
0.0012772136206039564
0.0008922808927834813
0.0032038526728563888
0.10628325224740531
0.10857739491596452
0.013253870548161073
0.020222936988914753
0.015938113092180406
0.027590227149942526
0.13849745344233233
0.998231112949523
0.1295122469594554
0.03668378122463001
0.2111087092442041
0.9997962539629586
0.9969789329143105
0.18335178849768585
0.0063849949677379225
4.910839799954214e-05
2.5108925635453083e-05
0.0004349875670608405
5.4465916625501265e-05
0.0037036948855146967
0.014453360241121316
0.9831568359599125
0.7356706840757742
0.9999955545833228
0.9999963083189438
0.9998710422511274
0.7642484662966935
0.9714203632256827
0.0009645396856591271
0.00047765774506225434
4.8805516949634864e-05
0.0004327942570976351
2.0703529849064317e-05
4.559871146270211e-05
0.006723664031509258
0.18552269403439126
0.21407333321845556
0.13150648790497377
0.13290341134159323
0.8997396104117901
0.9903096432623112
0.981055688995632
0.14115581165078406
0.019326864676181277
0.003156569370620921
0.001338982004634337
0.0006283380885901968
0.07390436996543515
0.944166227481761
0.9943552976238113
0.9969181927747318
0.26336274790423697
0.04693103970425083
0.029002069346742876
0.05805332030674881
0.00856249742618087
0.018653724218290257
0.0019945537947184677
0.8037536897466825
0.9398371255665847
0.9556396575025872
0.9744135511072713
0.981020937638249
0.9497873915595426
0.9470751547225291
0.8740246189630196
0.9367759566805431
0.07586292368470215
0.09357604096907879
0.04278360777218004
0.032061458821723954
0.04652402582223203
0.034932283661399555
0.10743168564458161
0.6451972092033114
0.6676282178251068
0.6530753107143414
0.9611445727414182
0.04994195759841591
0.037368312709836315
0.03689994810035535
0.04269981414085866
0.5235690993576643
0.5231294259452253
0.014788820422960924
0.02566462972686967
0.05243105556009986
0.965204033682794
0.9746286198752596
0.9742281389924512
0.9527407238077573
0.9782825520139654
0.07462226678666017
0.05558718710321775
0.016739902915862026
0.008735150695031724
0.001051114032632694
0.0009286410306273973
0.01759529335462484
0.08230543626317133
0.9946407896497846
0.06012475064346623
0.0037549597042534355
0.0001790106350731957
0.000710528645602504
0.9446992446576951
0.9449527284330129
0.9450364185580257
0.9892174264637236
0.0354380513506527
0.050704360731083864
0.05570575746770723
0.061346393512337394
0.8744471655366545
0.8625055564539813
0.9934431820215142
0.06570866916804263
0.0300764557219535
0.0652754285328464
0.008075594941956976
0.004638464826359878
0.01137628067817964
0.9259656036622436
0.658983523008827
0.697760933955192
0.9359227689585918
0.8496761271750678
0.9544429037845525
0.8813293747497589
0.8862594981212157
0.5260390966805786
0.5933760548848976
0.8492485349305262
0.9519625862531643
0.95712372082336
0.49870056573306965
0.12525291054287435
0.03231934646241674
0.03303906155076519
0.03484136385761172
0.9989560214270458
0.9963176253697158
0.9980562608257434
0.9997212947169644
0.01961221791620782
0.0010591181952873674
0.0010329727573413772
0.0828676543426422
0.4163048830077617
0.8789627342149615
0.23486560028247383
0.2847583513610654
0.9478051328422823
0.9382173794826069
0.028331532973880913
0.017510094981899815
0.003389858884768171
0.00376849506382837
0.003011556113038605
0.00497788832816759
0.013549979223530406
0.006484608382919865
0.05353199149847021
0.04890153498849614
0.082484416901765
0.027527713407100918
0.11017543501844462
0.15943136750000164
0.95088603941371
0.6569524928623499
0.626510052227949
0.9968736339546296
0.9180817518803773
0.9556622436490435
0.9340950996955268
0.06613164902694668
0.004423073423269974
0.05615451201884958
0.006081115919934321
0.01723442086628013
0.029947121186488457
0.13845796335403615
0.2827896051680385
0.2704842066737472
0.3776106439988822
0.4772419274561822
0.26981417449720957
0.4310826091094211
0.7542871479805087
0.6866773570458451
0.9174127361248638
0.8334609174561782
0.3479698493114315
0.15179371652601814
0.26809380947110906
0.3883672351686762
0.4268533458143514
0.8458216560281074
0.6667261677965528
0.5948005534379157
0.41093198611884574
0.5009749215771145
0.6071080960757284
0.4543681795675948
0.27928316609299153
0.5245759310515495
0.6872232841823331
0.4963968661494177
0.30064762333351047
0.6137609505212767
0.6261946946826927
0.5914973120164422
0.3283390024761269
0.21043648112939028
0.5180918556059517
0.5417203575046713
0.8655276377386386
0.07101215128409522
0.11253329861460926
0.0897600541377892
0.025967846947087536
0.03627731617775398
0.042718293129242135
0.3242574392313722
0.9873161655422128
0.9974056699704656
0.979194835264257
0.3823198007080659
0.03823076271790293
0.0017733686490833955
0.018971061854578197
0.01143074518330145
0.11511956692697878
0.16728462676965938
0.8354390022286021
0.14721911625136996
0.34720776274515575
0.3093139775201784
0.8705379907975281
0.5600829454711977
0.20343858698456652
0.20093068920226853
0.276237750721258
0.5067544933177931
0.6949059614128789
0.08063916431684459
0.14442221688962809
0.1081918706913847
0.9936741157378894
0.27091296715233504
0.1393368832778884
0.14512073182897345
0.8674357227211722
0.12344767622568498
0.08620484859777311
0.096489380629598
0.05782544057529815
0.0864400459582505
0.07120815323880325
0.1294612527168969
0.9969738476346353
0.9994768275101809
