0.621527919324667
0.17691062263816792
0.0066791355071977865
0.009021742659773735
0.019197258548554363
0.017517670437827704
0.010213844430994268
0.17951678522113168
0.255564759173907
0.7669254678510872
0.8936322651687537
0.9220587983554727
0.8331956301941338
0.8915571528730674
0.26836298625710464
0.6515574695537103
0.13833840256124308
0.21941166442761584
0.09025032460707683
0.9915605859176737
0.9992295536173444
0.013602586731546573
0.008449497534272155
0.020622653213575814
0.5032486030642125
0.5065281823112351
0.03375597184236012
0.999581845099527
0.9999269224303001
0.00023292640291106004
0.0012811395955065752
0.0030303611750136517
0.0030968266540439826
0.001781591879173483
0.0025566410441587584
0.0025533387434494292
0.0025007897129125656
0.002356409688293537
0.0035052978915806055
0.04096228481429143
0.999885931022244
0.9999983943105322
0.9999984010721991
0.9999521377699382
0.04082943414129614
0.003554926275995407
0.0023701909473384797
0.0025052424260080253
0.0025553404427181015
0.0025581045532537816
0.001803969068112199
0.003128997517295895
0.003084146177912972
0.0013446421973892786
0.0003065783755545892
0.999181327713439
0.9994347018616121
0.03097018300156751
0.006878173467419257
0.02756766008690925
0.016194216309247778
0.02742790090007796
0.29548610622909866
0.2694043943328649
0.47797647962888423
0.7488782102873116
0.3839818850460801
0.7229801087368488
0.2748857735095065
0.31120918095942907
0.46892055281715006
0.8692806568331706
0.7627290213355814
0.760254522055704
0.9235231917974698
0.8382343911609473
0.7261652289862335
0.9263861622133344
0.01949654646844501
0.000632690197865382
0.0010695727958479617
0.0021240479398353385
0.00017348025030283765
0.00395543013558608
0.06110116949935185
0.9993993171909292
0.8027398752078765
0.13534793550639612
0.11623823723894311
0.8355614137343332
0.9069042625827641
0.9845268343846618
0.19397874879110866
0.13528260434373052
0.0028587083292800353
0.00039177960453151695
0.000786884441535185
0.00032955279607604915
0.007850141408442313
0.9698862746678864
0.04436866559949959
0.0340642140267402
0.04030649187561175
0.08398756860060008
0.9845792109496645
0.8891091573969035
0.9867053719471384
0.9157702771568166
0.9022902363538409
0.011074110986078134
0.006135714309398299
0.0026844602584995547
9.957939685456552e-05
0.0003662276761708938
0.0010508588798521235
0.9999893009182633
0.9999974530159899
0.9998663114772642
0.9987157847719658
0.0028906722711091737
0.0026551394852589727
0.00016017927083533667
0.00042005776297981967
0.004923381939112237
0.010310580142591341
0.9832816952560534
0.810863066290121
0.9991819524524961
0.9983994701620924
0.8938118322663605
0.9952620344937841
0.09382211662805018
0.05607059614758492
0.050893230670153944
0.06890635066936512
0.9503899446904172
0.8726945018573999
0.959621294607101
0.9764715543179575
0.9494412976498637
0.10138711760569608
0.018020545872317828
0.017408765298693618
0.013521024264842252
0.016086879180538305
0.8625981614128301
0.37811351648926483
0.013476774422437887
0.00434336907880406
0.001821252766740833
0.0032412721023000746
0.9960796096362098
0.9978468491633334
0.9998742434140417
0.9972099128667412
0.005753377883694011
0.004055114581570485
0.004139077342425246
0.01408532830143594
0.9974964917755142
0.24387998546960177
0.9962484391975249
0.012019886486402842
0.004327983050252948
0.004066154239913744
0.0019441503082088252
0.10165096302229704
0.9329498681034276
0.9386018833673417
0.9937035420389773
0.9817569374866948
0.5790878756716787
0.5855500627230167
0.9747660416443954
0.9520832016309599
0.9766522887850716
0.9748369452543025
0.6554645403489809
0.6471268579457914
0.9533316390164597
0.006747425868825374
0.0003104135827421972
0.0007376114524850763
0.0003105007198390686
0.0024323128698113816
0.004981846944437929
0.011807406157932077
0.7875423970866672
0.7124974212180197
0.284776928617962
0.33460846261624255
0.05142808144388222
0.0013974126945673904
0.0011241543821510769
0.002730205284117493
0.0031395776271616604
0.002752286313298713
0.0743182112318771
0.05388397358250896
0.011536560870144985
0.00016360704182993846
8.255617349151034e-05
0.0011820671812479144
0.0055330644300817244
0.03421671724332431
0.9999881837568457
0.04257099410505938
0.044195919200025524
0.1304698017858511
0.9999937019808882
0.9993374409038801
0.1989984712782702
0.006407681656618647
4.5851653038386786e-05
3.1452972272583146e-05
0.0005436133351571781
0.0007332672765045789
0.0009042761606042893
0.9999848952450126
0.05749409838788233
0.10574980543919432
0.9999919046591244
0.9999924806134981
0.9994674086647656
0.9915470387548684
0.11418931838776747
0.05768995120750142
0.001207286155283871
0.0006957563953270407
0.0005466992388221126
3.2392020455462855e-05
6.52883143098526e-05
0.006316620587448418
0.1993696112294745
0.13097962048378886
0.04388013055675
0.044286456503866534
0.9979366362650921
0.9936187803756213
0.9974910393739124
0.04186083144626951
0.00747768271794913
0.001945841349217159
0.0007901248437608421
0.0010415031089195947
0.022915294713938605
0.07176651872764805
0.9997551035106775
0.03820393484852991
0.04918167284531216
0.009395426900746684
0.000598748952442163
0.0019770283172790837
0.05892920102790322
0.0024041999871159403
0.831966882058263
0.9378018010756153
0.9372938752568486
0.9995710718734246
0.9994692659263521
0.9931601905762077
0.9915799613026832
0.896210447968012
0.9912213513411225
0.06688430583270466
0.06563385959934187
0.004982258273038442
0.000301402965156794
0.0008205955306507251
0.0005183453128573268
0.01015524557482872
0.883368191612087
0.8986545787877346
0.9266137656488915
0.9961592212173538
0.018654378616504652
0.003850806887884195
0.0017698391632173793
0.002567230929106379
0.5003530923247952
0.511605722168391
0.0026682657660087594
0.015551958368756114
0.030279126798609557
0.9999565782395006
0.996214285669901
0.9964444284335818
0.9933344425355353
0.9970027297651398
0.03674630321580086
0.008096874047818448
0.016655286471827124
0.008405160400456246
0.00035255844818948834
0.00016557931804006554
0.003914579027869514
0.01573244207212532
0.9993392669976483
0.010114733866111059
0.002135633646431434
0.0008564972955353856
0.0016047160343439781
0.9980133973545096
0.9985032938088748
0.99782166398667
0.9979892318226667
0.0012447254309085887
0.0006710142954128306
0.002486081215534397
0.007490616463785904
0.5545901128668262
0.9190176583340218
0.11668104659153633
0.02129666212685455
0.0229839457371106
0.019973376290472133
0.013668327676280456
0.0154067846245739
0.09888114824783545
0.9807740897430167
0.9973185758542066
0.9980314327469259
0.9994347801766378
0.9995733665105704
0.09809991754874536
0.03265903899367828
0.014335118227781218
0.005595911996140401
0.0004932349392803292
0.0008342813225269419
0.081068845263495
0.5827112076765277
0.9700062057696035
0.988185525249823
0.8125901388923852
0.08460601057963246
0.0036079267057311792
0.003418028190821376
0.006744599294256082
0.8633666358308845
0.8660169649175254
0.8663318982476351
0.8620787280315562
0.01458206119697103
0.0005182930268016195
0.0006117329084364131
0.07329847110164689
0.7323517517173124
0.8779067762685682
0.881544145206277
0.7624623623423268
0.669930557236298
0.31563194421169116
0.32478324997897656
0.27543203714190045
0.6842775270667383
0.5384373730714784
0.08688283827900689
0.052198252345244445
0.08574257693059684
0.17108181528479027
0.20974537816302363
0.26244123958343535
0.22314908605555583
0.3947480970563221
0.17300266732885194
0.3098775049553072
0.22605717067969366
0.1662823988369323
0.7193598447504574
0.9712605161662318
0.6293205707734633
0.7318941563447512
0.8775990224444854
0.9027270708288223
0.9059951774654993
0.24344335419566154
0.22432174719308318
0.011298383697084469
0.02447197994821071
0.605998990974119
0.6141776436960399
0.6034895686365357
0.015139988845927932
0.0007954655742813399
0.004545439836265208
0.014814672113173999
0.8878443360723813
0.6750572618542123
0.40707314558555663
0.7849428983825999
0.9786277247497186
0.5929493498484786
0.013280180250659135
0.013755026617341404
0.013858523086854091
0.01617350968095077
0.8244180957964445
0.8148323784445827
0.8687890207928914
0.9918718821590042
0.9892866841409651
0.19743211387414505
0.04780816389586462
0.014103505412845219
0.003797216659730651
0.0018076922672798368
0.9004381705376997
0.9582851181373108
0.9139267617443064
0.4265373588533621
0.38827104975497395
0.8512217168881228
0.20128903326421288
0.03905273014618127
0.017751966845130918
0.013035463608321418
0.00011627032004157822
0.0006867203780912545
0.000978470548596233
0.017057652077130947
0.9744489343036152
0.9773056425297915
0.9991602990432058
0.9998576450585156
0.9997154753801539
0.04298421938415797
0.02872170260843976
0.006912866790241279
0.0035251486329725967
0.04090057530719238
0.27871921218032714
0.2987205030725607
0.4497111194693385
0.2023490573916935
0.9706186960565187
0.2940818717892616
0.26857377757885514
0.9686478591602171
0.9191902978068426
0.9992027361148481
0.0027873062164121
0.0015163246254904506
0.005875618901595381
0.029646878438860824
0.0958048026157099
0.4664524359273565
0.5735376707852957
0.07747591366553996
0.03198605551173839
0.06671695203954531
0.9636241911784653
0.43998513455097643
0.10393183075923762
0.07767762985848614
0.8016448457335406
0.8210934952091271
0.8083090722992381
0.5650154179804892
0.025220681047846805
0.020874154278059054
0.2028290019297191
0.7870224505605928
0.40255249541823623
0.44377273958839014
0.3300064653451914
0.5316894088706487
0.3304582437237493
0.4376096397101358
0.6506167328129627
0.9711492746821201
