0.987701889656882
0.9959475833466848
0.0025961938274632335
0.00022651724497368964
0.0017817779530282518
0.000231265714421669
0.00028941060765907967
0.9996901260950737
0.00028512901308463956
6.960263938593503e-05
0.002858571319024339
0.9997357709740272
0.22027536436301431
0.005421146164181323
0.001279695227037525
0.013485263718147289
0.08433446181248816
0.9980246384906732
0.9978679393929009
0.12371304011401785
0.0164341814231469
0.004280739255655086
0.005289552179844059
0.005797616265938221
0.003994134704669139
0.0022019718009318456
0.11571108555762699
0.39339150335494166
0.016207475582396103
0.028816898794573387
0.03840447288477622
0.4169768486299096
0.7263046022901024
0.02514543212618825
0.03163307916026081
0.23786190135871488
0.7964064843138795
0.2762661078580978
0.010050172532338641
0.011600525250822002
0.034813893156309894
0.1658454983789034
0.9997471843709369
0.0019408428995560945
0.001563286035164646
0.005833687938530452
0.04287394803488942
0.9997656233548212
0.9998563361718353
0.9999677948788701
0.9999407108154157
0.04267314185243942
0.00579433734360113
0.0014395796999262522
0.0018127026241000488
0.9983509610877123
0.9762109642304385
0.15800736106389057
0.04652889373272073
0.03062212612195281
0.01946501011051649
0.09675037418357935
0.621640673345946
0.192492707837289
0.0478812093278117
0.41928003630430855
0.11988598713425658
0.028062524052621107
0.022329645448713742
0.021872382587518224
0.9409790050674876
0.05308726837961464
0.0533979133129413
0.05149508424106242
0.052051797498017804
0.9209154003420381
0.05593921534952051
0.9133558100768604
0.003688735257295628
0.02659045845728525
0.0673473755371854
0.12602675744619118
0.9994576193433916
0.9902673448514702
0.8659433799460521
0.082503970433776
0.004045327368826679
0.0031616412976021024
0.004332690437405584
0.0023157640949577063
6.9376225271367e-05
0.000658248017299301
0.053156351665470725
0.9997512138874787
0.8236375165318267
0.17369362739642313
0.15580044428765483
0.8094863642041082
0.8025964290575085
0.39205219404891634
0.14182435015454598
0.012091657196851902
0.4815870727874132
0.0760062123186821
0.010049889575350246
0.004620194939022881
0.015293265584171323
0.030261043623351358
0.003388601280664205
0.003326368973177063
0.004002538882667661
0.12650271738030272
0.9998263661240221
0.9919128270748273
0.7114749851812754
0.7062625096108214
0.9706745813513182
0.006436218443850228
6.527190983429687e-05
6.240816878155808e-05
5.7916501176924484e-05
0.0017070560899508092
0.004257780656465426
0.9999996228535308
0.9999997876447515
0.9999999384571167
0.9999996793679309
0.0050303779303819685
0.000935708641923827
5.837776735673206e-05
5.2137248511940903e-05
4.520231917759521e-05
0.006219905780183055
0.9671354840572244
0.6452990391231497
0.7285682510838143
0.9855786245693468
0.9940715825607274
0.9952211867906013
0.7803353970544401
0.7717723697316238
0.23739605975473432
0.16377613925337553
0.3051265173434584
0.12026582033468625
0.09792788593760082
0.09792834049883448
0.10059406510139413
0.03621612232132132
0.1093540950029368
0.90923736711143
0.8649047022796325
0.9984135158966094
0.9988777647251005
0.05942712004511497
0.0007643811689342916
0.0006671223159883111
0.00023752409857169532
0.02799195561019907
0.9999791212962973
0.9999706591070708
0.999985814817805
0.9999496924095876
0.028004187412235426
0.000221410426430535
0.0006502069176507197
0.002181069328537122
0.060303362436118
0.9504699812703816
0.9902635363165571
0.12106327103629644
0.023920746431445372
0.016578920793582586
0.02311178941732872
0.10267224272553499
0.3612418655447851
0.9950208745038662
0.7660574373474105
0.39218430323560893
0.25014627515781185
0.35190868292823996
0.19561081365869204
0.0931260197538758
0.07895797498009893
0.042184278149788756
0.41155752829322634
0.5835389410187537
0.005247282326110603
0.1529499619705682
0.15638249217127465
0.2268231461924468
0.15064765953558845
0.0037834510592545945
0.008611639562702389
0.7877194115379403
0.7737499841343126
0.3074073152773805
0.3572336377960298
0.05072260605297185
0.0006968899034256459
0.00037190842205370167
0.0016443575577331782
0.0006344952384235159
0.0002146069115569471
0.03457470091265091
0.1285016197003398
0.24523852103183374
0.04169388099028071
0.0045285907869264674
0.006995864954319364
0.08604067382281033
0.07196084303499373
0.11601536123950151
0.06685005825507828
0.0037168579265537405
0.04846932101144885
0.9341876013142666
0.922466461418814
0.21326654868051786
0.018761723273724384
9.967657351084291e-05
0.0002850666594479412
0.9876914879686676
0.013343460148855346
0.012811421100747955
0.9993895396575712
0.07114838090080822
0.1182966615049047
0.9999997010698184
0.9999997101923134
0.9990662370451623
0.9916656462431552
0.11433691809497237
0.056730527862136615
0.0015090125966669143
0.014662306834465344
0.9882485266369845
0.0008244011194414869
0.012313693832863182
0.021792765955348847
0.22797307672656564
0.10838210987559915
0.06384908503963094
0.007264835834012828
0.04990540524977749
0.47883030294889206
0.9336072171588294
0.5231600116093872
0.08950889713469157
0.006851237458248782
0.0051268900612817525
0.04544462456040721
0.0229557259502865
0.745334477329567
0.9955467022716079
0.02956988291014373
0.03809282207697018
0.007307164753307838
0.0003385445849493074
0.0035867855292514017
0.05210817116981581
0.002251315656682795
0.8373039980536368
0.9435059247615531
0.9431481074491725
0.9996369083368649
0.9995722723165323
0.9933538655561351
0.9917510369146718
0.8958626243724672
0.9914461280812785
0.06105635383764774
0.05994751273709209
0.005133738468354965
0.0005071213723781831
0.0010321817620612128
0.0006294015175719592
0.011419027138426352
0.9429942202935854
0.7117714100368691
0.7474449572533861
0.9979246895295947
0.01850907512183597
0.003698781058087408
0.0005784620056020762
0.0010172654529594372
0.4990600423927605
0.5103743429753185
0.0026159215722137974
0.015572142517497611
0.030339608251000683
0.9999197693941008
0.9988171414361947
0.9990392791727032
0.995843563968935
0.9969687154452317
0.034258143007827146
0.005540861303642952
0.016670266308786874
0.00840141721140697
0.0002731530484060274
8.637210758477565e-05
0.0032468526745601523
0.014845430015116068
0.9997767635362903
0.010228175726963551
0.0014390591170578837
5.897264289400628e-05
0.00042269580224574277
0.996145318254313
0.9984598394385104
0.996223456299695
0.9972847499081738
0.003738342416200413
0.0016319320113837854
0.005031031766939531
0.008464524968613607
0.5316545245674013
0.8478843667774866
0.18444514994914452
0.06567983069271799
0.06385972461482925
0.06774720527512579
0.03912292371632231
0.04100040342439559
0.1379778145959314
0.9684163784332016
0.9939045828804678
0.9954154360581714
0.998362217651739
0.9991632971294908
0.14801940678390213
0.08850547154427335
0.04207700487799204
0.00781494846497166
0.0007893995298781098
0.0006894219731786722
0.07946275130603775
0.5905752522325647
0.956242756592642
0.9953242275681785
0.7843591849301595
0.1492490158413392
0.004070111391425879
0.0017012916536615075
0.12273169604444856
0.9420671553444679
0.9996323086872715
0.99978839862805
0.9999705947962187
0.0042655792063301945
0.00013979560753862863
0.0017831452592232955
0.13493195614908082
0.7064784861003415
0.9152662896664888
0.9584399592622492
0.7857827560940212
0.7947885074416294
0.8839848350853556
0.7265993513740814
0.7707428905966143
0.9480885773083024
0.14782191270272804
0.018375156337785636
0.01151196842016411
0.003637097447258708
0.008341890464987789
0.9473456528225254
0.008650105627335702
0.0427458225561399
0.0325575676065587
0.05229146910379323
0.789454561062561
0.5938891029510913
0.5061100575034468
0.8146944284608544
0.9631048894793574
0.9302167771601431
0.9594067909260124
0.9805425158863341
0.9963631233253099
0.9613278984886641
0.9473557348028284
0.9599642970391662
0.47661877900344274
0.49233995385029405
0.1660186377970383
0.0637011650914664
0.0011689092475255514
0.001271334482735531
0.0023462303187875566
0.0016469184996125152
0.0047441530368586005
0.014383780575180527
0.12365426523319178
0.9948965112913039
0.4962719341825309
0.45377848021868206
0.9859741613638102
0.985705706817107
0.9884275979019403
0.988939431486095
0.4554294939102511
0.4940441767008694
0.9944210156054664
0.9950738705721863
0.006540761796120065
0.0025422935768506516
0.0025246783330766798
0.0016367744479403035
0.0015055258566972762
0.987494900990734
0.9649623176859509
0.7417596978656542
0.6329199925112134
0.6820226814346455
0.7936428428718262
0.7810213318700514
0.07830360148369497
0.019452877044710215
0.001471838322513852
6.348369367248363e-05
0.0003496084212494255
0.00012326510817062264
0.016330493080506603
0.999854401085906
0.9998255850344538
0.9998503758647919
0.014845491784984843
0.0012637468228143822
0.0005934857308224073
6.041779043552964e-05
0.0018968778948849074
0.0186640558524217
0.10875799474591463
0.9561624070128101
0.9463331564177379
0.8324642888218288
0.45531223254876907
0.40963409202763623
0.9997520433275432
0.9532806046253093
0.9999659147820805
0.0025800946456929763
0.0015377164103630436
0.0015114944269954966
0.0016536183012330063
0.0042339653847111025
0.9912182957585484
0.08011158150952791
0.01076264610484956
0.0008247020224236845
0.005150642207367273
0.22133719530314133
0.9989214306952542
0.0027858481646299005
3.7249571008812765e-05
0.000533910085177558
0.0005540438096872657
0.00033075503843404963
0.0018139001991398507
0.00010996241060345913
0.0032543086308031155
0.9894301020564076
0.998857993843703
0.9853859329468801
0.9783217942455184
0.9996043400775058
0.9997349638681561
0.9992409886830904
0.9806297236792308
0.9810235242164216
0.9925550419319745
