0.4274460533605131
0.00918829584518499
0.007010255924206454
0.00974865511375822
0.03843800435836631
0.1619820829852704
0.9816997484003426
0.03985353891377297
0.002753904837111687
0.013267318398076045
0.004404367087633587
0.004201498693744976
0.0086824207049776
0.012596121631735291
0.016099569112611345
0.031838070974922306
0.06770131992417328
0.21945110697709735
0.9392670048597552
0.9294517977460747
0.6619905617547643
0.26768392681789166
0.17140492782939354
0.6530222312643856
0.21994501230280772
0.5917394731503309
0.16334797121582534
0.05218489197309806
0.0002516013191324884
0.0021268949336962217
0.003316904882917915
0.00014909366673865332
0.0008872295672277541
0.0005495919422983109
0.00028913631299254394
0.004327152715856597
0.02990602041664725
0.237937959468136
0.8959195360756657
0.7452877652765592
0.5129866150061106
0.6314692235604575
0.47825865162856895
0.4740594223003095
0.7213506354221293
0.8470130021489037
0.219843375605141
0.30705144961205755
0.44282233522073056
0.6303387181661889
0.3018429333884709
0.4299849532472392
0.39815807075811094
0.012485238633427098
0.6542406761288887
0.12358490701900537
0.33913368144022515
0.36454516533310666
0.37444418027609894
0.3772494988558821
0.3712978766435723
0.3188329845150901
0.15702986540484998
0.14754352752386657
0.5381861443136655
0.2921923247583087
0.009724104966586489
0.0196043995571632
0.020173766153568584
0.02095296486449727
0.023104515261175074
0.008803706317729199
0.982882327608484
0.9760486934182044
0.9891938217464552
0.9896997145059974
0.02295675925863694
0.01403955842279292
0.01668353395640909
0.00040329554019202796
7.58117201694608e-05
0.0022770242110257133
0.9999529274520637
0.016222133918160186
0.006298315058195336
0.0010872537749171407
5.8126397473601266e-05
0.0002591791159136658
0.00023839560585692254
0.0021047795553134074
0.0019387650830756664
0.00015932044631661313
0.0003699529180490879
0.008973689718230204
0.0070378018483050475
0.07554928846252584
0.994434896183719
0.0018135624856231436
0.0012464867734192087
8.296838506838267e-05
4.4100677150993306e-05
0.0006505457105631107
0.001940246122435818
0.8838040080397732
0.9484040481512106
0.43495452460970696
0.46877781214225833
0.48292535496847155
0.9681539729178685
0.3833153905269001
0.2781901455450635
0.3069994252522421
0.9813583844058141
0.8983801724720857
0.0388770359948053
0.016754425308465826
0.007435724667614441
0.0020195754955449896
0.002495854803194364
0.003347535568177018
0.04714149327197115
0.9980159347874992
0.9984759517217107
0.9059286711400847
0.9965337909160161
0.9889124335622375
0.03574706379251147
0.0946445849859151
0.7751448888358643
0.034560617093590595
0.2009777825047946
0.9974519752881974
0.9999813678896936
0.9820579045937662
0.0017842911835647124
0.018420307979080452
0.004860659872102269
0.7397269734005054
0.0048296885459373495
0.25871378697501013
0.2795166518308816
0.045750618667902976
0.003938666209616359
0.00023917877382861885
0.0070944604686906665
0.9978043918096906
0.9991059888123189
0.9991611330966392
0.9994026524122156
0.9992477336707223
0.9992298446878942
0.005821804393986718
0.00027309886883175594
0.004022238943145462
0.04570130170401665
0.9998906606044927
0.2788827487432308
0.0004536395543180971
0.0017658019913798784
0.9711260741931367
0.015709904016994236
0.0018419330364393138
0.02052766188935573
0.8477378554288709
0.057244301645428486
0.18443124305302383
0.011916621673209837
0.060112622209895994
0.9770575663085497
0.9955166090574237
0.9128998723962248
0.9914734356048394
0.9777938811267499
0.0474924965645428
0.004577774409407875
0.00444099126537012
0.004766708272217035
0.01915911031222106
0.05731001439776329
0.050343801822247625
0.9804511123603779
0.9269012130857585
0.4668102362099279
0.3377921974028478
0.37319675011574927
0.7776165104813673
0.8439192553536267
0.5360506539567614
0.5928867285327348
0.9528514362466343
0.9952063169038011
0.9843971173419518
0.9867779089905259
0.7922507357851354
0.3870143196541008
0.15266458466237942
0.02457599169579705
0.02288396640215362
0.0026588319170715025
0.0047864769723483525
0.0036270181112919575
0.0029819884711662636
0.0036329938951400464
0.0024796375764142287
0.0050883917861653805
0.9493351846727104
0.03141672608753987
0.06127108048514751
0.3333170014151984
0.9055653566484939
0.8523155558511011
0.7731571971843001
0.7845405491300667
0.8699234443065565
0.9361424639940049
0.9294441194131879
0.9425690221393893
0.9204623250443834
0.6178059087239622
0.4721993374376585
0.7221387734914426
0.6428689388180648
0.6131410083830284
0.6185574118968196
0.6286261266836587
0.7530540361070941
0.6458749193949954
0.5974855378560808
0.6053797607007029
0.650502266621258
0.6915469222354516
0.7555625180049031
0.3293201807029529
0.13181542068379748
0.10339817057962264
0.0854256935284119
0.05861263103914227
0.1206490165150238
0.8860090173029347
0.895594627824054
0.9217614938982187
0.07114039552698415
0.06318696774294852
0.057037041867363136
0.0751453920954428
0.10305489228896825
0.29005796641120407
0.31064656923944756
0.34918835399602166
0.36368073540500057
0.21716456031584053
0.8014635975125073
0.6727709554257904
0.6762351968786116
0.6406041763107049
0.6393598849471891
0.7124822808482335
0.9098126579119958
0.7107326417625557
0.07610210148608143
0.05008942657545101
0.08065094599946665
0.23537113126716225
0.21729153026323933
0.11622574493351745
0.08399367896627774
0.9911234817009248
0.0011587831837449603
0.00011738920469406278
0.0064211185431478635
0.0011978733111899231
0.0035168431963427116
0.0024063399935357888
0.0016216737862388975
0.9936322304692081
0.021593242561014803
0.011567288001593568
0.12297078620304636
0.294868326140165
0.30796937624662657
0.9416239016608737
0.9783965493876772
0.002404787897881566
0.0015377761137206347
0.001143017939486013
0.00060415043685913
0.0013517233738948864
0.0027069164590995953
0.9961433290936459
0.08077282378483719
0.9961363259047812
0.007231646060493868
0.009493179409624242
0.0005435051875152253
0.00016667500403100277
0.0024355887102709417
0.9999542266644985
0.9999582887853176
0.9998379316629736
0.9998329443416322
0.9998386517248815
0.9998584096455853
0.9998293603537579
0.0032328140310116105
0.0010462843008658407
0.0022108080520131246
0.9932541883012078
0.9972516053852726
0.9969240680747776
0.995486560298846
0.001395859548256717
0.00040556900378097005
0.0024665600637190366
0.002216053714340971
0.00026011247446600105
0.00018764932635351173
0.0003833733669973416
0.0005183316636291346
0.004051867870306869
0.020763747594791937
0.8971289747340594
0.5589540404137625
0.5590879178533392
0.8012465462106696
0.9505088730669533
0.5917970494226267
0.681735966888669
0.15066719220239144
0.0017026311451352472
0.008290409750065453
0.0385613606567905
0.2770767354935655
0.13031168085122125
0.21080777856476451
0.15548337491332576
0.19773886910077265
0.723982072516979
0.46877864817736115
0.6837252795886306
0.2928630330417128
0.616385553281559
0.9843875550930842
0.7648754609571227
0.6969538903587447
0.4508954527813842
0.6878103570236986
0.6346095053374721
0.8732495575351054
0.9386994791422357
0.8100129799993923
0.7542002832044157
0.7346078088260088
0.825784824105755
0.8880300705355987
0.2351042739517748
0.03163414474528392
0.006260252181824577
0.0015526275953273716
0.0015467322801693273
0.015214469808988218
0.03254706486505221
0.05671596651760502
0.14565367650165628
0.14435914431229357
0.15755860194990878
0.24374654136204188
0.7743040180792494
0.35261298043267375
0.5635264402428408
0.057962914664600906
0.18009634333013347
0.14273583022570824
0.004058463113052468
0.019008126681360427
0.8230723417139786
0.010281414256113952
9.560183416701395e-05
6.295034722747506e-05
0.00075288442815169
0.005564384226026564
0.03076781504435
0.9905382996177718
0.9976992821813421
0.9985502483164529
0.9771594673593537
0.03771738656522561
0.01811470456334996
0.00024575339477928004
0.00018301595786207603
0.014496005770954334
0.9814964712667872
0.9999428777173689
0.9999593602241766
0.9999763506987654
0.9999999446735628
0.9999982289220813
0.9994570914261441
0.9990857328515473
0.03440673254307647
0.00012981709252313234
0.00017219850418548344
0.00037639391202548556
0.017947149504952242
0.0009826809254118718
0.00010393087538718149
0.000734102402935588
3.449337873873137e-05
0.0001075019178045089
0.009893255152364056
0.2515066884586188
0.246405667170282
0.43689264227152613
0.99562078163714
0.9556280967727959
0.9370744564356118
0.9967521222868251
0.9813553331699365
0.25513810478306975
0.08020953253747531
0.03929084345518041
0.0071740355422690305
0.004898615816413487
0.00761626217746092
0.0037047071902676088
0.00012383818971806182
0.00041922329190435814
0.0006149518284245259
0.07383179313156507
0.9482412726511948
0.9999076922336455
0.15682538494359255
0.03393604815089357
0.0072902688219814715
0.002114882482996183
0.016263571070661675
0.41709600621339415
0.9821840848669388
0.09619420846143278
0.0019078606294805622
0.005827706013139422
0.8950299425532641
0.9982924011205522
0.9986641100723747
0.9998358510543491
0.9997023816343289
0.005115950582987749
0.0019605052663170808
0.0076772132340938715
0.9996839615722569
0.999924527077561
0.9997518380442701
0.9978732438479675
0.9997820725666983
0.9988003060745282
0.9982775822696864
0.9978854128552228
0.9921598647582158
0.03443716172676026
0.03093741279163098
0.029355174369452564
0.9978244627318567
0.03365531759353124
0.02241005304145316
0.031076952953219772
0.9546301868977991
0.8902771262662433
0.9899340086659767
0.9787778536974021
0.967775868980914
0.9738939020874549
0.8287488736878691
0.9912881136583156
0.0336514489540326
0.02746080544729801
0.032770770092355406
0.9849792377184196
0.007032337117442999
0.013486473819061096
0.007476579386408666
0.9830623019386534
0.9928103988193194
0.9858093301640171
