0.9908607841805763
0.4780481807608553
0.05590148767767755
0.015508166525173395
0.05354583957731507
0.05668168121603756
0.056488397394499845
0.04839925260988698
0.29755412985374774
0.9205290329384105
0.8537563693527657
0.8555112169349981
0.9646706811748234
0.4883712047937515
0.3315391837114918
0.3879544104349968
0.2633032795491931
0.6466054393761843
0.7107608611734493
0.7295144427015968
0.7150619602284731
0.4354375668779964
0.40572709120581585
0.37542781583234075
0.35264037462259934
0.7226044506051283
0.6442244736036031
0.7282880811739978
0.3225644864526165
0.10534195980604988
0.011785498642638448
0.011697096699277876
0.05735985710549785
0.05661140053797453
0.058553449298689775
0.987142530003965
0.06645173123745296
0.07303473496861079
0.21159624802551247
0.9716103418312563
0.9746351078813892
0.3459927544226302
0.2286156269755465
0.2745222589508427
0.9797958461373373
0.8316984522904047
0.09817214155295495
0.004111602705472062
0.004339121838112137
0.0021383133082543138
0.005096662972335575
0.002571624469182354
0.000902533152919216
0.00619836540986618
0.8751206669281923
0.03870653564316384
0.1116663974699752
0.39021141310648744
0.9378102273156432
0.9833922837859257
0.23534385534731828
0.029200826769900212
0.0013222701560439143
0.0018727448909688915
0.11589192043279528
0.9930248215742239
0.9581497289990957
0.9931328432572674
0.9976257529415704
0.99585893214323
0.9654960164297287
0.11839484615197093
0.013399575393352459
0.013044014148836047
0.039213717391792136
0.24034354602539865
0.9972908479107712
0.9406693445737779
0.0032265824114752206
0.001284126091027571
0.002609240425053505
0.003687340415800211
0.003926055196234568
0.003393023860491784
0.009212823715780916
0.999613030416753
0.9993979878684308
0.9993164775333281
0.0037749054068175747
0.0015342343494807453
0.005827260451249927
0.006465866945101095
0.02139376432293716
0.13777640724503126
0.9846154473178047
0.2544609934553387
0.0012354365323378191
0.001066784921329278
0.0015348750126383814
0.0015422410364275274
0.0005478444906628077
0.007902686619471022
0.9949273559780081
0.9789177278946246
0.9745817625211116
0.049459258648109405
0.0016419599286056075
0.0027234317902415928
0.0030867088516806085
0.017637671762720686
0.13317888435207792
0.9984789789041623
0.16752609743118696
0.01523398213256999
0.0003169308064773224
0.002420141180509261
0.01749926319463635
0.7280184259268221
0.7091511529302894
0.9451239893475502
0.7213096953976168
0.49467118712949376
0.4337803259287124
0.4090222009237501
0.9595311891993574
0.9998127855063446
0.9997894828319113
0.9998002773235293
0.9999988500301293
0.11677154644439558
0.1174754353628622
0.23824363117826208
0.9455921139789265
0.0025853694487699697
0.00019778191351760288
0.00043801146488586795
0.017199804924306616
0.14065317398364197
0.955603258276251
0.9169397051727826
0.14796937007727085
0.014150971298332538
0.048677820691902185
0.02459706267104267
0.032089009660046575
0.04889638746959413
0.0129676027976654
0.0007298751495676825
0.00136976905277586
0.001701004585373811
0.00018995950753797342
0.00579790425388671
0.1419074403116961
0.7348639287940026
0.9834503205064894
0.9978718501815232
0.9702415101712565
0.992065793975948
0.946008306706998
0.8460823628833773
0.9877462011897867
0.7770852623857112
0.4871084101564165
0.8683422616857517
0.997163377252491
0.9983212634742116
0.9977566174410608
0.9962969161833494
0.6762050369012058
0.7232058198925922
0.1490863860324596
0.013179679430886049
0.0001233661395325658
0.00016034229881645157
0.0004903568480559839
0.004050670704118353
0.9994764949356302
0.9988324770172569
0.997607509470536
0.009817710829347681
0.0032561703914560924
0.0044033290385333546
0.004745596945402442
0.0040950192540536445
0.0030142347681789694
0.005157961857656934
0.9890580479602739
0.9791960066525494
0.9850534661823435
0.8938376003425975
0.8881979443476935
0.8745820630156579
0.26008610553726674
0.25514516471159676
0.3592399609310787
0.9801907437673519
0.9856255110028109
0.8637150732133769
0.8436686655294183
0.7485814455513364
0.045338483456858536
0.0264763562239414
0.032950571436467846
0.7551778670314038
0.6953015385472336
0.12986831616523442
0.035429872757279934
0.03988062624721078
0.13013827156172675
0.13130936738559995
0.13545130028574848
0.9931616554385685
0.14876304681414765
0.03037005622856581
0.001591170025705857
0.0949174866769743
0.9234344509385923
0.8742216598399879
0.8724239452815388
0.8787537075564643
0.9323396713568123
0.9964647539734873
0.16107341801453745
0.023450562834357758
0.0026262922841548964
0.00037395983635890584
0.0010789242440814029
0.015497117786209436
0.10483228027117353
0.12419535240308743
0.8700436658178456
0.8796822812277576
0.8295561161075964
0.8465068098024982
0.8511977751408205
0.16226427150609712
0.07557984433778908
0.056659224411590325
0.2595919735434339
0.33774129358773064
0.49644498469979126
0.04772926795530352
0.015320531552949102
0.013443707721870535
0.05634056660588804
0.40345409417321587
0.9389973291896622
0.9940851404204446
0.32775877387449115
0.32077647488227923
0.9911789102250452
0.9451944281346183
0.9559265518359147
0.956503299198525
0.07926221837157621
0.16920789075435383
0.6277883367778552
0.35596394306380696
0.5014772589924056
0.5254643755638699
0.4883786183296971
0.254026707225825
0.2746401941118016
0.11088689124130713
0.07142457119108037
0.1768196780447422
0.15890181037295392
0.2291508783275833
0.9457916938506759
0.9091060194655904
0.8618902726085035
0.8577737930171516
0.8688044833704309
0.9957824965691879
0.9553536495285547
0.06992667782229112
0.015395535730193699
0.058220139265381166
0.11814357897357353
0.05643173797141943
0.13268832177889212
0.1457007682883832
0.19132742615768839
0.1467377832896255
0.0038933296733294487
0.006805094189977545
0.1554947666348796
0.9983310294243231
0.016136295048142846
0.01429269024070301
0.014514133623572123
0.005802355845020535
0.010919312906163436
0.21879187090841612
0.5718853732476583
0.7566161774773049
0.7754700190984893
0.18230502548009464
0.16909442900869565
0.18982171202232556
0.9597875110096207
0.9673822798780058
0.9457739664869146
0.8948250466517436
0.8948227225724575
0.7553032875032298
0.023808937782370587
0.06193498014275789
0.20543776022521765
0.9631743763297405
0.9279289453811881
0.9683120222673195
0.8518728473655457
0.8425624602093484
0.8330967953434583
0.8150808822732654
0.8187425244680238
0.8215958307531785
0.7930318663559999
0.8782389352486274
0.9259185061543704
0.9301629214869154
0.932340192346722
0.9300787601215623
0.8569538007137318
0.876725751787742
0.9202498937963094
0.01659752497954048
0.014173402738526408
0.01973548628316102
0.08666918199725493
0.024830572038418097
0.050929930467318196
0.9100306613221039
0.8960126990192988
0.9250625112762818
0.8679717272799264
0.9011485332983334
0.9954773257142163
0.15198451784289368
0.00984985696455487
0.00018147432161086385
0.0012656327912686782
0.0023612159551650302
0.0005895430659499379
4.0857211916156544e-05
0.0018890137174991661
0.002293454768299008
0.000713493741076765
0.0011001268042165613
0.09579396091407355
0.999964299967695
0.9999649724791816
0.9999647485442991
0.9994473386230875
0.096320422962474
0.0011347033569562015
0.0007477488966004531
0.0023229286241194247
0.0019147879074690177
5.424747750049086e-05
0.0006130456608911539
0.0023286564831973555
0.001229387755591782
0.000134455522395327
0.009835577908557158
0.14921265030032593
0.9081004446818304
0.9118432334645785
0.9519257627346344
0.9757411602421338
0.9598435068834714
0.9363335245390724
0.06028058082514631
0.01623528142012265
0.021638937925442026
0.0038780281691243035
0.007318815500643394
0.08216562034007158
0.36544523029613085
0.1693159600192995
0.0837160493702932
0.8821757019680845
0.006245633628316316
0.06409273066876242
0.030789134201386847
0.029463526398210482
0.029294243857992952
0.06671787220251513
0.0702344544389003
0.0518925682742013
0.8262315494423261
0.5968891486756466
0.20947503107671417
0.2936321502888146
0.6070764581010046
0.21015382390805415
0.077716059464074
0.07224885040504037
0.9868436885528461
0.07326599431002068
0.025051209553880627
0.01199697828138413
0.001397984168552302
0.0013102448481632223
0.04651689160126571
0.3191561783002014
0.9296502889732209
0.9336957824429424
0.9426746622302947
0.9783126006356405
0.928461865460392
0.30736807424933066
0.30006883059865674
0.36894684891872576
0.955825082027152
0.9686977369463486
0.9255295965746286
0.9148101852812113
0.8258321277303844
0.8039071671691227
0.22341345840967453
0.2983871997191643
0.27485328467724235
0.08735984726807111
0.032503472860626825
0.009293464696976117
0.011314747241541356
0.012611935523333506
0.056394611333826505
0.9935449727860468
0.2907616970069147
0.9692888265395767
0.7669524501403938
0.9980054446027521
0.9990987612963146
0.9992277954685864
0.9989356926088215
0.9992262729815838
0.9922876451863897
0.8176561759802554
0.9376774673884953
0.24954274536090704
0.9866453081444595
0.06083040794735817
0.00023082734842194697
3.41956112410724e-05
0.0002983651401461396
0.02221398026195165
0.08661458509789255
0.9916386964021321
0.9145182800004314
0.8702483305527717
0.8526149347462479
0.8920465249718723
0.9914672257564762
0.9921994715388198
0.007848273433975761
0.004411427963397441
0.0026619806404323265
0.0016464505383800843
0.00545427575653501
0.6535631817727222
0.3535552217965223
0.00035150721723664624
0.0006746768511010082
0.0010943675313427326
0.0019620953446504164
0.0011873685797728628
6.091861839796486e-05
0.001495865720111289
0.018255385726495432
0.9999821418999606
0.9999570530543473
0.99999989149331
0.9999998721068907
0.9994106786194221
0.018801469119925418
0.0014778820076497556
6.147270770506807e-05
0.0011875532995820892
0.001961995825806029
0.0010942678747293266
0.000674870957344198
0.00034967787077255785
0.0071894103711261925
0.004972479782132888
0.001203092138255979
0.002329590795810743
0.00566422162599467
0.011756566582918682
0.9631724478223592
0.9475518380023947
0.6432859316501571
0.6294413329697615
0.6454028020707179
0.9251860807222719
0.9261197890605768
0.9528773677395691
0.9595860927973628
0.17333266278095827
0.001712496022914456
0.002233931967951963
0.001198595480868092
0.0013801422858710222
0.001553273315979542
0.002188184632947565
0.0035411263135358695
0.003397536949573343
0.19154252800326765
0.9998903047219639
0.9998212759748936
0.999649520926913
0.18906990560074022
0.0015597268487004268
0.0011796290909611429
0.0013408702867360178
0.0011715228538461409
0.0012802010542357634
0.0002388826491712681
0.002208829363640419
0.0026821364684864735
0.16923141017526866
0.9161000776267569
0.9125073237785735
0.9119604790122345
0.9145031499536542
0.6782209927457132
0.6428149758315691
0.631662257810812
0.1370027052256143
0.007943987187361001
0.007192822626464923
0.01990084649297863
0.02580894742747253
0.019931075222559547
0.031185092539078862
0.13608849860052585
0.8799077361863524
0.4745058567094659
0.9220785057614285
0.5439880282440106
0.9925140104909917
0.9976160444395047
0.08754494861248519
0.01408901590688505
0.002452599186799298
0.0006364897718466045
5.97562524931039e-05
0.0010008541020882777
0.0008683951895468445
3.8554610675367584e-05
0.0004770511996523563
0.3471744530916989
0.9999925704029864
0.9999944531619014
0.999992644467872
0.34717468488865466
0.00047924545303057453
2.736471775643956e-05
0.000858251348720307
0.0009886154721850948
5.16321643727613e-05
0.0006249609983821625
0.0024788545173717313
0.014139681591966435
0.08739931132381862
0.9996807969636565
0.9248348194365239
0.5357954131885342
0.876094116650836
0.3734810984132797
0.9148771456312482
0.21258985725874757
0.09599008648832497
0.04500884120947091
0.015353704948126046
0.002831755246125889
0.0009890150607168025
0.007328540464868083
0.15155644703533078
0.9804446628211182
0.1639363571435054
0.001989412671995372
0.0008414338929330079
0.00016166134988482295
0.0016309535182114088
0.0006969974131770806
0.0002857740860815472
0.036466645910898765
0.5195495275423145
0.355002033041677
0.7705174030126186
0.920591343703679
0.04977126286909905
0.012839810593158862
0.0001008968556307499
0.0005110678647346489
4.7741813813839684e-05
0.0004448384211405143
0.0001295628516800873
0.03411812204773679
0.9984767694450086
0.9978730296787361
0.9999768712703965
0.9999918773915122
0.99999879364187
0.9978875610871376
0.03258665787850801
0.00011499705149642381
0.0004377713116668902
4.910691939985501e-05
0.0005116269974361209
0.00010063530710724411
0.01660854319453764
0.1182499604669699
0.9993314867450869
0.926227763113746
0.28214310292426337
0.28315319591132815
0.9992801839216532
0.036671244221020416
0.0009712431755467543
0.0012895355660160757
0.00203588673400823
0.0005444548536871485
0.0011378838312354755
0.0017827391725544484
0.17071244883290215
0.9710377777095144
0.752473980317003
0.7104039805808195
0.984879790693403
0.27570161816086225
0.049965243566401196
0.008231833156834512
0.005505482680807194
0.009150450749263128
0.009975810601098423
0.00467212650610771
0.0008774923511554178
5.08998964158236e-05
0.0005264258749739792
0.0006703544135571171
6.416642270090644e-05
0.00033832159368851755
0.00024235678789052972
0.020749608564102684
0.23241132286470834
0.9998403441116643
0.9998521184629893
0.9998516633071299
0.999999994926721
0.9999999957167633
0.23242609947238269
0.020874706442216007
8.067735439776236e-05
0.00031604099429283217
4.754251037586421e-05
0.0005304913811692291
0.0006989324684165688
0.00024090527476416934
0.000997440523389459
0.004524297714727954
0.995706930313545
0.9779589377243018
0.9995532849798626
0.02391746298461006
0.005343376809885836
0.0008771198555447279
0.0006215860057893208
0.023068837103807915
0.166514884151733
0.6716025604100071
0.33728896124306085
0.2406241235296429
0.8882090867372796
0.14266819389429308
0.010281350742695872
0.009897982350820289
0.00948368634125385
0.008339277676094436
0.012773659648286806
0.26647071341911255
0.9964342523799576
0.960699254567831
0.07556338792690165
0.03431633914947019
0.031148924994287674
0.034446785371819444
0.11225660430301165
0.01673725067588816
0.0011319989851265033
0.0019116531863385688
0.0038538407170121136
0.01471495169753445
0.9971026417066771
0.11111646117498575
0.0019849419399647905
0.008602835448670909
0.06670737654507752
0.26794909328398886
0.9983265019414133
0.999986126427958
0.9971940632977597
0.2675708090936828
0.0665376757460816
0.007766465099636188
0.0015316147315022066
0.11150480058120538
0.9958291279530715
0.011465702807517242
0.002155586220854211
0.005056744125301438
0.00040824610911804893
0.015083524495922096
0.11435737865029483
0.9999631677168107
0.9965965117971737
0.9929683829412203
0.02638679261192234
0.027648609567963778
0.037434930376400444
0.0394083676698147
0.2616921467800879
0.00869941397130447
0.0005719400570284305
0.0013842006690625297
0.0083199826679482
0.0023704695359632044
0.08952023187408265
0.8756270953250064
0.060353028138160125
0.06778497304232767
0.1432942833517703
0.3336425334390539
0.3291645284110095
0.3194146678774915
0.31614070353446244
0.48335420229647375
0.9575325368706568
0.864251771944115
0.8478967886763531
0.8823556436456153
0.9066435875620202
0.49310073431098644
0.06591801289377264
0.051796858739745155
0.9927742996273303
0.007257463787854634
7.317776259441189e-05
2.2225440384993078e-05
0.0009994283139428406
0.0007348441016874485
4.287077191655886e-05
0.001093403489374034
0.004210583714907679
0.05687205132456885
0.9766123811574065
0.9684273381562041
0.19867963529623578
0.04288931379204275
0.008751849015638746
0.004451727747825873
0.005716621096861552
0.007546912807241513
0.9158592630876125
0.8510527514702355
0.9999847010862773
0.9999493350579522
0.05436216354380585
0.00038885059237658837
0.00041421131916086207
0.07089272221878284
0.9999174952901801
0.9999682792306684
0.9999791384224481
0.9999226484647503
0.07075821335366184
0.00037689402848795073
0.0003898483433499855
0.04108985784999242
0.7807034982655723
0.955970720962356
0.051705188255778634
0.00542503140423789
0.004402309399080484
0.006716857196898296
0.04267071121472388
0.19705441811113988
0.9999503045280861
0.972202107590769
0.033468773126746565
0.004236349573812581
0.0010936238107156493
4.272334557220425e-05
0.0007347538092901118
0.0009988791507342665
2.3293494764042855e-05
7.74036196047323e-05
0.007163552412918883
0.9730430830945213
0.035808199401075824
0.03914452240315147
0.13078613428489927
0.46369248148032016
0.3930168499357102
0.8385372739854613
0.659147683821168
0.5909972451999905
0.7655724111832249
0.8117312206682039
0.9692566901732453
0.6871961389198881
0.5206298553888014
0.38247844768669514
0.20953036464830022
0.3717712925190042
0.7255352267039041
0.8416338255274647
0.8656436584389073
0.9649084476027411
0.674925312099192
0.5357822701975694
0.4005729234890202
0.45804475374921527
0.9017777855581801
0.9832180285012527
