0.9950597686973359
0.9624102355925713
0.9342499063069356
0.968583737227104
0.9748485172344216
0.16145024835076804
0.05072287137617071
0.01514271593900407
0.01792114245494525
0.9639700591397364
0.972299488635668
0.006680571273741109
0.005485659742442195
0.006557584081542389
0.003462872015499996
0.009559182935767407
0.017989287830639134
0.010734089811318737
0.005731415467396861
0.015319046783335066
0.7210541850538613
0.7233606612142365
0.973395117393764
0.8528658238488691
0.475501011832574
0.29186739209135737
0.10649001351464427
0.8400385286891165
0.13757204184506788
0.16504701529054722
0.05572454645859315
0.9956979371169831
0.99537472623035
0.013891677512104517
0.007951742714242593
0.008750139641916954
0.9950591889351842
0.14181697103580293
0.8520214766312093
0.01875777312740967
0.12512440693639726
0.6832018239142086
0.7016424012595162
0.36419728189349354
0.3828621551862329
0.41248606253678766
0.038549257482976995
0.00808113164153601
0.0051654474462197175
0.004449886093559674
0.00733284211360774
0.01975102562085751
0.9943346549713052
0.9941523659518604
0.994063841463639
0.9940063397214461
0.019043845695125072
0.003920767863040631
0.002485047954519204
0.0019229295771886479
0.08416274391514
0.20170398376561938
0.9981573779027441
0.8292142451509135
0.6691259798299893
0.1270050623202641
0.13967822279053466
0.43091489566313257
0.8714698614463025
0.0257193798163442
0.16713488745661598
0.9721848205236227
0.12664505978507234
0.9962041593199574
0.02566762288075941
0.025266372301441464
0.014842601415478662
0.8944938956095461
0.9649983630969428
0.2543788665616623
0.2344318463268511
0.3620003342273883
0.918645087599768
0.4671906689649947
0.5104915089489774
0.9925439352941077
0.97517928556928
0.9658390950579417
0.09523472692300072
0.001060102994277945
8.257125335264792e-05
0.0007468961734924395
0.0009281804372308633
0.0017729644900806862
0.004816675587677177
0.9998496015264288
0.8320143463408195
0.13246525927062525
0.10021420415804483
0.7537090292871961
0.7217805174270902
0.9874730367901066
0.21102792637360868
0.02932622394684936
0.008051230118874653
0.0040747759150092655
0.026781629226306225
0.19168433761690507
0.0010752814377466002
0.002983714402475357
0.009863748465961497
0.023841372607051547
0.004541399050955963
0.002984045952424297
0.29612636792278724
0.9962971739187021
0.6293970480858782
0.954899472661095
0.9629906844270775
0.04132899462130046
0.003585044669141002
0.004418955360003141
0.0012242686169534611
3.261144239030678e-05
0.0008105796524743303
0.996651928036491
0.9971819949746767
0.9987204967299605
0.9991930232654942
0.0017000587749534946
0.0007155399875538038
0.0025460392667738807
0.004035608305545169
0.0018854460245286697
0.03904421142386161
0.9880122560075341
0.9300773456840359
0.9956086390776092
0.9342915836933974
0.9570939268722758
0.99918287337554
0.018868731754046575
0.007863965730149025
0.5108054382250629
0.4103528594834306
0.44571700319767105
0.5116924797405565
0.9697578000246446
0.918546427576864
0.9917169967240005
0.02978119996565376
0.0004603043811090002
0.0005899045011127368
0.5919600676514927
0.5929852454415693
0.5893725505826926
0.9921366592333286
0.4109786324629843
0.4112445880633624
0.42448739541629876
0.9415966344189569
0.9990742010755814
0.9896719821112301
0.9911083552762556
0.03873133279444596
0.005755185309580524
0.005033971291515615
0.4893364075856491
0.07654556093020237
0.09299018866991315
0.8698937119811685
0.8932780962289247
0.8312866934373848
0.917290275821248
0.9415354084329663
0.8801776977953111
0.4951089236838865
0.2803622667928364
0.4589016390109272
0.9268927432847024
0.013123876856179106
0.00056701774566148
0.030693232065378773
0.031763728721041495
0.7815664113955543
0.04534728234538965
0.05518464341201812
0.017540407301232297
0.0070151937153843935
0.02621599519874851
0.18943793740783443
0.002978078668407491
0.0029722096143356413
0.012196530843647913
0.7982698031340911
0.7437618889129771
0.30909709568653465
0.2950960962732303
0.9644427671317926
0.0035742627776156333
0.0016090976036163829
0.0020143565939798602
0.0012469365779557151
0.0004489261771744024
0.0021524623696617118
0.13230933080048257
0.3974008597025448
0.003984196543920682
0.003738968753271399
0.004180720765097123
0.01726210830722097
0.12840143298488005
0.9993100938133203
0.1402114468550002
0.03893626552452811
0.2274620744175453
0.9997123434674516
0.9980225230625792
0.10538447662586337
0.004027608444039044
0.0001750694739905967
0.00011988063980983288
0.0015120479399681752
0.014341443885962701
0.015031170230719426
0.016668510079735577
0.9592929294119471
0.7196109686042833
0.999930788298197
0.9999375876543678
0.999806883011507
0.7704916185902049
0.9490548246192632
0.001113053898544103
0.00401577160130695
0.0002795457771178622
0.001472264957116498
2.455988849470181e-05
3.771173408262385e-05
0.003386894811277519
0.10607200882802359
0.230113825960635
0.1435000942789887
0.1450596593195843
0.8916444370705818
0.9932450052793772
0.9906898881644208
0.13028468638961754
0.017023425232432277
0.0023694723885172575
0.0010604930194372253
0.0018732543682096203
0.047185021708474606
0.6155132815560374
0.9957990609221058
0.14203459697189758
0.01573366685489974
0.00725630013697498
0.004203701889498257
0.0033026457918227115
0.013246091585390363
0.0011463597374511414
0.8712960970099288
0.9828384664885507
0.9837800238790021
0.9977536975873875
0.9977048584883498
0.9918403413704998
0.9902993904411524
0.8906258535578739
0.9886930799196911
0.021206925529535403
0.020754695020483216
0.005934084110605031
0.0013701735242765967
0.001969519515075735
0.0035685178376457793
0.07691921615020669
0.8200206967577182
0.46350710136249085
0.4221747446107781
0.963307025965302
0.019789399070748614
0.006002120015634382
0.002482776611694937
0.030055320097705618
0.5139306298478175
0.5231227830007867
0.0033745404315127514
0.01551411591477192
0.030114390723477324
0.9977644657640917
0.9711382048859066
0.9714310677956649
0.9675317033039273
0.9958647164705892
0.062177699274950204
0.03455760249383266
0.01838872378173162
0.008771728419844749
0.0017114073730417623
0.0015801237238848298
0.008003551583578572
0.02056671753758077
0.9963848144847542
0.218622735104135
0.07959384649713064
0.0005566710062011593
0.0010738334068398636
0.7692427134874585
0.7658537913868129
0.7658759758031992
0.9545057122055369
0.15203725374028332
0.21661496419258996
0.23734886171097513
0.24040926486182346
0.8738642917868744
0.7746694307545413
0.8602806289966269
0.6805347678717315
0.478470158140301
0.6431446584775331
0.22994798600257993
0.1319586110386386
0.20359789437723264
0.635345111029096
0.502285990791294
0.5984409748159291
0.9849197770285638
0.9900252732279899
0.954668161012306
0.9681917066284679
0.9121858066206694
0.1422295296427487
0.003005124180481822
0.012036436818594676
0.03470343258759734
0.8593276157293728
0.9295482238560434
0.9916310503449829
0.3947576319513971
0.0961583188921773
0.0010375134010626175
0.0014820901216616722
0.0015080238624024522
0.999946208168867
0.9999871088633316
0.9999955756567785
0.9999951118757303
0.001568989774841656
0.00011007653769645742
0.000340039893804045
0.023712490191202473
0.261751731104809
0.9926467225690963
0.029612175000671037
0.011282097874697472
0.013324100479802592
0.15629705230661117
0.03425109779231139
0.006944218809012637
0.00935822483112303
0.9907552288770475
0.016307676815252137
0.004217759088838369
0.00026307715268703014
0.009604614416066526
0.0004115133078841371
0.0024218184712649915
0.9451838516757476
0.946457548212896
0.009361984087764341
0.007242417479686791
0.06858063762930011
0.06888090182729201
0.1172648448365059
0.11977884666325433
0.09905717214665011
0.07223893648114654
0.29394227340808876
0.9357915726525844
0.8962338955179325
0.9178062474489621
0.2624590787299357
0.04441748016186886
0.08413217166562637
0.07058038670815758
0.0785856009000373
0.8104956694143004
0.8685920017233438
0.8823069178147835
0.903957181048633
0.8722931604115715
0.9004475928545572
0.8801424736395516
0.9650465700943109
0.941806551884741
0.9331100930834512
0.17258183662117443
0.1849909981325618
0.2425005389153092
0.2625027552519761
0.872337569370702
0.7903916940195872
0.7975877856276856
0.9512644446334094
0.9519541421136313
0.005491090793489861
0.0032949281358786164
0.002571781130632167
0.025383831852242467
0.0035153023915215353
0.7741048245915627
0.7611521505567691
0.16882373659191996
0.8288927705569991
0.9972232772781018
0.04775756387611785
0.04052108062810833
0.013285142968472052
0.0028226153737056503
0.0013696796292160807
0.001965299959315492
0.02573840456949872
0.026762061070203735
0.00449959848739423
0.006940940102733162
0.008594789819960091
0.7920392631218827
0.9500297284353135
0.9761280505075913
0.9998215797023104
0.9993160761109268
0.7918031176775382
0.8772303713168967
0.10927778386461917
0.03024475880127586
0.004461796558326903
0.0006258178069298292
5.2086022017117095e-05
0.0008159411746120337
0.00251444729158401
0.0028168231333532967
0.012891332972477798
0.01567194613801448
0.019081135752449963
0.9725078530805406
0.9999695514111884
0.08303786914687317
0.978128239072798
0.7345978143225829
0.8130342557201116
0.999744299546613
0.03924851945948815
0.020412697880981767
0.036656895523123234
0.038261574323384395
0.014231829896143022
0.9463954922225949
0.5109934851582179
0.43692465923836465
0.5277692615220061
0.842488806465923
0.9649640371611726
0.34800025804401713
0.040847817445695656
0.042045355655965566
0.7856037748549463
0.8220791096494177
0.8770295275178596
0.7184982040253547
0.1041074203048693
0.2250232167297348
0.3118998167264897
0.938396887761215
0.8570178744165342
0.8603316474537341
0.5208163088566006
0.42146510925532676
0.42601542069369136
0.14584685410181464
0.12749134513431604
0.07973146403319087
0.08502009929490428
0.9209476617170596
