0.3994507110417589
0.048742465660827516
0.015576755885715388
0.014687448258338787
0.009940253361002349
0.037075507656499584
0.038834808057714776
0.01790685688579685
0.10074765005322073
0.9639077670885188
0.17784907607491385
0.15990590598732846
0.9389332081528663
0.9624821710373727
0.9922929564797713
0.9855752679130795
0.962884081645828
0.9531009440934265
0.18412388431861992
0.2053299792683353
0.9672563497471949
0.086932173116689
0.035284962512341034
0.024357086987246257
0.002190181329045915
0.0030791057084051943
0.001542394564088445
0.022681175242901808
0.09130716081780799
0.308004904451571
0.830913304744013
0.8519730310538842
0.36197884067877006
0.11065423841554811
0.07700212267661888
0.09784553404608543
0.8920851529879754
0.18977923177340716
0.12069041006187309
0.13742667296080113
0.5200730613303604
0.5275874524894651
0.18482159141493337
0.1545155775360273
0.09772870327142436
0.11989363884864612
0.13270329315577833
0.17427964482819847
0.91858993291634
0.9138318243487308
0.9322471739333155
0.9492171359284881
0.728764628445576
0.6860317633265077
0.17516250058306349
0.2611715750051409
0.25136401654456897
0.39457512744310685
0.8175554122907391
0.10460807946536699
0.09510718724012157
0.03598957285293425
0.17366696696653083
0.15927061847069468
0.7517373364429787
0.02574200924024761
0.014762275189440288
0.023769903116101276
0.09115338342087853
0.6061032498816419
0.6120026292183289
0.9914840345239447
0.979428650567367
0.5390451168877264
0.19189694918126632
0.05736279300029912
0.5503130764430861
0.0718461836744283
0.0053537759569040055
0.003494384450506982
0.0031860641356318276
0.005501885528699457
0.020740108139509883
0.2159702475965486
0.9153352691733672
0.8898752653255019
0.8285054562191771
0.31307675826258907
0.1153051754846598
0.03820577439252604
0.0572569755140494
0.09526398077006692
0.15778318209823872
0.20587641002341783
0.955318759678178
0.4403117376105835
0.4203984423902807
0.5005644052676388
0.917621610686933
0.8648443613400163
0.7912298101322022
0.1160480809585046
0.15685696594824772
0.47573751498069483
0.7323876470359656
0.785362328986623
0.8311947844248532
0.8568988059746513
0.8918983322555329
0.22714292420138948
0.12444810188439182
0.08368128736348313
0.03278403315693501
0.7344262587948892
0.05123331957497068
0.05090675936721567
0.7234336637588968
0.1486155834565397
0.21937312019384547
0.24929445152127183
0.8041224040369749
0.8136849009228344
0.7194981191154812
0.2114754348634914
0.15062700224435732
0.2590621295720309
0.34826601772597754
0.8405875766553257
0.7676445978363262
0.7930687097518344
0.15602775251949508
0.15021076043802517
0.08889050489945327
0.07455783499985158
0.08299427139968929
0.12715315665201432
0.11969473837520894
0.10236962360065116
0.06734691148411276
0.07216485164911235
0.8600705643235402
0.17843857506214256
0.21117464303686695
0.2256760508543364
0.4233120313995081
0.24192438742144262
0.20481342127293356
0.2220230462644448
0.29513447213515553
0.3369771297699393
0.3820721350113476
0.3584199010577097
0.8494959009717792
0.8401270513006821
0.747511608877934
0.6955622550861127
0.6029451438511506
0.5715975729722017
0.5657897349020388
0.6426322780406594
0.8378258936312524
0.835089141770302
0.8626139230281936
0.8828679522595949
0.5609034227539927
0.5570546298686183
0.5694406378644956
0.3241113154183164
0.37073091819998805
0.6572749495331789
0.7474291824744059
0.1505305974078086
0.05550845048054387
0.02635182795289248
0.018454335011961143
0.020316746820389864
0.024408454544889935
0.09678887424679539
0.9990515600171429
0.027553042481838097
0.0003970567657933799
8.555458099257507e-05
0.0012962793207520473
0.9955835831623658
0.9746559878665817
0.9900772819843513
0.9995874864831668
0.9996068549173831
0.9961668200688847
0.976588314266386
0.9878638225681061
0.0012200872760966819
0.0003056654871671505
0.00021072847219283375
0.026673369596878493
0.9960107603585789
0.09565287144281553
0.012449550981748159
0.0030793940783225837
0.0005450296438544999
0.008349363171209156
0.11110468330196688
0.31195466220505963
0.5226285322128716
0.09134980008361715
0.06329772964900182
0.03630446206431537
0.024315161686641606
0.029074717606237366
0.3190368545302793
0.8413233078565217
0.6082971159524596
0.5830075632331773
0.5281690885776589
0.6034515899805846
0.8674046604098097
0.6555886811623395
0.6500225319904571
0.7464338569379693
0.01851807008522144
0.007837081454394212
0.006459975086882008
0.0074464748626417165
0.012992324266710265
0.02222276239235088
0.04921491568523817
0.14215264287055907
0.012096680340887733
0.018226940038450046
0.05276374965436326
0.32242166393571847
0.4043352324797651
0.9886395839558857
0.9630219178895907
0.949756584655467
0.9555053983028047
0.7118683211512584
0.7199366729813768
0.7228003063404802
0.7328538645000742
0.960922621671334
0.9482915110781917
0.9375376772086333
0.9081214380801779
0.9278061037447667
0.21450744645527542
0.07961284845554684
0.026438139708042985
0.02620937495724951
0.019452403923048256
0.026335745562270918
0.029565987739429644
0.10950810089216267
0.7806794081869246
0.07503207576574233
0.03957518264744553
0.158788443631516
0.9101722742204741
0.13854554277679598
0.03528207351536583
0.0966462722638235
0.10071853125004082
0.12684778826992005
0.9915038712258799
0.9875056260478571
0.9864121616225446
0.9702953960084311
0.9650082632585958
0.04269526893283049
0.01753672059211775
0.0122098816961701
0.03172577463043147
0.16190669114443668
0.8261066197870086
0.09069030330427708
0.09746874985739995
0.10431868592130933
0.09868947544412465
0.014660705800889295
0.007570547565043273
0.004046390627253982
0.004917074726837667
0.033381221111104864
0.053433647636973
0.1648199664772828
0.8700889138877208
0.19591487285973996
0.08434934409677819
0.03461558231870032
0.02026944604345604
0.016056907061359205
0.017274662545797015
0.01716578659998058
0.016084530752429216
0.026245354895461537
0.028751083084988638
0.07710164498912353
0.9782083760358283
0.9321278538369335
0.7629103551654787
0.8248002012579754
0.940341542683813
0.11695012650546022
0.20013676228583788
0.9312045709845149
0.027573665211281018
0.023772869075964875
0.06158495462651026
0.0482953915953277
0.462754591693584
0.88660630712427
0.9731506752200167
0.11422827422810988
0.04196197263065915
0.03132443196426993
0.06010379354798501
0.13661989717409595
0.977836238172617
0.02100170820145153
0.001339724642563822
0.0021826859813361965
0.002201504602872606
0.0020945319111683736
0.002700745930733328
0.0029007029669010365
0.001689494369110145
0.0015352051606045691
0.9358274467138266
0.9990295539697182
0.9236723428703529
0.9989626282964833
0.9990766852766735
0.9992190716560139
0.9990843968667975
0.8604368189335339
0.9990170066667202
0.0015277219811230536
0.0017276636291195802
0.0029085961308498165
0.0020609123969574927
0.0012333329170112206
0.0014338288467267146
0.0012782416958920795
0.0002832015153035883
0.02678305756225441
0.9930386806514998
0.9876994874382945
0.9813346495097923
0.12118003649442777
0.027821905860934804
0.03342338968011649
0.04671825349285297
0.1198424436301696
0.9890048451983731
0.9957706395695383
0.398326882375702
0.9973787179497352
0.9979979056576562
0.058867353236605746
0.011599848997446927
0.008379085474205294
0.021730561731776565
0.9488713704463689
0.25862582710141435
0.1153834876495955
0.8714132285693605
0.9527507299369395
0.6982954247347091
0.9967350482434464
0.06596478399204031
0.03819997606334502
0.0251965808978738
0.03877177260736664
0.029401639915781597
0.017407162071949367
0.019042782227456367
0.02957824267102238
0.043685367477312775
0.08899666404640239
0.21710868245407666
0.8813431481742979
0.2913601573899067
0.24143915938777605
0.2627730105702719
0.2747040724630232
0.2475951992735913
0.34283644177144124
0.9511221787444455
0.9198917594902964
0.043913633396697405
0.015269558679314787
0.012666680084162385
0.010992374274503725
0.00952898307794059
0.008925956233105214
0.01896170782879547
0.9066551802760446
0.8554463832540213
0.8931118351605247
0.9035114416917361
0.872857125387982
0.9577099227886808
0.41304846939636064
0.3296628402389954
0.9267301763677723
0.28866633029380795
0.2851814186095578
0.2007176819353893
0.15080384462112195
0.056976738285997364
0.048871012526857105
0.12298092888529022
0.9143299024097122
0.4113630972315684
0.3735231121851037
0.9552093822097797
0.199557812748127
0.09754412234346721
0.10517546184003446
0.11525188632662409
0.9511682085116397
0.9420538507541502
0.9649338839614393
0.978016864344394
0.9438356820729095
0.86583065836692
0.8742981574274223
0.8924479338629256
0.018610380600459164
0.017151400114906457
0.01927178308789068
0.11722979001013478
0.8772862390592581
0.19184841065975022
0.2891377008663424
0.8615668266689126
0.10070242557499665
0.10080847572397855
0.07114801569071683
0.06821076921488634
0.4385907532570731
0.5539403046117808
0.21360788917843299
0.15501435212432635
0.15951005994153222
0.23334067895165833
0.9375979291434967
0.9207474924352645
0.38880278279855096
0.10897557578688766
0.0265485573047064
0.006544537248298621
0.012344375638375649
0.0805310197963589
0.08806751049105355
0.09305730090282505
0.19328174472599413
0.8422720774568275
0.9036176451906787
0.9011788353608023
0.9029109994345614
0.9058817615937855
0.06226620675414307
0.016060677532730105
0.029379333092435345
0.08359397592953044
0.08582378504122334
0.08692560377197722
0.11589042191303833
0.1697879175205026
0.4203241773944888
0.9622380870237184
0.8690732036627047
0.866017856846218
0.36866107650981106
0.27954779648236106
0.2632933895443963
0.1390664864122375
0.025688753331904124
0.6227494273601138
0.8270290514039373
0.7676304270599967
0.6455285294588025
0.7271211052570956
0.12276035925929296
0.2614245865295728
0.26802168024104467
0.26532004894238204
0.4835291917861685
0.8760890420219712
0.8428261179003518
0.9108466959986827
0.901331463328303
0.936383739545306
0.9599616360007176
0.9575737310782162
0.9409540933270022
0.8987982184441851
0.9228596103226974
