0.8275177246706897
0.7799385562680206
0.8431070993473455
0.9280162557689667
0.9655213739809542
0.9840667087091344
0.8119722621472938
0.7433693034394189
0.8346079507566873
0.9522475076593797
0.8428878564960696
0.0781781857403665
0.026419342361500675
0.14747485344143418
0.9250890906353777
0.027552901116940753
0.11496975838531753
0.13246167277456133
0.009223012876699022
0.013339605541565769
0.5477027412583377
0.5811779684312912
0.07568640490453604
0.13815742823001265
0.7056544130425328
0.788721620251676
0.9830286463168239
0.9179984064680337
0.7484153213667455
0.8470848601391878
0.7015632649372776
0.7506930293788106
0.5839829099384336
0.14214159919738556
0.12778603858108795
0.9549040452591252
0.9922049515174202
0.19524926584044988
0.2806911537347271
0.1518791884647429
0.12177093659302463
0.09965134862200253
0.5978178355458332
0.421466087634776
0.3339682230797013
0.18713821996286728
0.15882581755623115
0.9026834459241859
0.2322936752535829
0.10054960196392848
0.5134887567748159
0.011940817802556736
0.019928994305852044
0.029432751223589793
0.027460112080452848
0.018731191347914122
0.05850062313958948
0.6417088576679838
0.6417363424205842
0.9979121636294808
0.9267404718479436
0.2841491173844516
0.3252594194925289
0.01811311182147901
0.005610182093830796
0.039219996724600525
0.14231035790408153
0.20388159393012584
0.14391288711317707
0.7240956795480179
0.4057560352715017
0.34284478519975636
0.8701782673165189
0.6682803751088326
0.1916253017761279
0.1665710006496337
0.6150618050031234
0.2523607343357531
0.11190735823737108
0.1559478902243746
0.21753794939778204
0.6606240380166335
0.3093852928139603
0.2832909725348428
0.24512430925180018
0.3099198344738152
0.11255951177374846
0.06792523292690056
0.08036593518543533
0.1327501369045182
0.15313269094739945
0.4627550426692082
0.9392934393551062
0.8231990116353376
0.642268899450626
0.5857908386517394
0.5872941191723973
0.06183332106016293
0.05354710686312214
0.016551835490020927
0.025155495450135734
0.06789940972860375
0.6642502792839737
0.7520151692198435
0.09787743631158552
0.023925202696381764
0.22269049923121964
0.2926569475359293
0.8370458855819011
0.028017655648711726
0.003217379853475144
0.00317912115635266
0.01011028232485467
0.02742341195101583
0.027288647495977925
0.029689453350633332
0.9916236103869991
0.003299601910701777
0.00012756506369926424
0.00020212096310279204
0.05332115804276272
0.7526817994528501
0.8000340040427284
0.30574835940103995
0.2895995576841167
0.36735952763918234
0.9946909523049614
0.0038873175543345795
0.002115374657107316
4.562019386222804e-05
2.55123525514378e-05
0.0008133311326643522
0.9999643180374654
0.9999985737096431
0.9999990761056596
0.999999654060776
0.0008229167103834811
1.5471900825403395e-05
4.258412953361823e-05
0.0001113777220531631
0.0019575005577825433
0.9987018184877532
0.36762503579403116
0.28878308976303
0.489739553871555
0.8162540326920991
0.5394331113553068
0.9816340060171034
0.0048290610153930436
0.0008533940519384053
0.0012510450883329582
0.05209669242890558
0.9935729965738931
0.971667575678789
0.9993060726097013
0.9971019687193355
0.03971367076549004
0.00036860509445035827
1.7261369786303327e-05
0.00021065672072440034
0.008442023118210629
0.9994896282635576
0.18787900612397335
0.0004487149139547064
4.3483229380747446e-05
4.398769942481895e-05
6.137579851783759e-05
0.002961487326788137
0.9999926264062963
0.99999060035172
0.9999982641959975
0.9999926408783688
0.002994431084461513
2.543501887963817e-05
4.622403071097292e-05
4.654038563556284e-05
0.0001766502593387731
0.1877118325069035
0.9999949759590775
0.00836636040199834
0.0001724772077754677
2.6327182218621736e-05
0.0004335579448928595
0.03774727331788397
0.9982705692441127
0.9914151494843001
0.9956823649441596
0.024007584881502342
0.010868144710209582
0.9860731770307268
0.9854903478289706
0.9857252592707068
0.9891330123622575
0.02200634423778447
0.02350419560043704
0.9927569235649206
0.0289248198335178
0.019748477584076274
0.00873849980866337
0.008664464529444915
0.004193632209423037
0.008577849021607853
0.017456731524566504
0.9251317598862832
0.6867156884726975
0.10800339978959839
0.11241344066563519
0.026078701126012627
0.05067414501857104
0.058957285504053214
0.03845762552744336
0.011753800989186103
0.4514999073463235
0.2746690748159757
0.27542464265347133
0.007496949767259564
0.03100942944668983
0.02453888124707726
0.11808311922902526
0.0832674806464484
0.1727661512766816
0.920491097462343
0.14931597521200024
0.0747946496441122
0.2876826063729807
0.9943491557813533
0.8576876834733953
0.22706826667384672
0.03623098930028368
0.02516999912484863
0.059306429961155094
0.9152916438820823
0.10119426806812215
0.006369138479134118
0.040322732750734835
0.8717783025901786
0.7857990533734653
0.9955471840050947
0.9966750780721172
0.9146623592404804
0.641648279541479
0.8303149875002489
0.004274306648049064
0.12113055866009026
0.12596975556782886
0.8908731514811297
0.037885854966873245
0.030663488809640094
0.20751039049660014
0.28690574787396783
0.3176459077928936
0.11096039228367216
0.10898024318691779
0.7726823692398964
0.9909081860844534
0.9378023406730063
0.22112163055961875
0.07146531069931827
0.019486546933579207
0.047618310511784334
0.0036264249105145696
0.029055959717277702
0.8678340926214358
0.9685200426764807
0.002928957456329928
9.715246352071105e-05
4.672918647974367e-05
0.00013486527191242104
0.001652090871229639
0.9029784190067707
0.012668122213399968
0.08127033386811633
0.7895130735169081
0.9723012210735322
0.9992432121173148
0.9989418585479827
0.9601498226546291
0.9579409505124677
0.9522568622203808
0.7575610639666659
0.07199408539003904
0.05530913703120144
0.9955810464806304
0.003356158134526832
0.00010424684944898566
0.00011126943351491558
0.0002626365431762645
0.007914933878541364
0.989613925109885
0.9899751782500893
0.9947335501423865
0.017915612154119964
0.0033232041357758035
0.00015568893357886804
0.001440544265147059
0.016973843562950286
0.9987216143500627
0.00931964018150222
0.025841286178806322
0.03870758538036223
0.9987189155560603
0.9981282014078169
0.9998668550052981
0.9942621262976705
0.9944672817373101
0.044948721622612986
0.00848890839490024
0.03235691354730197
0.01863502573893172
0.0013229166061491382
0.001216739934690958
0.006994445287017537
0.017894506202703053
0.9983293331419092
0.029639207514067234
0.004821228058903504
0.0014506349203792235
0.0018789966824854787
0.9815712468148021
0.9868131547699345
0.9825828671404888
0.9934372962293246
0.013928680447479969
0.015813841898588255
0.020971374869190762
0.02367312154317125
0.7656398737337886
0.5457559332156768
0.7423990117533469
0.8368436214492907
0.7392193415108551
0.8436992817889358
0.5301838429935487
0.35342637877646244
0.5193402921539829
0.9228242450570998
0.7390002499804662
0.773958576466576
0.977458295715302
0.9588915063613841
0.9152728139128907
0.9635042266416224
0.7508815225174765
0.16738640647413883
0.007844196602563525
0.027851884289486928
0.030418373328048975
0.6771632830584158
0.8529287545982546
0.9925628707772879
0.5243113196011426
0.17499001712559115
0.0018203910981569038
0.004759201269337043
0.0023998893078618355
0.9946251447753043
0.9948763870710108
0.9980204140045383
0.9997399114766098
0.0071037283590059674
0.0038021645173704766
0.0029083906375436674
0.02637540886279699
0.23299685090115263
0.8457640571380882
0.21837293479861264
0.04754346216772809
0.047832368426759087
0.14372787220306105
0.11246919802742528
0.23428733006483327
0.182817796614426
0.33337480072003545
0.10239559742266491
0.21071849239165763
0.13631165433493253
0.14899687183938304
0.10521849741557132
0.17214823775336408
0.26378836638879444
0.5448053370389421
0.551516380390652
0.035234536681608586
0.006782480629849319
0.03964333827685662
0.07666968501634586
0.9835311376485038
0.9964179064579455
0.6885030062240534
0.8347914350063472
0.16467028870608458
0.021043718390427735
0.009328842804776416
0.0013343141937681713
0.0010907679946110527
0.0011455809726886867
0.03242511103380463
0.9962244293155222
0.988353810646166
0.9794769915585142
0.016041430790600164
0.0003187364405031756
0.00316531519551555
0.0018779518395390937
0.008978452055239394
0.0021579523965458147
0.028510739777260374
0.7490299216431371
0.9766745704825325
0.99610185211814
0.013710819073580849
0.008497334834023373
0.03235419042738674
0.03629943947983649
0.9088359001288483
0.2828898994330191
0.06410539564173956
0.00843089645074202
8.054730837414592e-05
8.554519847314701e-05
0.002047778903885189
0.002098328925899784
0.002354868439782609
0.0015425500731043318
0.9800075603662362
0.9563873329441223
0.9914349510822352
0.6441054461252085
0.9973216029149615
0.9057343957836996
0.8512308041383132
0.9409487142580995
0.9964761602302982
0.010644127831003436
0.00023065608011851868
0.00020398950387368053
0.00016588549719409595
0.0007580444831843947
0.1466845989185025
0.9994328232783746
0.9995284807951142
0.9995602310779208
0.9985687285509137
0.14770562101189333
0.0006670397324858302
2.0788887880596185e-05
1.7408040382638212e-05
0.00034765688697546704
0.009292750110896808
0.9991454735014275
0.9093429137082947
0.8426361708384527
0.9399105429553791
0.9618928072810673
0.679679103348451
0.9978110122223294
0.9977157038010988
0.932422363600862
0.9988729427130276
0.0012990451117860236
0.00010785105756339064
0.0009438912184396298
0.0009511692092104562
0.0009209338970024294
0.001765362179484975
0.008833108611367657
0.06607255377073218
0.2953999084938328
0.9949205240784641
0.9798827753124738
0.7053447680541031
0.16746583660044
0.18281178515187646
0.8719860579164564
0.8698032811883605
0.5912558981335599
0.4703738154869954
0.0894849112693118
0.41791203989339976
0.48749386584135845
0.7740969942131302
0.8705988291350598
0.7481361108938283
0.8685863792027704
0.13751562203287837
0.1180147009930319
0.1554149238953657
0.3959542116823078
0.44767019220901605
0.006429836333523564
0.32155439152348264
0.7992900459114625
0.31506349773399434
0.3065538301890416
0.5883736405549088
0.47054407252754293
0.4781194262709123
0.8440390210732953
0.7525784743893937
0.7968981161158278
