0.9862289833302467
0.521881115911571
0.07247429097589153
0.028667364753552804
0.07571770297580604
0.08069871410545093
0.0788804490985957
0.07141993125504986
0.3443048344980637
0.9036337853084514
0.8495561713717843
0.8615729614143289
0.9612590736427399
0.5188894769924507
0.35116354171187325
0.4059461800494222
0.248853919822144
0.6080125947871241
0.6727398138062517
0.6999824339806299
0.684860025402575
0.42422911619128634
0.4340499808462691
0.40396641901644015
0.35228129301503586
0.6974441764658887
0.6305183374793986
0.7216078906925475
0.3274987237135091
0.1076248701600494
0.014648003818652278
0.015425051775482257
0.05565412215097554
0.06532236978222117
0.06934097788489224
0.9859963687109025
0.07241386543834316
0.07864767369521009
0.21761223432516652
0.9722706038108495
0.9740628761865098
0.34255638967461555
0.22539659863154904
0.27204058636393846
0.9802856176210585
0.8350262378008488
0.09894719413128472
0.004545331411983766
0.003092384354313027
0.0020710970116163407
0.005192949213627451
0.0029049698474969965
0.0012208262799919822
0.006279956568897349
0.8796070428240611
0.03892610187686485
0.1105943698514994
0.38602914992331794
0.9382775421287688
0.9842616661645308
0.2358573696797236
0.029193511071721523
0.0013051536534758323
0.0017730965295000845
0.11364471603314918
0.9934077404580008
0.9598704909175144
0.9946105914528747
0.9981221184856452
0.9960446790987093
0.9655432416760056
0.11548826200240825
0.01022832743183033
0.009978188550336164
0.036303085027855286
0.2381983825387899
0.9977269139937891
0.9408806715754365
0.003231843557514491
0.001283557472493646
0.0025997374462706224
0.003986403570302333
0.004539386344764917
0.004111770786303648
0.010068765904746257
0.9992505557630849
0.998837051003733
0.9986389154776166
0.0032980806789556505
0.0008224996288600517
0.0020016043958375196
0.0023732939666082364
0.06380829511426722
0.9734876586691552
0.9720103489549587
0.20950776282424521
0.0006358807384649889
0.002036160114631591
0.001634087007037266
0.0014784669525741423
0.0006649393473827647
0.00803670043703486
0.998267350106046
0.981981676781199
0.9744159658434902
0.049582932709835825
0.0016173686910411211
0.0026951470438124625
0.0030581414364843074
0.017615978008202915
0.13319624027523436
0.9984795907201761
0.1675884233156988
0.015242463599749345
0.00031666122821460974
0.002419717315044201
0.01749886015033897
0.7280183615131316
0.7091510940471044
0.9451240226119523
0.7213096723292836
0.4946711674286327
0.43378019077498553
0.4090220649541675
0.9595312297755846
0.9998128437500415
0.9997895295462866
0.9998005810810848
0.9999991530778864
0.11677157841531793
0.11747547251061607
0.2382433881960846
0.9455921710768045
0.0025850402003952944
0.0001974383999326923
0.0004375189525223089
0.01720716364241981
0.14064755342476276
0.9554932595085193
0.9168259221166317
0.14795187781173702
0.014152410648050506
0.04882569471249465
0.02466591418533981
0.03218073912297248
0.049024111838189666
0.009877781494165294
0.0008638251059244206
0.0016652793999448745
0.0020496891543166917
0.0001285871263670968
0.0032473683806416576
0.21468251065361377
0.9201624964523293
0.9730275114019233
0.9964052090918468
0.9929706311080063
0.9896335053513418
0.9862746993508592
0.9159858718979774
0.06859897915397417
0.06040242000257234
0.04473980874270023
0.9876646662643782
0.9985853125219026
0.9995362607220106
0.9988394951704237
0.9973070614903116
0.04694697791918512
0.03231622801254863
0.03497819635054422
0.05880798241120855
0.00034471176299843975
0.0009627306547006498
0.0002875961960780993
0.0038852981643724416
0.9981963905210895
0.9979014604334716
0.9965389716428024
0.009694959561566407
0.0031262258663280473
0.004225499744885952
0.005771427158876019
0.005089887594456166
0.003846875190750776
0.0059678492181891585
0.9924644195351771
0.982656567043902
0.9891229212953229
0.8988603491016354
0.8905333019512464
0.8749546443731928
0.3970890126749872
0.3931199311125261
0.4955898227835839
0.9716278354759345
0.972719293922235
0.9579429765033223
0.9718110448776001
0.6173801326878866
0.03643727830584653
0.0204250115141672
0.020785800653685182
0.6148222923365948
0.7023889016576156
0.13026292890506141
0.034703383357947426
0.03833292461384796
0.12258174399703703
0.12392608874290245
0.12803295848318985
0.9962860642036884
0.1455081510291748
0.02985873631423852
0.001669905177165476
0.09269790647876686
0.9277630189021735
0.8789539962648892
0.8772740674132715
0.8830347605093751
0.9354095078582646
0.9979849138263959
0.1575544157539106
0.02293446374831698
0.002610162007296024
0.0003691238837567612
0.0009885188332318107
0.013934505398004449
0.10215463663758839
0.12398120719233097
0.8737985905269335
0.8824618636788648
0.8320231200549373
0.8481811753988707
0.8531248310851027
0.1602316465207646
0.07293005525767005
0.0559425093736835
0.2600905175784013
0.33682919889881335
0.49627108668046804
0.047526330633160696
0.015222262781761864
0.0134550106682364
0.056548314793667176
0.4052450066555473
0.938971319811582
0.9943968007614427
0.3287162799657758
0.3216927111470935
0.991158516353951
0.9460496858904156
0.9564583005254246
0.9570544614629148
0.0781247358867787
0.16555382842238364
0.6303965120046553
0.3574941754523777
0.5036465789336754
0.5228923759482605
0.4856046869222882
0.25519852734259085
0.27593693669539365
0.11065799031516088
0.0700621885115621
0.17299577302094904
0.15496764915530958
0.22558175142830028
0.9460779158841472
0.9122867393597907
0.8659415074325847
0.8617383875440968
0.872863179400998
0.9957193042972946
0.9550858217986286
0.0695201314300622
0.014749945425690747
0.05756539709216324
0.11450803286845257
0.05475555576462132
0.12762206853698754
0.14068652979479435
0.18682589148444073
0.13989356454128055
0.002882898858967531
0.0037354626105507993
0.14829842157587592
0.9983219986331312
0.013922348341617985
0.011100678432803601
0.012230224282240632
0.0051603246215597975
0.008776975747714744
0.20241146702367918
0.574975909514799
0.7756045710950779
0.7889383994696676
0.17008504435656746
0.16036881740959852
0.17944024301959383
0.9688921438087363
0.9713414811317406
0.9707324052842845
0.9298874036302404
0.9304396545995507
0.7825628823458475
0.02093365865700425
0.038781200511826985
0.1869034612048186
0.9740416595793636
0.949121653806394
0.9737866897754471
0.9658594576228648
0.9574230824387197
0.6950804769116046
0.6622298153078423
0.6652912570006908
0.6603866020382311
0.6609429325485832
0.9061058827966189
0.9291858881925708
0.938900089250844
0.9234793925759512
0.9232494290963225
0.8488348652928436
0.880773411127413
0.914656262577587
0.01718962902825416
0.014929532732619544
0.020494633355334746
0.09842110434205054
0.023828740215747546
0.048629379075252666
0.9017803940400712
0.8873036999367216
0.9153640982127261
0.8698170269006774
0.9028946420806401
0.9978986463079866
0.15167479246386428
0.00989716294603149
0.0001505134510877415
0.0012358221619954701
0.0023298405785906473
0.0005826295132633774
3.150595952317037e-05
0.0018859772550919862
0.002293135155866377
0.000713463838430517
0.0011000869415894732
0.09579675333291549
0.9999943996747678
0.9999946413701833
0.9999945762809842
0.9994758652732533
0.09631689420143075
0.0011051241028218195
0.0007180906569500545
0.0022969179535826667
0.0018909972864356028
3.24024258542277e-05
0.0005854703758511048
0.0023276828991966036
0.001228736774976813
0.0001336957174452591
0.009922455502327288
0.1502129566671876
0.9096943155640436
0.913434067408538
0.9547860947452345
0.9749298019356708
0.9592567665424501
0.9314534726456576
0.05688612323698028
0.014233526349143766
0.021674273546518186
0.0035678301352772834
0.00794693326325957
0.0913859412693181
0.3637961743699094
0.16654889393923844
0.07367076244614157
0.8860469112292838
0.006064242246028417
0.07215082168958364
0.030977192927569175
0.026694910211633838
0.026762500510108755
0.07240635574496912
0.07602176111598746
0.04920391724980833
0.8278671796497585
0.597642271794636
0.2017619770394089
0.28738346694136985
0.6070509092890738
0.21447634651600544
0.08432434711059389
0.0795383225192452
0.9895621763968133
0.08173083947978166
0.028103002309624925
0.013507911653966809
0.001624822130226744
0.0015108966295513948
0.046885783946388426
0.32437627688600335
0.9220793463018742
0.9259372922449789
0.9352578409717266
0.975678896780081
0.9191176283019853
0.30434355120236223
0.29756552665083924
0.37347479924349014
0.9525434146078676
0.9652932933514201
0.9169328610416848
0.9084183735572254
0.8196984478733966
0.7977309827365099
0.22418928672133076
0.2995685428815268
0.2809037667571288
0.08814002603965998
0.03352967560532116
0.009985981609777927
0.012179262429425242
0.01356968169896866
0.05723151830816564
0.9933656443603676
0.29160279089131824
0.9691793351988545
0.7671106591762559
0.9978829758231134
0.9990643199004651
0.9991879516630148
0.998881146161109
0.9991745392298517
0.9922249084525957
0.8173761670562774
0.9368790716743786
0.2495257551091714
0.9856145111528671
0.06209050085698942
0.00023518043789416687
3.524729698789475e-05
0.00035994880341860824
0.02220158493330837
0.08606597222155321
0.9904762379337909
0.9107086206720166
0.8677028922559108
0.8501630571611654
0.8908466756353998
0.9904936360818636
0.9922680363000008
0.007820577784628191
0.004369909530677729
0.0026049288983615027
0.0015948275511153964
0.005400904240176363
0.6535490951043201
0.3535722267567939
0.0003513652281591506
0.0006746477236965198
0.0010943566098619018
0.001962089813286494
0.0011873655689236262
6.09178391439702e-05
0.0014958666320072922
0.018255384992988954
0.9999821421521301
0.9999570532776548
0.999999891955371
0.999999872211179
0.9994106775963494
0.01880146192558485
0.001477880980499724
6.14726524446052e-05
0.0011875533342965428
0.001961994741248141
0.0010942643606480784
0.0006748566212605445
0.0003496454916015468
0.007186553153932129
0.004969791124609713
0.0012003382196567047
0.002325475337170202
0.005623349742433725
0.011722297391118408
0.9645547066676021
0.9495151208404324
0.646391756017579
0.6333444051272831
0.6520801277855818
0.9307314421549696
0.9312464800922169
0.9564916018593564
0.9619943191922949
0.17380118559092983
0.0018272741238153367
0.002325111161070148
0.0012086783380826915
0.0014575740278759408
0.001643157654706906
0.0023058044868956573
0.003758987044500617
0.003611428513685455
0.19172304202384738
0.9998863626403309
0.9998052239067081
0.9996343499034674
0.18904877616454918
0.0015584048505091763
0.0011752148593888734
0.00133774216739857
0.0011626677456709755
0.0012714819175427827
0.00023804680496375408
0.0021690442436799184
0.0027240708063466235
0.1694154760312394
0.921240517034915
0.906609724835551
0.902300503393422
0.9042941041220613
0.6649682453381608
0.6288160227284122
0.6182761863544594
0.13523402553247266
0.00789724903535538
0.007235229006167909
0.03180909195121906
0.037545731048842956
0.027454837915066976
0.037683654369726094
0.14069375355216662
0.8744890021640389
0.48096141274827653
0.9184413800979175
0.549451358447449
0.9904061204066531
0.9953886444465424
0.08787424213416617
0.014413135892195839
0.00251107318036059
0.0006717260472011155
8.581376467664548e-05
0.001025214234064098
0.0008927462959055221
6.342697703032307e-05
0.0004831389428939792
0.34717059630311553
0.9999746371161871
0.9999811723586256
0.9999764477020407
0.3471676545238336
0.0004800755579781324
2.7818497982057266e-05
0.0008583709618661395
0.0009889806000344947
5.2123477642163074e-05
0.0006347847776462245
0.002550856453479966
0.014499313888294285
0.08834097243260641
0.9994768655350751
0.9180282438111651
0.5377225282494064
0.8670843611227448
0.37499338058318066
0.9097108774994305
0.21815015471101373
0.10287222058828793
0.051602454940614995
0.018097604238869636
0.003418283141773837
0.0012948251521752718
0.018803684694881473
0.16181559509754806
0.9768722777512655
0.16254495779730782
0.002006866793362483
0.0008440517267080949
0.00016173596943691582
0.0016309801522838008
0.0006971330306415613
0.00028585664497293717
0.036466712636121223
0.519548177743095
0.3550096147404257
0.7705203256582991
0.9205919849855217
0.04977828921995264
0.012841482775140411
0.0001009146670165606
0.0005110803120267349
4.774188638745347e-05
0.00044483858403820964
0.00012956293815624687
0.03411813427564203
0.998476769421245
0.9978730175202176
0.999976859151884
0.9999918655270018
0.9999987924212692
0.9978875584493669
0.032586669123528145
0.0001150086868757505
0.000437783585921947
4.911950812080956e-05
0.0005116399584257358
0.000100650801510338
0.016608451677843084
0.11824872290918986
0.9993177539075514
0.9262148790460589
0.28213989341482515
0.28314978236437816
0.9992660966359515
0.03667446821106046
0.0009854900813488499
0.0012965117978958052
0.002039866302539828
0.0005486269404711974
0.001142656339077286
0.0017848113413219124
0.16939761615423132
0.9576137761658793
0.7588436483703753
0.7317935682460976
0.974044639388267
0.34153991929776617
0.14678115306535822
0.10340337447464476
0.09723090708975035
0.14485525351342865
0.13843609950714064
0.0035095823864900177
0.0008917789503973816
5.035276503295716e-05
0.0005255520525642154
0.0005814416155915936
5.6406804636033314e-05
0.0003278264091713945
0.00015375869046807544
0.02066289532644161
0.2324286658244652
0.9999289204086907
0.999940662491326
0.9999399259009585
0.9999999798481801
0.9999999816132727
0.2323580694042492
0.0207879305071057
8.034765289544055e-05
0.00031601627555077894
4.751957941040441e-05
0.0005271399874295923
0.0005906305223229991
0.00012190651689425458
0.0009451684512288283
0.0038183459369738326
0.9914651540200328
0.7053597059593478
0.9378596659543816
0.35519903070053294
0.08426259073700837
0.012713507631230692
0.004341851192829593
0.02558850036253113
0.15916214282094376
0.6151952437338959
0.3099196146206874
0.22005993604123564
0.8945828934279176
0.1331768641388199
0.008984704135365007
0.008805359200569018
0.008395445623757936
0.0072176299564749025
0.012312543201667858
0.2662582786816663
0.9970418756895224
0.9612583015789894
0.07523011586222506
0.034126850689891075
0.030954695401448573
0.03428149508430656
0.11226508586557671
0.016742579813026404
0.001132500393603575
0.0018948315634332857
0.0031187456473892317
0.013982099807301807
0.997782851514394
0.1111934186495035
0.0019836823309585805
0.00855765017496346
0.06601783573783515
0.2675640245302675
0.9983253399319315
0.9999874366788937
0.997904780329143
0.2677636104761342
0.06658482678903388
0.007771082067040691
0.0015320089802051129
0.11122286490850142
0.9961853817140068
0.011468552975496982
0.002114984745636983
0.004322208942004746
0.00039871085623499614
0.015084432989395102
0.11363121023073719
0.999965560459322
0.9973512951564882
0.9939001296985859
0.025638449773371708
0.027561735549130106
0.03669477527689602
0.0394006206811125
0.26193422110774933
0.008578474594289065
0.0005444663758661372
0.0013464079603561219
0.007283153235344897
0.0021346122718520766
0.08564888106870294
0.8869765736572802
0.060416934828766866
0.06839027144665055
0.14570659438945377
0.3978879185732773
0.3937926462638276
0.3815338313987313
0.2966691684512378
0.443624845148783
0.8711336462131274
0.869181656334793
0.7753935626306907
0.8140931521084687
0.8438284554168378
0.4668950970904563
0.06871792608031779
0.05365995735674267
0.9932398537614633
0.007338485093586478
7.308780311221508e-05
2.2217183280992536e-05
0.0009993246959363322
0.0007347423657979579
4.2769593159408537e-05
0.0010933034877446124
0.004210484543262782
0.05687205822248442
0.9766124802469196
0.9684274351089173
0.19867954784165653
0.04288921060927897
0.008751855143426468
0.00445172816713979
0.005716629703581666
0.007546921849816313
0.9158593514583043
0.8510527393612889
0.9999847123616095
0.9999493557514416
0.05436208375927076
0.0003887489926532872
0.00041411045887762565
0.07089271807463915
0.9999175921957075
0.9999683762128612
0.9999792350993466
0.9999227450853516
0.07075821994921094
0.0003768937914718773
0.0003898475408731228
0.04108978032367494
0.7807034919704101
0.9559707408467862
0.05170510780471416
0.00542496193068942
0.004402232945344919
0.006716788891020675
0.04267066069012848
0.19705438104628337
0.9999503458835864
0.9722021556773597
0.03346871583777833
0.004236301661806552
0.0010935762897311685
4.268404944796078e-05
0.0007347085173106116
0.0009988212236390348
2.321017546802473e-05
7.672728503282933e-05
0.0072120320239845714
0.9724113692347218
0.036699092829172164
0.04035051664452127
0.13899232661692906
0.45181005245239747
0.3725344744588589
0.8364032762081488
0.6409541740605982
0.5828997102673533
0.7698352381141162
0.8280319714000469
0.9715292488227699
0.671427701872715
0.50981190376114
0.3583677372287869
0.19492005803671952
0.349035989814103
0.7201886516934359
0.8365899370269902
0.857995514960182
0.9645300781857327
0.6741336145734695
0.529308530832475
0.39761590997093776
0.4551897145213861
0.9035645451509196
0.9813712658054281
