0.98530755983274
0.6406012728232326
0.1053717237359102
0.08094059609231474
0.07325135551806816
0.09840605867659724
0.9487517437892703
0.9130231000253283
0.9313397523616069
0.7778953961975982
0.4470037737609489
0.39582670789138674
0.4827614269428143
0.5063939157242447
0.7371147802630281
0.9401761661314343
0.9591300374830111
0.9447944679601327
0.9788617419852437
0.9612881180301792
0.9450339501840836
0.07175402842558831
0.07064111225742375
0.9307298612651844
0.484804843496788
0.5055123611383727
0.01567705957038068
0.049626658106285415
0.026929612528060032
0.01940314916251662
0.37760684927666244
0.6921243717242191
0.07809124844434845
0.2790581483807706
0.09176459475800947
0.7983510848186448
0.035600221274361576
0.021789899641446175
0.016410746820294198
0.016078180187479196
0.0007912569152178639
0.0016118506799819299
0.08232231816266078
0.9827113689742136
0.9928970124775945
0.9809562876217605
0.9831512405684358
0.004394317742173581
0.00042639495397067684
0.0015401288371308386
0.00225914222428536
0.045525170972437135
0.9863014527933994
0.000552340434756049
0.00029810871579594167
0.001838757564193716
0.00012127597178435146
0.00026656127833124543
0.9996347981430057
0.0009724857720463387
7.795675220689802e-05
4.3006941709888835e-05
0.00010213014128346298
0.020832693819810677
0.11012017294536791
0.050648931380560924
0.044524130949991636
0.013603382226836436
0.006333063450375653
0.0025780465801751307
0.0021800487872555285
0.0014588226329291798
0.9871944973948777
0.9948222245878788
0.9989896264138198
0.9986749511661949
0.9993818024956209
0.9822422760544294
0.9999816699240034
0.9995015643415224
0.0009468022129750508
0.0021584270548287154
0.0020278967989108
0.006355113074827723
0.3496333102577147
0.6565860579895151
0.04592475925025474
0.007144137623507518
0.05543301630409292
0.7743700461934124
0.8204710420484493
0.013822482759522359
0.0046580808329865775
0.004062707357204709
3.675373137268512e-05
1.7359454532628327e-05
0.0047390387559498315
0.9999944511011378
0.002521346319561024
1.5303401394439753e-05
1.0883065471922748e-05
0.00025794580817206647
0.99998519012239
0.006620669835966431
2.674072069441813e-05
1.072885097841425e-05
1.5396536958478535e-05
0.002676616340992255
0.6477963167424594
0.393543616552125
0.06070903514625925
0.06108168219048771
0.9913895127254454
0.9901443407701989
0.9995869949448819
0.9986596952545294
0.9977774664755276
0.9991268530114591
0.9668602122925476
0.957171851225465
0.0014075750681513677
0.00011808403679103296
0.016633658541923335
0.5152473987388779
0.4917412468931621
0.0003137223533959954
0.0001956325602551212
0.01075121242650523
0.9999939687075798
0.9999995345770649
0.002973310586363076
0.0009611688281068176
0.0016533317402686043
0.001070399843212333
0.0045735848225424425
0.9998149393806207
0.9980202442323881
0.054452731655469155
0.08618316668719728
0.9942458561039099
0.5432080550718368
0.9999857766421006
0.9998574146936973
0.9978126707348504
0.9973597792283758
0.4176736318533706
0.8768699869015021
0.20549054277107948
0.18141267787619553
0.9956298086642104
0.9981660324840124
0.006937026661390178
0.0024213370391615863
3.567937625881257e-05
2.4033175344273516e-05
0.005516203398174047
0.9997839442988832
0.011081318809983087
9.001357036841906e-05
0.0003179228510926668
0.006985556692734485
0.024479836430625568
0.032301857386859534
0.018876532063700546
0.037352114512092194
0.016682142630302876
0.010623229181896066
0.0019109556482985735
2.128956491243006e-05
1.4211506570216415e-05
2.6591984149004766e-05
0.006605179337931366
0.9999794207164007
0.0002809001131079958
2.2040716503579638e-05
2.7243312282987375e-05
0.0025094887455920922
0.9999983658932626
0.005176228388153792
5.382558315558672e-05
6.282890165076882e-05
0.003563795811114878
0.01167112700858497
0.0717208588969217
0.8557908577302105
0.8024019126884125
0.7377873499154484
0.7002750199191737
0.0346133952868618
0.0030500896257169563
0.00044616585460843794
0.001059603955545163
0.00013477892339186504
0.0027141763896507687
0.018180082329757652
0.9990183279246511
0.9995650658422107
0.9990974255459767
0.9991650016661588
0.9999577720552753
0.01856206793642501
0.002780844174203101
0.0001087799297952996
3.194553233787367e-05
0.00017027420853055197
0.002563485647707142
0.020806207753198303
0.8668372719915289
0.9009371805781061
0.9369146925929541
0.1825583183620646
0.0006600027261538521
0.00017308204815813522
0.0019002205542471007
0.0014756702664764365
0.0008355682560680089
0.01364118244356527
0.9206293181998115
0.999108340369638
0.9540566246532591
0.0039754430165824806
0.0015326559372865756
0.10243031958679483
0.9992130944234245
0.9602988189646746
0.9990494112959845
0.9538996999043384
0.9533207144514606
0.9135064929496481
0.1045506246333684
0.030606590267096445
0.04847930773113973
0.9999593171448633
0.9399923037821781
0.9999340871576132
0.013517153564211792
0.0007116909768325463
0.0014159448072064151
0.0014526916379408172
0.00017938307279219412
0.0007381519581934892
0.22562175527372752
0.7522511558776799
0.005850768022002795
0.001584071775127871
0.00028672605289570274
0.0012559107179557216
0.0368069752557828
0.9496687019295532
0.9364094059993497
0.9366890835560382
0.01197332535705109
0.05191146241239586
0.06623153625929945
0.04804063617696119
0.09585952080005777
0.9466152764255482
0.9126123792786687
0.00920475831080958
0.00038425398362118557
8.156332401743072e-05
0.0008017571239961052
1.545680156411766e-05
8.999432668754803e-05
0.025687132367920307
0.09639146720872227
0.005199855899993944
0.015494499344001378
0.007946827540552093
0.012208602950021463
0.015858768092413045
0.9670029343811785
0.013191312141044076
0.04851469077464998
0.006596671799461995
0.0013835043432728344
0.00529558947041231
0.029906118882215504
0.006663141569595243
0.0024321590713544117
0.008515471031062094
0.9975972898311691
0.07971344296522676
0.995046019756337
0.07824913788697996
0.006850472492694215
0.0027678477659260903
0.0011364354532051868
0.005583205529239521
0.010747424519738091
0.007207069673445865
0.2545970774030112
0.9955388720549423
0.9954938683272009
0.995538609681898
0.24565409503639757
0.0017320693344982097
0.006078314523841444
0.0018810812169059998
0.0006206046748896688
0.03000525744134952
0.040626984349237394
0.026744696356085118
0.999934760245809
0.9989584674920965
0.08681113310327115
0.9856134993050952
0.007388706224672803
0.004897844790859307
0.002869410506149306
0.9954368215811864
0.023961253883461153
0.0034069041460916827
0.003000529870117896
0.005791350409392271
0.9999491814071297
0.9999471534123101
0.8537326986373327
0.8686046160864491
0.999482727685491
0.9937112590999327
0.9983975669349957
0.9103907882904976
0.8854421868488976
0.98556322814467
0.04080764456869457
0.04323704171572862
0.005999987327489631
0.004640296215332795
0.012417109075896327
0.016528846757568272
0.2969772534589633
0.8026453621496566
0.8495199444497537
0.8860660473969201
0.8810478220419571
0.9552743492145228
0.953016193787819
0.9243833289935284
0.9990519791814663
0.9999605838181793
0.11818830498785693
0.015904620817420723
0.0026039436683311656
0.004300696229303735
0.670551116056014
0.2322250410360418
0.0002389216603243538
1.7159565024016388e-05
1.6029107029802425e-05
0.00022691598164614746
0.007863295293530359
0.9999998866299208
0.9833156852242073
0.9999999496419831
0.020885708605652087
0.002887477103755365
0.0010123007200701917
0.005531481131250016
0.00021870381857735932
0.00020310761863839843
0.016447963496999174
0.009647522237212214
0.9947632869847887
0.04964161440785764
0.000555191958432677
0.0009669385493946692
0.0002502241431771024
0.00853252753339706
0.9551741757028157
0.27891533032557947
0.1440608506630202
0.12519386939096822
0.1489849262137234
0.10477424483587061
0.13894015819450023
0.0509013324770049
0.863281072309358
0.9332538707193977
0.9334437714296209
0.8573494918280142
0.09958918616251788
0.06766575988549606
0.07013964796430161
0.9446625186081757
0.14446019783509723
0.09377593062161371
0.1030460174251453
0.28836130492541845
0.7956171329561611
0.7849828285215722
0.8041555147689343
0.820677763377778
0.9445238751726823
0.9794381845433361
0.22433609807406363
0.7410886039336058
0.8843601643909599
0.09002863422865648
0.039116274482731805
0.9924679214760922
0.0752127725309576
0.005810619588200283
0.0012967813699786834
0.002264610072965967
0.026469213862639007
0.9979854385642991
0.09239535679914623
0.18996897205992636
0.8941264160694227
0.8526503105522089
0.12189417152684023
0.010962973755718752
7.926696988569404e-05
3.3420062624966995e-05
3.0870859573650655e-05
0.002210147077085667
0.24459358094559325
0.7821396885844036
0.9958984902130227
0.9995343926401546
0.9999318088049931
0.005766642293988045
0.0010577133584678267
0.0008608655190686099
0.0005595796012068943
0.9809727371356723
0.9830481382961859
0.016382903992129272
0.030100982373426177
0.19361921619905542
0.9948694681808821
0.9967557065265318
0.9965074819002266
0.9945242879942763
0.1949529905821743
0.03736297306668601
0.022333884474755372
0.9995710059263416
0.9984960054391006
0.0159252638235583
0.017354278869968542
0.01225372559497051
0.021755040183928487
0.980758280220828
0.9767569300816776
0.9762041774210256
0.9892793826698904
0.9995179560139347
0.08881930582756015
0.049224165960694455
0.03281916080938618
0.024615660715874066
0.9665375537183927
0.9945492946442168
0.9833166808103249
0.9864912523086653
0.9847544752894436
0.05454060332989519
0.06754786477868324
0.030833603159366563
0.0340021424455943
0.008305701346298822
0.00564539517807694
0.027135131067402174
0.04411000834862211
0.9631089937288045
0.9752558976790725
0.9879903808315302
0.965120060020963
0.9705973550748228
0.9060245202565493
0.9990913606946698
0.0729044782137922
0.07322129009486844
0.07431575360629528
0.05942662252636932
0.9982481639685445
0.9674961587954057
0.18824113746535254
0.2337510142515009
0.7862196813614146
0.08113753946919988
0.9450618216593716
0.9417901814854847
0.9581665501107725
0.9711440973117036
0.9730626201128715
0.24726185791542687
0.7525416903698186
0.07223509729786182
0.24167275257272502
0.9931945664780555
0.9949906715415398
0.042130985332167636
0.04337437655451859
0.03474171882331578
0.057311261920445444
0.9937473617246484
0.9982592719560593
0.8840318875221652
0.9642157677308825
0.8675069486909102
0.9338395338275398
0.05777098309097184
0.020822121488501932
0.0421252753828002
0.03937301830998541
0.9891367894382368
0.9470154730881191
0.9715458003847646
0.9979298999514526
0.7462960962055791
0.2847892327912026
0.05070408403306348
0.0033851984812212077
0.004260482595147219
0.9999494033509811
0.9992946949988749
0.0009642269337277742
0.0007352878009526664
0.0008530827212710479
2.5216099341696108e-05
1.0400081097428071e-05
1.5057315494892975e-05
0.0003474221529587984
0.0007602928314217605
0.999999100500488
0.00594055874689603
0.08513319395506136
0.9995725164152202
0.6088615622591474
0.9999841870293257
0.0027082616797544645
6.575788247631387e-05
0.0005112240782062516
5.0046653214841363e-05
0.004703193772769398
0.9999989676809677
0.9999999705813299
0.6184084929137268
0.9952915262713281
0.999905971580142
0.9999072791026803
0.9999485236781389
0.6248798388056698
0.9887405556441251
0.9999939907760985
0.004782515433739198
0.00020139864554502562
0.0005697650461030657
3.811027683375823e-05
0.0026986779153925777
0.999979486223129
0.6088701844316496
0.9992121638912573
0.0863327664975827
0.005753562080762831
0.9996247997872925
0.0005506924655943601
0.00034605489454941907
1.5025376891908415e-05
1.0406187203937378e-05
2.5820788888575308e-05
0.0009536822642046694
0.0006130958749477333
0.0006546482551176291
0.9994759588995928
0.9994649613475642
0.00405351381875263
0.002390226052365274
0.051599346497913645
0.07024517934379593
0.0011744476393147352
0.0013044707970850666
0.00012144570112382347
0.00010623295230893781
0.00013455733956846405
0.011092295239474859
0.011046594584632308
0.28393796132251514
0.047043392402505435
0.9657533328139994
0.026596508997439927
0.005424621660297113
0.1582115934914171
0.01849940099587888
0.017629047490375638
0.7350771491723636
0.035072954288012714
0.1329508966898394
0.9076191984131321
0.9961690129115769
0.21026252784076116
0.9304360828324418
0.9966218260918647
0.8673708383793932
0.8876067132166783
0.9978386767245722
0.9866165690474646
0.9623361405891158
0.9938124634124333
0.017900440382000338
0.0013089552853186026
0.0007626093983270632
0.00017622123474936302
0.04402287826499807
0.9919619836626009
0.020736786421405307
0.01645785469478611
0.3389069555353931
0.3266321918952667
0.33146266417812364
0.004865668348846275
0.0002979599171738512
0.0035659149840762128
0.005066236796840817
0.007867934806541022
6.44123854772749e-05
1.0967671500106135e-05
1.2688153632312016e-05
0.00021509852641510285
0.01454373574078427
0.11877075663271064
0.11668526100485477
0.11717970483025975
0.11817074244644932
0.9993084462627067
0.9988219320517407
0.7658063520893659
0.006710891992949386
0.002731301023925603
0.0008206403881736435
0.0004138512166192987
0.00037273406729121383
0.004511026910559157
0.9999998657480759
0.9999989049453765
0.7570263990592816
0.9864468008235129
0.999997181519797
0.999382731067666
0.9999978241794081
0.9999959219698216
0.7594071026554388
0.9858314327895442
0.0027891422071033567
5.2875654270256867e-05
5.399614873613512e-05
0.0008515716374575266
0.001197890697861026
0.0034413290672823393
0.9972743683625863
0.4477308747989569
0.09771570883896064
0.025034849259821912
0.0007285905672430593
5.8331710457215635e-05
0.0008345449752488188
8.131411758516283e-05
5.06246865935589e-05
0.0035194030026990397
0.9891211823783522
0.91286276046694
0.047324337724983345
0.002411811095731964
0.002043231667178902
0.0016602513433114918
0.005315550981166872
0.9734080815226823
0.06167702026930166
0.001598794383144142
0.0003766623718156614
0.0016339183631998155
0.01002296875448938
0.9985564139739803
0.7626139337936835
0.021543952445542414
0.0001732756852691475
2.4686717495336907e-05
5.829238790688862e-05
0.001040413278178609
0.0005376327645061352
0.0003581788361864957
0.0015950452253139513
9.393286709591386e-05
0.0003038159774416682
0.9993404751832277
0.04810990686296601
0.0037383382852743674
0.013703626745813824
0.004426850111870717
0.008341838736260931
0.9786360430734559
0.08659465356515594
0.013844510861228398
0.0007085559345206827
0.0012843945497461595
0.006479439585470481
0.015951302655713206
0.03665197261956643
0.9668033699906751
0.6463642849707822
0.5569431358476595
0.08428923804738442
0.18436618190558596
0.9720596643879735
0.29510104850659913
0.22222880166698245
0.28123598743317113
0.931865253291441
0.9696536800147626
0.9882680465261926
0.9641845722501566
0.9930277039793695
0.5682493831843264
0.5287137843130936
0.5558650533330753
0.9474893390310728
0.9693530714411296
