0.9935796712732595
0.8748830187220237
0.9733439733683151
0.7695417499833361
0.7586539841919354
0.9938040894988234
0.9933868091458238
0.8878987489392857
0.8847484252123194
0.9785462158229684
0.996352633518947
0.9873476047520016
0.9581196490206465
0.4867370120573449
0.4661773312469728
0.8240979747023667
0.8860944671480632
0.3391980903640224
0.9785438646384673
0.051346168482865884
0.01495309799408484
0.011239773924593077
0.014394600771940658
0.009295751685313158
0.009379521020353887
0.01463158043176127
0.01067725158224131
0.04600053458989317
0.0015775998856349949
0.00020930999328228062
0.002836671424122472
3.165887709666304e-05
1.5916052837350314e-05
2.7852381388804304e-05
0.0004361795745526642
0.00015116702177697672
0.0014911596024809182
0.008028512643108776
0.0021725363009106324
0.006213607917414321
0.010750624012848764
0.9535178789216298
0.9654288267112654
0.13897809872484024
0.040642893823388704
0.03530263175470405
0.9881964914857578
0.9848569453878404
0.9678055228319529
0.9628598851055342
0.0131853630720149
0.02293750340635603
0.16504238416463857
0.009094968074248477
0.005798050616170558
0.009031380396080757
0.028195702579236093
0.035826239504991086
0.03547572049271086
0.03306166536213273
0.049309600522505104
0.04649195386846894
0.05403567885243399
0.9403673925048466
0.9693288484538777
0.7481258546561742
0.7338458015587109
0.9378917171714277
0.9461340765383859
0.9656951808541303
0.9648888032518709
0.7109094805406251
0.7603135292512614
0.09647969327987005
0.0718874247831015
0.05953969172070839
0.9813833674529879
0.9626830648501852
0.9943971705566857
0.9994509407214518
0.008487952652932562
0.006489824909649555
0.0027774901641036687
0.000818610408338083
0.013240223116481653
0.022792768948398323
0.01060748993020888
0.9335994228178399
0.9237327676231907
0.49456539090505813
0.9898039841192482
0.0072878099510252925
0.002871783947320239
0.006243108031512956
0.0060104827248944614
0.009236580324230248
0.03980134820957848
0.7902771697586843
0.1779023055740222
0.21990589995394294
0.0073153158569480015
0.01915382220977091
0.4362819484758407
0.38753663785715187
0.025197755323699056
0.006812969100135846
0.009511983689614256
0.1676844311022243
0.2882054027418183
0.9548200910745076
0.7653483767306251
0.004026604684737811
0.001955246113706899
0.003610605894791341
0.9999480627774275
0.9978420153145731
0.9975706611801506
0.9983876640706716
0.9998191303105765
0.9982167597119816
0.003197865769625774
0.002043561541748229
0.005305227517586997
0.9995798553859496
0.9991927131647353
0.009914858770478707
0.00823543458446896
0.01576795119949237
0.02709044856697429
0.6536858574380169
0.9686327662534359
0.5755484528804018
0.6633167773215514
0.02813427506750099
0.003130956553770825
0.006642846121940993
0.006941757758605838
0.00029772989505783
0.0012950639257186536
0.0015836404189455422
0.0006453751325740109
0.001761900348547396
0.0038302866318695727
0.00718837145748219
0.061858811900982746
0.7869535824968888
0.9206994409774722
0.9314806803719358
0.9543730756877356
0.0825832710618083
0.03865398469396364
0.01916659675648469
0.0012718236547756279
2.93387078867946e-05
8.928597075164024e-05
0.0011523340946664185
0.3476239917516054
0.9993854830762942
0.9993562912026779
0.9992840663850029
0.346957546652924
0.0004840229704330401
9.734153071438989e-05
0.00011266157749234562
0.0011791386713548846
0.0006928150127771815
0.003636268817394428
0.01824305022966899
0.9311407419977249
0.9650903471796055
0.93949592820078
0.22157214734923503
0.0018013538811799679
0.0008429606713293847
0.03582715257438562
0.036570247668702205
0.0016488967058507775
0.29088502524275683
0.2562487293908252
0.12649122943092939
0.8258143820998168
0.8954162612755012
0.00512158191629275
0.003390381785597474
0.007657930873018692
0.054646262096745724
0.970061493749431
0.05389799344302881
0.04063141092239342
0.9725787413152612
0.0416812787812586
0.03264038053368956
0.046137027462586966
0.047494130342772056
0.24330434901301945
0.21301289997162798
0.7242556882483522
0.3151148525804053
0.4356900471800452
0.9532739997932945
0.8522539670089844
0.4217463620363252
0.4663113935930886
0.023532237485977436
0.0011215901783022675
0.0006369546688343997
0.0002849273354789128
0.00644510041374069
0.9999762047318159
0.9995946370073306
0.14515531476070576
0.00027822397767240936
6.0702860388617275e-05
0.0012026251005843314
0.0007729512445825426
0.00013866740414503198
0.012956194490974293
0.9213016727126019
0.9998161703766303
0.9545234269898101
0.0032780817152315844
0.0015325413006425093
0.10250187945825251
0.9999721024056794
0.961022938479062
0.9998268443432475
0.9545589922371052
0.953980589051714
0.9141146841775352
0.10389098125331397
0.029901543829368604
0.047841992977191494
0.9999879961615122
0.9400494805133521
0.9999989484087276
0.012884145881748577
0.00010986034308946291
0.0007484961240484811
0.0011930272875967374
4.378599684651263e-05
0.00022754209810260662
0.14527865510514082
0.006355823920675241
0.0005395727950034956
0.0013719966951782903
0.001310478493121825
0.10460875911162038
0.9802578375864965
0.2959739315407217
0.30628775338379677
0.36270857738303197
0.3829683353699883
0.48425166617893767
0.8461275677413815
0.8771261790615791
0.9536113191917363
0.5821438596532739
0.3470672550120688
0.3991872771263819
0.5342556016007356
0.051140474750244413
0.01770146418676477
0.02190202520261364
0.10446205387605279
0.9867494895615323
0.5351897431318937
0.003243656121282301
0.0005346289138461469
0.0003602506649531545
0.09130006312455574
0.09754007813103915
0.9698794436135351
0.09882685464099017
0.03768129778910445
0.004640259766179877
0.003635728379099201
0.097211240435502
0.11750334989590683
0.09267924114189008
0.0026072187062310404
0.007421762825500888
0.9119195604420665
0.07372639777627132
0.9926958363570344
0.07785453693612476
0.009736609695821796
0.006733366834473675
0.0027751589885181005
0.006316376511917521
0.01152691152667018
0.00935804390567796
0.3166048970726051
0.9085339589488246
0.9076701804185172
0.9077726552382996
0.22404520670737793
0.0019192693107680237
0.0677335588127781
0.0036585981414786195
0.0010352543356080268
0.04114801788556721
0.12251620803020302
0.11263575864757225
0.9997199710765365
0.9771648951894847
0.08872065158547215
0.8989591608981913
0.012452153290593238
0.09026553879114696
0.0035822921308876765
0.9057445799353934
0.02212007748543443
0.0032182570497472085
0.006781806677716329
0.08702380278038502
0.9995979272095558
0.9994468099349054
0.8589946288534587
0.8742310375843255
0.9989058781976197
0.9877112617671994
0.9973297873263998
0.9134579608480061
0.8835158505147991
0.9922738128605653
0.1289708609419108
0.12699346082746232
0.0912691153899986
0.07834559608807856
0.07776811297908215
0.008270461042710786
0.23139850224948222
0.6672496235193903
0.4493900128375775
0.8961679472718821
0.015431842969659937
0.012376746762918223
0.03903511712066687
0.1454393755383162
0.9399468924314063
0.5060695082614279
0.2787554039976038
0.7742772878624329
0.22436545568056332
0.2070782303382862
0.7713925588430272
0.2452200504814973
0.01883177535738223
0.016331537106550442
0.0074414271325525805
0.016230633693677166
0.05715983467275454
0.9948653190472356
0.04533654765721873
0.042634421976186165
0.009226875261370893
0.02450028916789304
0.7967639707431973
0.7961834872518624
0.044202174858827825
0.03138793657631056
0.2895591516111542
0.6817996763417986
0.9451796083321876
0.9553860031432169
0.24432557027600288
0.2742676461267739
0.36881778491160744
0.07734902993299575
0.40512523035991843
0.079193685079885
0.01845650871730542
0.025215541807491082
0.034289437892419894
0.02765723979059842
0.021770045163636453
0.04282631669053871
0.9623308396172867
0.9637139753412803
0.9626330077497431
0.9617867371491583
0.07328022895512387
0.04009258289384676
0.0372260667974148
0.9930142058622672
0.041604341905652875
0.03388330258922656
0.03857873459275263
0.10099506869818531
0.8313479228137897
0.4987945029981359
0.332646694984275
0.3299384559048867
0.9665771355747159
0.901958199102997
0.3645919978798813
0.39463072972690505
0.10509318418426306
0.0007695496709227978
0.00037017848807907594
0.0039071366613970815
0.0013106243039758825
0.0017259441083368188
0.9940001082015381
0.996043631321789
0.9983663302683436
0.9995269553011056
0.0038958084613545108
0.005081162826040764
0.0038421056258789443
0.003239961647618861
0.004508437646637664
0.04983047859507783
0.2109114168305899
0.023418166611792413
0.022268626570448036
0.015573366611407846
0.025518363132961963
0.24696324306924322
0.9938428025320862
0.9985628609521893
0.9993757509184789
0.006548366613840728
0.0018269067587802779
0.0007589643831339421
0.0005825920892661429
0.9971135426262325
0.9979397233671685
0.010255415849246052
0.02447203002829179
0.18830046506226972
0.9982802437632841
0.9988401338523304
0.9977954442717859
0.9968839915120967
0.1878904844531828
0.027972723903757046
0.012917575433200601
0.9999110352245827
0.9999663100960534
0.002282358951343877
0.0025038740760138234
0.00191165851704167
0.011523182647561026
0.9903522218355723
0.9894238297791857
0.987996101683958
0.9943738778361997
0.9998317610646227
0.05894308676254867
0.02106895586098534
0.013243540597317693
0.011923982149011692
0.9714838380070435
0.9942427452098145
0.9923804484216177
0.9959625045282059
0.9963311978042926
0.04289479513403294
0.04050499442559963
0.033369268151185794
0.041948545502628165
0.0058784552308329685
0.0018765670433105175
0.00558987891633389
0.037319546401142434
0.9988333495300622
0.7441760928369666
0.9998419902189841
0.9999094998644011
0.9918738656033377
0.9337701625724923
0.9994432993075779
0.9889249468489504
0.9969949779442019
0.9978002976578563
0.6887499016619958
0.9989777940149926
0.9995976255906895
0.03581176333522462
0.009640782162618544
0.0040152359954199746
0.006008116182158907
0.9947517352030969
0.981507848915889
0.9133507017337509
0.955588611188172
0.1100614188468565
0.003057690731318452
0.003111157131148512
0.0014715328944751027
0.0009230937521037541
0.006433332826275673
0.006415135546387951
0.0008370288984741459
0.002474735038350273
0.002145584093750541
0.0027206386938094518
0.19819694746291416
0.836177124055622
0.23395294815406076
0.9931990514234063
0.645610835645037
0.8084257861684719
0.2034760178187589
0.012516843461937821
0.006868561906206216
0.015354760387453537
0.9971101278263026
0.9643458451596965
0.9983471635935592
0.998720688720568
0.9914533616780951
0.9976722828585188
0.8924945426674922
0.8743933998901336
0.7039695282253746
0.9921614686600676
0.011776152086765523
0.017512341877222504
0.9973796281810153
0.007800244974054071
0.00023771751444856548
0.0015445654966042
0.0004194350002895142
0.04076939496332632
0.0004275828326574249
0.001145517437634691
0.9401472061683442
0.949662042329802
0.9624909685642064
0.9773768383126781
0.9985774605075605
0.0007029645506355653
0.00031645820854919737
0.040431339395505694
0.4818308526725473
0.44371881902171495
0.0758130069629338
0.0759103820911986
0.052793641656490586
0.9995437647021448
0.11153502801246651
0.11113272170684185
0.9994487985067517
0.820677417715959
0.9896416432366194
0.9966063472350349
0.9187022377100326
0.2672689420527945
0.06291274770204347
0.0006202093405529574
0.0005021412714560913
0.07642985200842167
0.07689011440468851
0.9970416907958914
0.6558438819906445
0.1258287255735111
0.5267114388175755
0.5252694338722208
0.9959497094020452
0.005946323060511682
0.0016842548820915626
0.0016182872666168358
0.0019648900889691623
0.0030283896669019983
0.019862718659042433
0.9991876017351613
0.99918040800282
0.9991872301813943
0.01986578201827771
0.003241169588304227
0.001969662331353317
0.0007876540530841192
0.0008485739074761689
0.0030307106939299056
0.9973865402575626
0.9987464472468252
0.9828597306998434
0.1241371373453084
0.1860291889325274
0.4820561469006239
0.019010054957582234
0.0024897201535909463
0.0024083623533647236
0.0038171811865526095
0.02314671313473282
0.013016423679963474
0.6296801302383452
0.6286192270007388
0.6101047773125903
0.18776016677834362
0.2318679476337322
0.32069152032420833
0.3986920356569468
0.9931088410988974
0.9930460365273089
0.9839861151990282
0.9899322903636167
0.9747276295919577
0.9826894153867518
0.9976674679864602
0.9662574916222931
0.754921534373553
0.1401566309959833
0.017309502896397766
0.2582025075806442
0.2770680577262363
0.8821646706663556
0.8757887108388027
0.7179816856477339
0.6248831002326842
0.38895676250672495
0.5247721202365646
0.49219289105894737
0.7501886193059817
0.5268766387163127
0.015079660457497646
0.0013167181409434736
0.001056102878390086
0.0011362964112549
0.23142393069805578
0.023713240595148566
0.025967070361496813
0.027607355986733917
0.2574203689131992
0.42269568174507843
0.9545854162376141
0.99006221857694
0.17440108126193188
0.09962086236531853
0.41976437089219953
0.20004755889559434
0.6397307856926806
0.16011651951186612
0.29260370281467807
0.7599976776077557
0.7819344367654457
0.7200484589706077
0.7751295797964962
0.7821486102503963
0.9005842711232196
0.996760163882353
0.4590761008975057
0.04225000936994816
0.230514554496988
0.003059872929004115
0.000319469581231524
0.7703853173070856
0.23554019076775812
0.001973409629016487
0.004797033683180629
0.7740010466975271
0.7697867334648287
0.7730346777029861
0.9996321608165323
0.002856175659198712
0.00012486393605060098
0.004730946903922395
0.7684864442185338
0.0003294655719124906
0.003060749818278641
0.23090368564708963
0.0018735553557173157
0.03275976045567219
0.2580267942421931
0.25893098380298485
0.9990370556604163
0.3112470808815937
0.22946375417171383
0.04877069277288981
0.04638657204866792
0.5280569754735728
0.4991727619641553
0.7694623988124694
0.858543290054251
0.7755259097592332
0.023050042235235324
0.003760638853694598
0.004716638803716755
0.003269708085240408
0.004375559032558041
0.010181704641089362
0.5069583596001118
0.01310834471476241
0.0009608405828099853
0.003273198383717535
0.005888346131289857
0.0028009921033733676
0.0015158726935000644
0.004169232091690511
0.0011284017445738481
0.0010754935919886632
0.0004940907859720678
0.0029073927606826366
0.006865094235890323
0.005998487865618851
0.9730814016421431
0.9882271922705296
0.9832293275515502
0.038354874243163306
0.009215391026700326
0.008871645867727707
0.019859722243684375
0.009802941763678907
0.7528758425900292
0.27800694621394817
0.008356589439393103
0.0016634486055100428
0.01879025853647953
0.9829734453018225
0.3337161882240267
0.9695285170658625
0.7517332122144635
0.9912557820794186
0.992805688216681
0.8089676031626156
0.8046795533655564
0.9885498245715669
0.9994741227298767
