0.9988034273973099
0.8071184949094077
0.8466147835342237
0.6893886844908346
0.5700396539002168
0.8741915702038044
0.8841650046609476
0.3981750689672753
0.36159761387536904
0.9212560679529896
0.996679627854734
0.9765598411906377
0.9138120466456089
0.20049715781521205
0.18185544588954683
0.9890533796071572
0.8958028085041321
0.8401543298950208
0.9778861447748733
0.9920171515132906
0.009826003510366443
0.0012229363231093249
0.0031516907678135198
0.0009532784920360804
0.0016188822845241146
0.0013323122374154783
0.0005904203924724793
0.0022854208116617203
0.0805594465281283
0.12347536194728304
0.08038218750624393
0.9041829611599173
0.010331492442415713
0.0015660191296340553
0.0007934172792616323
0.001105108817622047
0.7431748939101804
0.7485391501892112
0.19395123279000248
0.07990017067303112
0.09171535409192855
0.17794825692835625
0.213187225265142
0.11321429522537474
0.7390108721006226
0.7441517660219494
0.9988153472088961
0.9964146931813453
0.3556582417540053
0.27761821880540904
0.003756707159151551
0.003765015205741795
0.7536731007459613
0.2368650650602121
0.24108339171116844
0.9282930472964538
0.758755167081996
0.09106402565232152
0.08888400744106506
0.03870741122885912
0.06173465588458438
0.7702596075484436
0.002091077388820972
0.05215928666594316
0.9113441253847119
0.7700385206063918
0.02939380955184645
0.023478451477528806
0.10409209353597315
0.10834606196430352
0.1056799218514679
0.09992370933723227
0.10339548355972539
0.10218010473755601
0.10483814399338576
0.07229989268357306
0.08149867865749783
0.02028802065647528
0.9980815615907788
0.9995520485600282
0.05473506579364251
0.16851113982188015
0.9701372628404634
0.009611896053655422
0.010325776991567448
0.007638465830732355
0.007526443235729374
0.9852903447896624
0.029062253664299376
0.015485191686786526
0.018567253902896153
0.0005130264177362065
0.0018229244091259034
0.07119224013417413
0.0018282337033945772
0.0005466452875612093
0.16023174632544102
0.9997866335380358
0.002426339188017601
3.468154203223328e-05
4.3061791427101426e-05
0.0002581020733402051
0.9997674794474042
0.006848520064403063
3.329094350579265e-05
1.716673222473819e-05
1.6421888286433095e-05
0.0026766575397032533
0.647846475070541
0.3936741681024094
0.06091479194066707
0.06106847531154158
0.9911658822665417
0.9899213859221889
0.9995865500050259
0.9986595100426937
0.9977777729603479
0.9991258514891679
0.9668617037279624
0.9571752714939185
0.001407756906995683
0.00011819695371140249
0.01663093457129261
0.5153559474419185
0.4916661371399056
0.00031393382512667767
0.0001957476899087096
0.01075694660247628
0.9999943734507617
0.9999999776016621
0.002968098727039181
0.000956207398865927
0.000990134129068121
0.0006385060764217965
0.0026936019661951693
0.9978544506964433
0.03564321886343813
0.0021086508637151447
0.036402646907771175
0.9941466437294775
0.4628975232484315
0.9999993161040547
0.9999815817523093
0.9998830113740319
0.9998845587816191
0.4529266002077458
0.9948471796961447
0.04051325060313693
0.007386323694566155
0.033599041649798655
0.9999861923869287
0.0027016020314925004
0.0006460483575359
2.6399481409589143e-05
2.2399925231786355e-05
0.0048628905642766895
0.9997844561804908
0.011087070190706316
8.965210453404371e-05
0.00031772558651788074
0.006995800671748986
0.024479258188502828
0.03230005133352576
0.018872466953290146
0.037344291184664646
0.01690216588490545
0.01062724055801223
0.0019107090925811754
2.179799262047588e-05
1.4927876374137838e-05
2.750782806126839e-05
0.006616949603185263
0.9999627792453487
0.0005101585482547577
2.5731975460074885e-05
3.296363839666583e-05
0.00245389562599041
0.9999254110048198
0.004486273570799337
0.00040399424164305753
0.0019548749812724475
0.2647347357669997
0.6251377800850207
0.8159356345621639
0.7536446929477929
0.7732335146265958
0.9012660911927555
0.7497290512601782
0.09067578292665701
0.015451139036243067
0.0011401265706095787
0.0009025109650921959
0.000647794548704117
0.0035929922468547204
0.0190559141784159
0.9957379186229063
0.9954004475017515
0.9954025556013175
0.9965006525543554
0.9999004812082831
0.023216761412551135
0.007000856193773997
0.0008917983657249495
0.00012711459249747925
0.0009830203937107873
0.022062540781036977
0.03597114822259262
0.6527772354379583
0.6781845201111347
0.7660895718789071
0.36701239182513745
0.0016421499335976808
0.000282922810473929
0.001816874280057501
0.0034734914920874216
0.015452502610206587
0.9999500680803523
0.002935858901168764
4.111353025804121e-05
0.0029643360864304302
0.9999732976343266
0.0008280529724944419
0.0005322951424355793
0.0005316458930808565
3.174079523471374e-05
2.1730488719562402e-05
2.8157217783486566e-05
0.0007293892750229736
0.9983398180360354
0.9999390771831103
0.9759582329198525
0.9926998889778039
0.999848929231575
0.026144740260026555
0.019814410774118385
0.018022863474647433
0.025846195784882342
0.9998847256446921
0.9998191909779973
0.6192031465627137
0.6166828079864393
0.6215768938348603
0.0946182026818051
0.34695805135227653
0.18632828430064363
0.8111198462843331
0.23827957431945124
0.18598040136342964
0.21546422944495647
0.2379133044982411
0.44869628756275803
0.9994064124744064
0.9988816020162166
0.9683698373070301
0.9664587857017763
0.44858960759917066
0.238057003636437
0.006728154501563943
0.028246174535553892
0.0015031849890517757
0.01055712200578729
0.0004987915258860554
0.004711188659238363
0.027621242080405617
0.0192717912509196
0.004962553647027357
0.009379937580669129
0.9828938352011357
0.9994238462015314
0.997648448032418
0.9688220235222134
0.9993926865582803
0.0009039883245556268
3.0366876526910502e-05
2.5786011922046548e-05
3.7349793298280254e-05
0.0005264293727161862
0.000535124309180568
0.0008278626316459148
0.9999830369223859
0.002968329926343216
3.709218837677497e-05
0.0029311792596586894
0.9999516552712884
0.01699665734542044
0.002644938311567757
0.000864912026393494
0.00011056433752731909
0.0019712261630008276
0.4810637690364975
0.5378477293710913
0.9992784771984667
0.005865605717105149
0.00011896336483152581
0.000888717560671104
0.0006586108524458956
0.0037982226582038425
0.7280051925066915
0.022653913185140206
0.005392588251721064
0.16141735707789873
0.999097106100915
0.9998803716487199
0.9999636116145529
0.7761422362992504
0.10882219387183423
0.005913058697288975
0.02550042757310622
0.9999944195228734
0.0038565800629374314
0.0007376916277909151
0.0008941167142622053
0.00010997696916126287
0.0051200029238455125
0.5826227758596054
0.9956437919945166
0.9681284911256648
0.8492654743242911
0.8983268645390337
0.970501695174212
0.8300323756971686
0.9117304830622106
0.3600794711393185
0.23141393812160438
0.9941493953907062
0.010581431049239365
0.0014726923302035289
0.00013850414303628877
4.470952334534317e-05
1.0382849598533639e-05
8.94481334978714e-06
2.8327968062846764e-05
0.0018442336730886133
0.8116455592115663
0.9994229381801206
0.002270402299667018
3.906895891814255e-05
0.0008099338288140023
0.00017625686140998464
0.005140991607361811
0.05352029260949365
0.9965928582725155
0.4485324527547395
0.024133173555855758
0.0027983131182081067
0.00017806948881038398
0.0015562802137697451
0.00348663077351119
0.0035908865552799485
0.9973887951984387
0.9990527296601341
0.9996662360842866
0.99973582599055
0.008133518886971891
0.0015812274924513758
0.00225953938451684
0.003846394941722342
0.9924330710010176
0.020524330258836043
0.0006250030942028806
0.0016641709287985584
0.0049497835553566905
0.02796549105081292
0.9998860358933063
0.9998900996295148
0.020313765812321027
0.010975537539803293
0.027339122990339026
0.9481649994981807
0.9786357930057871
0.14851206546589402
0.009019838798393853
0.034044220893023946
0.0347055544024264
0.0036883162406237124
0.0024647753645494763
0.01900531106054515
0.8241998675953646
0.8536253432594548
0.8535536716319316
0.7917559753477419
0.1502524985764866
0.17438810101793334
0.1503190011701303
0.9986967223908108
0.7110710785701337
0.615999427229249
0.8799460573377481
0.9541942850065539
0.7195731791095554
0.7321069748383071
0.8067053569268898
0.7858811984912976
0.9560002659936189
0.9549526652505461
0.7576104326345025
0.8258611970686857
0.09132231648278644
0.0011902204149021323
0.0012883260945213415
0.001849020666010226
0.001907096169544209
0.002448308641594732
0.9998360582525105
0.9998912018895327
0.9999935411928754
0.9999620745924357
0.0017338905585939646
0.0019980271461481625
0.0006682091585912264
0.00016028330248130107
0.0010291107149513756
0.03599094856474516
0.6474555102622336
0.6756652520002927
0.14144874889150627
0.05447344180274316
0.1386466345316455
0.9998526418994479
0.9173386335195755
0.9823297265399108
0.1448842967955909
0.0007363604489551978
0.00034363083843635955
0.0008213976304553006
0.0012932241457259686
0.07823917123485347
0.182450443301042
0.3188494203703316
0.31561168329784983
0.5013541128165193
0.9718205648889032
0.9999795499383076
0.9444077607138096
0.8814180638226013
0.3989998350938392
0.40192890506733514
0.37857264812999125
0.999608675733274
0.9995024572796689
0.010653343951147254
0.001883744111963237
0.00014106693964843764
2.508741222617683e-05
2.5242454886664767e-05
0.0008369441537832145
0.0011461167175952358
0.0015966434598500001
0.002101180610605491
0.0022974298861019316
0.013977182806051314
0.9999870740633992
0.9999995489458439
0.9999996109272776
0.9999956141998616
0.013986761910863676
0.0022890773847835666
0.002092558349548357
0.0015956283470185406
0.0011459809958674905
0.000836870207541418
2.520815719686542e-05
9.879870673246138e-06
2.6390585367241925e-05
0.0014962994648334282
0.010278683962131052
0.9976053851504066
0.943960153472195
0.9996377360845058
0.9446333482319778
0.9201551077226321
0.9257857370764642
0.9869161210414972
0.9201913169522751
0.9650807635052019
0.9758615606766216
0.8863478713298498
0.9811105263446207
0.9991330307478286
0.037767631083766795
0.015301257689512071
0.023900017090076164
0.024902022958526615
0.005076851355132139
0.004748110852377696
0.003658991000258016
0.026992773515864932
0.9970682168368963
0.0019475518417103599
4.6910472810579584e-05
0.0010541879117550446
0.007413128125397628
0.9999201330724949
0.9999248328238283
0.001732246097534751
0.0026259333358602532
0.0016303505101283866
0.00018562327150994928
0.004467076817413096
0.02585537025604867
0.4501768044088824
0.9950280821795078
0.05176165620044382
0.003417167859266379
0.00017676317440828981
0.0008113230587677434
4.410443803959385e-05
0.0022630749351177926
0.99999552047785
0.8114187453813207
0.9998450103114697
0.9999962619044982
0.005486525035720002
0.002174048173071985
0.000725512572213538
8.291765835377607e-05
0.0025244513233636523
0.9999995842509266
0.9996920760807478
0.0008701264839632294
0.0006690122059963555
0.0008383047134504773
2.4941641453279928e-05
1.0387220614749282e-05
1.4940008808195238e-05
0.00031173718455868027
4.7043492274134735e-05
0.0004403588657276858
0.00020157622592620328
0.08105661659907182
0.9999761005894082
0.6098230460406455
0.999987537848652
0.002704768551582415
5.940855574493309e-05
0.000510886099233554
4.9946621407115366e-05
0.00470292989411536
0.9999990638307944
0.9999999882320119
0.6184065415855156
0.9952915022928066
0.9999102570112499
0.9999116104932355
0.9999527559249191
0.6248820890853266
0.9887446425928353
0.9999946987308436
0.004777474798410619
0.00019686725349798984
0.0005643841252850335
3.8001977796797703e-05
0.002697413642596347
0.9999871573112726
0.6098333290121793
0.9992331787756007
0.08184608043590591
0.0002008714634601505
0.00043972653615709234
4.667756506704368e-05
0.0003117097032987459
1.494729063500344e-05
1.0394550005843328e-05
2.4942253657567193e-05
0.0008383051187380586
0.0005835732774923663
0.0006486622244668006
0.9999992323691596
0.9999992552216429
0.002523613512339651
8.308531680234488e-05
0.0007265371580417179
0.00143830934550071
0.005257235776129243
0.0018390309610180067
3.0336183437507103e-05
8.923560433138356e-06
1.0380320223046802e-05
4.468314041328192e-05
0.0001269408327101429
0.001458865631246975
0.0027997034740271376
0.1473854607761249
0.13263002863320583
0.62414632774321
0.7793783008701733
0.20753027641102595
0.08989626148994156
0.0882821936198368
0.005318537053166983
0.0007550314669094726
6.507587040149865e-05
0.001085633721133905
0.004844897346783283
0.05698095862568586
0.9985296545675493
0.9999584427548811
0.9999373244712039
0.999919290179479
0.9999374502483996
0.05545496557325891
0.004834250275896901
0.0010741643610834295
9.82626246653906e-05
0.0007916480785585822
0.002121622543367785
0.9247044903969447
0.011232882759155016
0.012019597091997292
0.27105591626152614
0.011693549869992603
0.0005485491638990148
0.0003136370844026848
0.0006776062003400751
0.0001673802645202338
0.000627550620256101
0.0002572960834679172
0.0011953606408454664
0.008262666786882589
0.9422461387968036
0.007340909216714264
0.0012033951353308536
0.05640544366698097
0.02419452306884151
0.9999634501490516
0.01195373603165939
0.018181092466027726
0.9999155105339951
0.9999055913596795
0.0247938832761625
0.004995043821928169
0.9999817507897241
0.03198541402478439
0.028451046442589334
0.0009711453869719611
0.0014081643816750145
0.002837066389370202
0.0013198823027160689
0.001374027110263465
0.9999681668953159
0.9999640236936537
0.9997319758277864
0.9935825497430106
0.019207548217650916
6.46332110901815e-05
6.409732527135059e-05
0.0015202620107073184
2.492588156188802e-05
1.5661453965698513e-05
0.00026565305448311705
4.4915906736497924e-05
0.002964544521252943
0.9999999683930197
0.9999999271778496
0.9999999986722158
0.9999999993782965
0.002968986980262933
4.0402093113733883e-05
0.0002653197687675357
1.495556467723258e-05
2.4227167936041738e-05
0.0015219685103650127
6.410492470654283e-05
6.678811006433083e-05
0.01251901535470179
0.9999982272437317
0.9999958822178973
0.9999997512456072
0.0014026733610807973
0.001331489889340065
0.0028151106681898463
0.0013957867916283284
0.0009322832264850867
0.9999367873611248
0.024508559279203146
0.035956638049846834
0.038623884570288425
0.01802723608004131
0.9890541354268801
0.9748407266575725
0.9808261792861402
0.027210191526972682
0.021823334030811492
0.030940796628104228
0.0050018595582289604
0.0001675797179527816
0.0034695061078877654
0.9996976892198922
0.9976730180310169
0.010648055303578152
0.0013541866103922162
0.00035727021722098407
0.0006175595580563131
0.0003546003644169238
0.0006104487501465972
3.145916238311841e-05
9.818329019717353e-05
0.010073795454145218
0.9804695027488701
0.9862994234146129
0.9137925987155258
0.09883633454929519
0.03518079041449196
0.015473113584785092
0.011855585056695594
0.04125205837595858
0.9985824743565117
0.0009877972000146285
0.0005916204316016582
0.0024947159107130412
0.027633296260452744
0.9904042989489682
0.1908271440649988
0.07330180840849176
0.9954288456757111
0.9988150107612432
0.08839844447924983
0.08535463996303683
0.09533301158352991
0.9996583369877585
