0.9754622407986212
0.7137697120511604
0.5881257806171426
0.6724230780816126
0.3630715387589629
0.8194072503366884
0.2266282651701601
0.1344974118960217
0.19574603891191733
0.9824925167945402
0.9990780878793885
0.9860626088053719
0.8656337725736908
0.8608902562535675
0.5841129460888007
0.6717399939494547
0.5184203982681717
0.6075248641062698
0.4911205539138629
0.7618493919711784
0.6917616627616205
0.417833461217228
0.09317491236624387
0.0013650582564384006
0.001550630632671135
0.0008331143552459119
3.866215213310653e-05
0.00043090152271196835
2.0386413368433942e-05
7.365031846340298e-05
0.00152018604140991
2.4924523651659314e-05
1.1114815179014137e-05
2.1720006941894354e-05
0.0007575493190036253
0.004167884988833803
0.9974665742438749
0.5376785214730184
0.00031131415864660283
2.680379268216182e-05
4.717841862333927e-05
0.002945256877149971
0.9997350158224233
0.1314283191128679
0.005072893808717116
0.0054696108500378315
0.9981655107709863
0.9990423249189585
0.9986619864600285
0.9991520094406643
0.006308650959332196
0.005906970188453653
0.1334459390042615
0.011897957950935512
0.009406379455643377
0.01080147729202341
0.00012025480715849302
5.56067846197994e-05
0.00048321246808624707
0.0002611112830179785
0.009349170301415244
0.9906680823849094
0.0002894371749991853
0.0007845612154122605
0.021273493146519162
0.9919947424695155
0.9839479371243204
0.9894057193148734
0.006796418746297883
0.014048969515126908
0.013031875485200906
0.012201445207036254
0.9870878280386919
0.9952289832828066
0.9998471054396524
0.9908327969382397
0.990830076105877
0.9721688491054103
0.9987005025795731
0.9999101692614247
0.004354006925206377
0.006939450710435446
0.007210112082169262
0.005802281751150384
0.020311555227019218
0.000730337238759482
0.0021082395446710978
0.9967085699989094
0.015509706028570047
0.003405915333543952
0.0016919675872716367
3.799490655842508e-05
0.00010697090745126481
0.0015615176787235896
7.841187191715004e-05
0.0025439247682131905
0.9984396556424137
0.9894886346593128
0.0022096149051793468
4.45940437912018e-05
2.4363365334290066e-05
0.00025663251264729237
0.9896570461236114
0.017171025769773918
3.1646113060279646e-05
1.1201471842636757e-05
2.285297354109872e-05
0.002672469658233201
0.6504174202818079
0.39997626974307476
0.07068136746200937
0.060473806759714366
0.980865997397983
0.9796397002426807
0.9995768592809475
0.9986556156820052
0.9977805596731258
0.9991213295547456
0.9672089104764059
0.9576195090926889
0.001414338015616745
0.00012215190578812596
0.01648804722003583
0.5203832017099798
0.488224395047106
0.00032833014192534815
0.0002049404145044731
0.010759832919099876
0.9999934798208955
0.9999992175636646
0.0029737509145078
0.00096161986511345
0.00165383903166616
0.0010708830066502584
0.004574066944094013
0.9998148937021984
0.9980200455771329
0.054452824170842073
0.08618336895337875
0.9942454287575885
0.5432079506326373
0.9999854781677361
0.9998572661400279
0.9978122881564165
0.9973593171376303
0.417673498131771
0.8768697073525075
0.20549096699103342
0.18141286453265304
0.9956296438645696
0.998166038085603
0.006937460262025463
0.0024214727211401277
3.571641393818048e-05
2.405611626232762e-05
0.005516574363698679
0.9997838966853054
0.011090576459406809
9.616905225162675e-05
0.000332120437748995
0.0074914803277720265
0.024241536079615877
0.031961025493613016
0.01867690473556405
0.036959536318976416
0.027124580577697066
0.010816207181812754
0.0018920997879660062
2.159552277347654e-05
1.4603994299533518e-05
2.7558656001125392e-05
0.006654228331422041
0.9998043110201819
0.0009475066147028866
0.0007498388048341464
0.0009015945607567799
0.012256348443845821
0.9999106738410651
0.009706996166293336
0.0005751059828909
0.0003510931325333422
0.0007443901291046551
0.00023448955116567305
0.0009012824498265681
0.05237426393589606
0.9492547856976904
0.8628458086589798
0.8362551002301372
0.027446133084147006
0.002675967103470289
0.0003741645975474661
0.00034212751346851533
8.756909740004204e-05
0.0026056122186550734
0.018092980367503952
0.9996824515735588
0.9996437826638708
0.999661211245308
0.9997047785265042
0.9999750488969903
0.018451193602942118
0.002755294903706851
0.00010372690399385043
3.090059676913448e-05
0.0001291159512681883
0.0022489997793642136
0.02079390473892606
0.9482291740088256
0.9839871278685045
0.8380288836306135
0.39590272299797513
0.0014433885963340831
0.00021225544780867356
0.0016286271268959318
0.003105923283048373
0.015170656610702715
0.9999940289604085
0.002933586955619738
3.897243633632641e-05
0.002961427275665729
0.9999757394343792
0.0008280239970520631
0.0005321546683810796
0.0005296201081708141
2.980614907455159e-05
1.9710235669267995e-05
2.6145731013671458e-05
0.0007273872746450527
0.9983518778401413
0.9999417193670459
0.9759604977374942
0.9927035040226241
0.9998534832461212
0.02613654145034794
0.019800705681861652
0.018018577467737273
0.025842876442933704
0.9998942240008343
0.9998312009446861
0.6192119411410257
0.6166842856555015
0.6215846427584699
0.09461872584237885
0.34695537093479223
0.18632116198395476
0.8111214704721866
0.2382741947503373
0.18597410204404663
0.21546582016358717
0.2379149924236329
0.4486930809300156
0.9994143197252323
0.9988893175003948
0.9683771604387722
0.9664660112996607
0.4485922628145733
0.23805145770560399
0.006724130472506085
0.028244172983369786
0.0015029740959922044
0.010556331387618578
0.0004984067553888138
0.004710773079688257
0.02761956157004819
0.019258347365050832
0.0049618137061131495
0.009379929489931382
0.9829078889020361
0.999438159308241
0.9976624369127054
0.9688219011188829
0.9993929673147809
0.0008898840287865362
3.0025582473558465e-05
2.5737272790427035e-05
3.725385343666954e-05
0.0005260304243591696
0.000533618498445354
0.0008141666710528295
0.9999963105734139
0.0029545403125330605
3.636853224331382e-05
0.0029310298894911213
0.9999707598007684
0.016706316827795664
0.0023000771807709652
0.0007649093915119698
5.980771822089448e-05
0.0014272852991255025
0.45426045436643536
0.5422114917102236
0.9993525114451283
0.005210347109119939
0.00010070564512576485
0.0008707082657309906
0.0006414904837307445
0.0037864990821090405
0.7280100231140699
0.022646216873599356
0.005377878841970385
0.16140249046346644
0.9991041135652038
0.9998862258641038
0.9999669418469701
0.7761493629446656
0.10881700871652111
0.005903040485553457
0.02548454937066824
0.9999957027620971
0.0038377597943081154
0.0007133282059644808
0.0008625342112623668
7.152585933400957e-05
0.005191776170005324
0.5744609989850697
0.9998037456791438
0.9923626890403168
0.847739743736836
0.9026439393665647
0.9986704155384839
0.9888042318699868
0.9965357650498212
0.9566509505122046
0.9138666780602861
0.0647751458629715
0.0006148855413971033
4.03133702288061e-05
0.0005196584315737551
3.3082061403511e-05
7.33096174105885e-05
0.010476676148510444
0.9958213472594335
0.029190447737940883
0.00844318429751667
0.011654950667215891
0.11602885777139627
0.9965476018192642
0.9981461942562811
0.9975337290701585
0.9984167202069122
0.9999346143260402
0.9993894913225739
0.11803574104329673
0.009655838936426187
0.005553056129925182
0.02780790886971818
0.9986085933988558
0.002230284673607197
5.881202014612619e-05
1.792201902539592e-05
0.00030904669084708125
0.5408272074868689
0.9968480679962805
0.0016408134009525677
0.0007593944783734763
2.1113340095024746e-05
1.0459174529131587e-05
2.5507239565736306e-05
0.0015227668188213528
7.5235175847288e-05
2.085270762575142e-05
0.000432338006309263
4.424379837753012e-05
0.0008418698911943912
0.0019920401071319427
0.0018919771634615667
0.2628735180357201
0.0032650719998655875
0.04356483384444354
0.04293348144718345
0.009952188494920522
0.007369359184943636
0.9996344440648778
0.9997361959739729
0.01817853485685894
0.013096942111753718
0.05279303376121802
0.9988393582446491
0.7141601226423129
0.3079262151446842
0.0004981720503319798
0.0007600176172215534
0.0007533834188742095
0.00021426088290898981
0.14472310468200078
0.9990035693854639
0.9989228176988301
0.010588225931264406
0.0016385085501399166
0.0023946894409074826
0.09051684275904959
0.980533167489966
0.9989214690338514
0.9999673285055424
0.9998795521043049
0.010764400245009687
0.02235373003411445
0.9991873277045425
0.003257069085534914
0.0004626803166075666
0.001442307525244102
0.0004880535252029805
0.0020889520252026506
0.00032696056775305404
0.00848920494965566
0.9077741826768505
0.9427782893922295
0.9935249755542866
0.9935035788318392
0.9608904861389568
0.9836534124164853
0.9829660199676156
0.3388919336418299
0.03200296825906257
0.005834695971902448
0.006803730831365984
0.03398756671196601
0.8164588232061151
0.8833738692904539
0.9055158794556101
0.9622963293320471
0.9912974720941438
0.012437274633980144
0.007648818362991028
0.002395594208041918
0.0008292135098940667
0.9815457037545046
0.9933743376950145
0.011535169892637476
0.0258280983768453
0.19201935093935685
0.9891169895845362
0.9928837202433214
0.9949419175423503
0.9909045469505369
0.19679549718645295
0.041397231069315144
0.026228187175564188
0.9995937823049615
0.9993120581766035
0.017410628263697436
0.017980564252437325
0.01461160840630571
0.024519517620466558
0.9503401036588125
0.9365508662292398
0.9305834755492919
0.9787023618674284
0.9977941889089873
0.2749241591365338
0.1847843122784787
0.17790627374562495
0.05711367622962893
0.8195880236614825
0.9774486338166255
0.7829694109455818
0.8048963565435348
0.7952207149526026
0.05886662327534342
0.2460482918135808
0.07932008934301715
0.08439602253033696
0.03705083536699372
0.031708725516870206
0.11373306206917877
0.16923392532438342
0.9806721434012128
0.8059484105434733
0.9963216178424099
0.9785094946299872
0.8626892836810642
0.8115190122741582
0.9561408890159894
0.7607340690989048
0.8042536926222441
0.7913961977099833
0.5596455429768248
0.9966380978592793
0.9738828236583431
0.07307579246703166
0.058263099768246396
0.16889890616308223
0.0880389468232119
0.7857441640548386
0.7138126019282103
0.5897794137015189
0.6249691556325426
0.7262419820372317
0.23508117801439488
0.5363339028469193
0.4677735586751507
0.501046283583179
0.9173188818686272
0.8535025323612219
0.3531898012962019
0.5023005148661241
0.4348641836874718
0.633495852136525
0.9491742041471671
0.9193481190904674
0.660037766989676
0.7520186461457574
0.7554270526337807
0.8960880423349699
0.10332952386873029
0.023677442830731588
0.012229965082248051
0.011004900990551847
0.172222665634565
0.1677287562408244
0.9939786110385157
0.9997212404224194
0.09427325803644426
0.037514749105556855
0.0076938557128877205
0.00150972671316274
0.003751445978267709
0.9999857601506117
0.9995440380554815
0.0008870733690593546
0.0006797754048203375
0.000840442177392986
2.4978915234563637e-05
1.0389609015337697e-05
1.4940104410388066e-05
0.00031173722495037026
4.704349707018718e-05
0.0004403588669528169
0.00020157622602745562
0.08105661659836716
0.9999761005787109
0.6098230460346601
0.9999875378485659
0.002704768551787806
5.940855605246487e-05
0.000510886099377883
4.9946621476948394e-05
0.00470292989415555
0.9999990638304459
0.9999999882316957
0.6184065415855471
0.9952915022927152
0.9999102570111302
0.9999116104930766
0.9999527559247778
0.6248820890853632
0.9887446425926996
0.9999946987307955
0.004777474798766779
0.00019686725362444424
0.0005643841253296644
3.800197781489434e-05
0.0026974136426151096
0.9999871573103161
0.6098333290132927
0.9992331787742917
0.08184608044577879
0.00020087147329195254
0.00043972654623603
4.667757277110329e-05
0.00031170972509719785
1.4948805376779895e-05
1.0397875260137468e-05
2.531082625811809e-05
0.0008541223892126748
0.00058891970703423
0.0006534931502407693
0.9988355154309052
0.9988287296994268
0.0027123866314461287
0.0014402597175969811
0.007827235839902635
0.010685927052382915
0.0038877029637502947
0.836717656966062
0.8389466286621331
0.845918956016982
0.8494997928391421
0.8588650327859619
0.022150521151172664
0.1431720265532096
0.03430996590414781
0.020312691823090367
0.15593877668833334
0.20795671663623072
0.8856740619228056
0.8500170027625737
0.021759726510478306
0.017819506459051948
0.15990978629776365
0.05397319618165708
0.23250829154241115
0.9723861841095041
0.9886691671790998
0.9761529620192734
0.9853782538844656
0.9921428091930622
0.9777836985376447
0.9896026761286303
0.9885127306793281
0.8482639342940542
0.9991290795628641
0.0106340516448018
0.004994762623045768
0.008102879329440538
0.00044251714548537713
0.00039584061271324966
0.0005550655843004071
0.00307614792126909
0.999404838306451
0.16063387365868265
0.025799704851394933
0.8457757606671987
0.07174647054765049
0.0008353049891366426
0.0016802164820513
0.010763567504707638
0.1449991746657291
0.0005801836348023892
0.00028067297571565675
0.00014407731469967544
0.00042669147919704997
0.022546160756592548
0.9990419813330059
0.05713865652639205
0.010396116742197758
0.0177878528991674
0.9996569612976409
0.9972015358409542
0.9354105964838197
0.05283701550659026
0.04052964644370771
0.011281520950443324
0.006072173454640617
0.12008192099936099
0.983701126263083
0.9905521282129934
0.9896043944543105
0.9840899351720995
0.9770638507122078
0.972041821104156
0.9531623663363099
0.9755856971735227
0.21137405246637775
0.0011651154929016583
0.00013726993206342186
0.001548982616431549
2.623060691087087e-05
1.5894375304470465e-05
0.0002657582149162563
4.4926526213684426e-05
0.0029645848749592085
0.9999998601559028
0.999999833638382
0.9999999148319971
0.999999912032878
0.002969181252608921
4.0557925590545274e-05
0.0002654771771687381
1.5154391118432642e-05
2.4438509710900114e-05
0.0015319887022726686
0.00011596779446099159
0.0011095144383899136
0.050945793167822884
0.11290049961229598
0.011645803558308465
0.010662333706588978
0.0011829916441173927
0.0019318395112064568
0.0014613795441411614
0.00011260034782967221
0.0035379404018741623
0.04571271091124285
0.9950825196643756
0.9936079194674418
0.7399014180311254
0.7621141391581594
0.006273857935399696
0.005284194631337447
0.0027984597077128637
0.9999772891033547
0.003656059169521164
0.0006599150846909874
4.210244655089568e-05
7.80225178612648e-05
0.01278982095143577
0.9999985690283105
0.9999882010756606
0.9995811088665759
0.9995674807524041
0.013274937030606893
0.0007817965460875653
0.00013879581900699822
0.0006457407128485082
0.003645850847701637
0.006269779060184888
0.00032616385671047077
0.012516666363616591
0.9985604854566754
0.985441675021838
0.7397644821787699
0.7575262502000097
0.0467959058728622
0.0026360281855876133
0.006997897398236308
0.005838014272646741
0.0031021138335899368
0.001595894821961652
0.0023141263412600477
0.0033114109819019077
0.0803921624438273
0.6908645279772749
0.4977292443631045
0.6918970731843457
0.9053919324248325
0.8679661014827784
0.8366126463482108
0.9600226831079248
0.9829846061697451
