0.9708022897032871
0.7844226670536626
0.703324686625468
0.3828319621565871
0.5145964335126627
0.6522486218836089
0.2376607802216838
0.2857870242190861
0.7392702924955852
0.9957810677808087
0.9974752050964074
0.9647709718172377
0.6120737905714673
0.5679386550963331
0.8832573612769569
0.7842664789405278
0.9369739215808948
0.7803684473745224
0.791001366768642
0.4314209296100403
0.20933388500888372
0.07114969617992817
0.3534056633321867
0.8690542051982602
0.5501925908762145
0.14123955994901227
0.006320921150637093
0.005253138919728562
8.050727271335933e-05
0.00014016138510941634
0.0015995085868619752
5.878616867383002e-05
9.741609909186266e-05
0.0013760514562042303
0.0005554828216540741
0.00017141205342874333
0.03271851334660569
0.9986961969331123
0.9999642803225208
0.9986810282903621
0.032672494890709114
0.00038648760540904714
0.001862285146341125
0.0025191955359719076
0.001276317547781014
0.001208033180276069
0.0019104298854716317
8.676259432949252e-05
4.7672360048434115e-05
0.005236763294283908
0.05147224815488283
0.18140040064683416
0.09179144769666736
0.13052827350497553
0.08631612358139129
0.06211022205370975
0.001492329515634383
5.7949179985028465e-05
0.00028354514754980187
0.00014804261564460575
0.0016564637832268136
0.00015558765383716366
3.077610495472172e-05
0.00035541795943150323
0.9999975829732423
0.0011476436186464989
0.00041603808154278
0.0068211808210576486
0.9999678079146669
0.99999716529914
0.9999970551690812
0.016132303021206162
0.000355540022585088
0.00023434155415713587
0.003049266576594767
0.9898116048520046
0.9997871918831134
0.9806565012136538
0.9851864531268713
0.996279988595806
0.008209247744459747
0.00931449244623972
0.021702974170207723
0.021073473881640936
0.018836474956373528
0.01780695718959524
0.9998483336296641
0.29786800314275574
0.013565432716193149
0.0009279713158970582
0.0011390384847700386
6.141351124078209e-05
0.0005322975394980167
2.4906778455235923e-05
1.4974318225724481e-05
0.0008430215086554504
0.19778451600023828
0.7028644457407708
0.5980508855162318
0.24039085574581953
0.09450438724259691
0.06617033923933002
0.2713043091438777
0.9825217153535555
0.03231862053551626
0.015253788221794351
0.012537209828752505
0.11315751032070542
0.9326091253352828
0.994750602860154
0.955175164609696
0.007410526659745176
0.007781976493382969
0.006651084341301128
0.9959586721514042
0.9949216915741873
0.9942719275124535
0.9955528211058867
0.9996816095933914
0.9970457454745203
0.005067209787727123
0.002877858503037456
0.006556500479636407
0.9956541072005491
0.9859691229956773
0.38985742674718804
0.00479981279457653
0.007535088489348918
0.0869545303312873
0.0825016135668255
0.9249818690646141
0.2240124867162725
0.8980533556761284
0.027368563601128715
0.00045859370958023504
0.018952295579112155
0.019299976691881993
0.0010422275454176066
0.0025490377231488504
0.018794504541721824
0.009915446715275666
0.01878475597953244
0.020000745425712063
0.019953876176948104
0.07814853338875427
0.1386287190911859
0.1618532286214065
0.15293428437471834
0.15921106908905036
0.8955647432011523
0.8974928193020417
0.6967539375483525
0.7931617622015857
0.0069406551010002815
0.1745124511460835
0.20745448445184378
0.9934380254724603
0.9814180390829584
0.9677006911519553
0.7760498971986122
0.7828073065783535
0.8079862658722482
0.21428893424974538
0.20887423119907422
0.22014325173419869
0.0311861971291737
0.01369722102136095
0.019877643859111616
0.11623213428445278
0.9326122331460255
0.9251413294730287
0.22179557956027762
0.004890012942989963
0.002218987003970274
0.044218632560042104
0.045395316551860576
0.0016872228022380975
0.23914294327564867
0.188352778085224
0.07778891742191585
0.8550895841679964
0.9295492026791943
0.004609929541712354
0.00296732522611165
0.006653105921355595
0.040843886582091704
0.9826556921583826
0.0376141399388954
0.03213609156675812
0.9844110402765576
0.03189701606271167
0.025086072563824002
0.03568119817927995
0.04215981802796043
0.23001563738798314
0.20557441528265474
0.7347114346287504
0.3169954378248193
0.43283396788751993
0.9556766493105405
0.8548210409655645
0.42279951126294235
0.46803104100804105
0.02378944676581063
0.001144907924104488
0.0006679023613942459
0.0003053895157707487
0.006464338703753847
0.999979006726344
0.9993524265943711
0.1453663114440351
0.0003208546944282187
0.00014141091520269988
0.0015199935209697646
0.0010740282628274311
0.0004324607396107849
0.013245797484314092
0.9210335623758088
0.9995416214937415
0.9543404856058735
0.003552780856644011
0.001535979280349875
0.10248636359722418
0.9996889721874495
0.960757166840414
0.9998118999858147
0.954297781203839
0.9537224430640442
0.9138801200961313
0.10413729636677338
0.030171264767515082
0.04809351041624743
0.9999803601505126
0.9400674694219926
0.9999958405821224
0.0131987291793495
0.00040571505069553204
0.0010694608091597058
0.0012397469832809982
4.3666075841719554e-05
0.00021101749369900613
0.14522790813238973
0.006341280035526808
0.0005141912773393154
0.0013415719212431787
0.0012816932067790665
0.10373165135772844
0.9842218038340376
0.2958703905063864
0.3068302137217287
0.36318104780857774
0.3804727532925819
0.48348068063209737
0.8493941156619857
0.8819023805972156
0.9564673033704714
0.5836035171253642
0.3474351104178883
0.39406508684378183
0.5334447285222474
0.051641083872936866
0.01765800257851302
0.02188732685290562
0.10300416787955047
0.9925961974827193
0.5373163000926489
0.0032461186864014557
0.0005229765453116375
0.0003463722904686328
0.08971940036063131
0.09189410365127004
0.9736975687025846
0.09729366774090731
0.037895607730229264
0.004615119606539486
0.0013633053504322756
0.0933612294735735
0.11368353990266522
0.08890056499377863
0.0023852290640994367
0.007189381331883071
0.9137125306829422
0.07395421007724945
0.9950068571847797
0.07802318164939737
0.009680311029240163
0.006617702524643554
0.0010079186365465898
0.0038854889359380973
0.009281674978145027
0.008580693208726231
0.3138837978661593
0.9122800530970018
0.9114316217137709
0.9115314054415475
0.2249691276696425
0.0019194912686951726
0.06706394082269551
0.0036401051255404715
0.0010322383428702508
0.041096626812993975
0.12157755944633197
0.10895477408417742
0.9999240267033404
0.980090101357351
0.08890337176306806
0.902497841694288
0.009570262820053022
0.08931790337577472
0.0035636790868727175
0.9095423112377071
0.022094980142829956
0.0031741933634639174
0.003936826478262101
0.08580366273463746
0.9996299594480347
0.9994845361740985
0.8591237591822498
0.8742800183046184
0.999375770518572
0.9890288999735721
0.9974267004163136
0.9130692648665105
0.8860885021657843
0.9952103546012228
0.12265193561880905
0.12330446681087226
0.08750272615608534
0.07727415548472372
0.07674229350669359
0.007787987188410117
0.23282512700779323
0.6701213029152091
0.4514350271280144
0.8980315006435352
0.01500542296457108
0.01167639263479392
0.03797095833055397
0.14103577073182716
0.9404191672105682
0.5065803450975416
0.27787399005108204
0.7867024946978052
0.2255355745811246
0.2067889051029138
0.7791480276711422
0.24783129396670578
0.0023830608660730945
0.000452283348194249
0.004889250931219946
0.01337542853919682
0.04451577163592002
0.9997155643070109
0.044168081358242905
0.040795184857366884
0.00482621029592023
0.007131396151512703
0.8642119311887266
0.8658154717968859
0.037752897915572015
0.0374017569733307
0.23760178219099815
0.6599026995443815
0.9358006921325317
0.9518143816322007
0.30646515512706374
0.34222824521829065
0.24226003626869297
0.05558850435313145
0.02583168289612503
0.007589204217150258
0.0002907091613656432
0.0002965603596746247
0.008199411884211805
0.0038483083900536785
0.0009678373264655482
0.03820688823974894
0.9997366602700408
0.9999299396665158
0.9998779319328969
0.9993834667553435
0.03859380027670656
0.0012616251982523474
0.0036829115756856767
0.9997407066876428
0.008119201843057033
0.000327251879035817
0.00035787640609574733
0.007715355964440285
0.08978437932140482
0.22496696123405735
0.33896336785221604
0.8172603345920394
0.9820103901721156
0.9403098024677405
0.4118163613898861
0.4247109679211506
0.09607284795646087
0.0007185425603736251
0.0005370320746000967
0.0032393708742014526
0.001295988779215329
0.0017606547837833997
0.9973782969456393
0.99805595062883
0.9985133823557926
0.999615230522541
0.0018881650255878624
0.002195301628093116
0.0027344628011293226
0.002149095160226211
0.0029514503220633426
0.05029610863628109
0.21774132917878897
0.012592278180907135
0.01282133837571331
0.018787622442511198
0.02648867231344898
0.24526806724568706
0.974280949223553
0.9989508453174597
0.9995776901829391
0.006186242234415884
0.0014356017308065905
0.0007581422343090338
0.0004950336886631046
0.9975155378951508
0.9980026771500538
0.010217198825920537
0.024438414253731833
0.18833310864338182
0.9986780127919972
0.9991280589790035
0.9978962931548288
0.9971016740508827
0.18756726895877818
0.02755589309852724
0.012508851592707093
0.9999170154019067
0.9999699253890427
0.0018222375779042288
0.0020357491906806136
0.0014778666243207006
0.011006955119524875
0.9897512345374296
0.9887963028064763
0.9875892583354577
0.9945260821126884
0.9998137254309137
0.04323171368785261
0.02209843345744289
0.015017765650397585
0.01221350506132457
0.9862429830599976
0.9977734096601885
0.9925230323169257
0.9950675261469744
0.9946203112699551
0.02550992429646004
0.02638475164273979
0.020603644823721345
0.029930278627263496
0.005608701237765912
0.002273771436305805
0.006558794426712589
0.03719875320913402
0.9990152913768342
0.7441921675998775
0.9998702419466182
0.9985592553635324
0.9910981595525233
0.9330007480828459
0.9979793233966319
0.9876520202876757
0.9965851552051456
0.9969134975346493
0.6880137819257364
0.998694257638003
0.9986520609973202
0.03391120914463197
0.005675051258282271
0.004449755324468896
0.005893679941985308
0.9924444155145067
0.9881473231289792
0.976493225514382
0.9844053874154868
0.08337258001268522
0.007648252887441087
0.011483446660084495
0.008036298607501324
0.008037271176015937
0.015307214225482202
0.016687582456675454
0.00614873024816609
0.010023406668887902
0.010772701212228286
0.0134555945370326
0.09545649908368747
0.9706454932502802
0.20221761650695913
0.9949869807004974
0.10993839648609627
0.07201239890833222
0.1530485112219575
0.24200748169933073
0.6081210234273681
0.3805357864564851
0.946279023812477
0.9422468041154337
0.9994177161408565
0.9999854968577196
0.009323068135770107
0.005789641166535797
0.003467798560902069
0.002655076812459911
0.004982851550994427
0.9993882576957656
0.9988046614363844
0.0008798581113332871
0.0006937990814329664
0.0008439634646988381
2.495461924945097e-05
1.0387534704836554e-05
1.4940034457011642e-05
0.00031173719326704763
4.704349305972855e-05
0.0004403588658934421
0.0002015762259233167
0.08105661659891994
0.9999761005876443
0.6098230460396101
0.9999875378485461
0.0027047685515994013
5.940855575325976e-05
0.0005108860992515396
4.994662154411689e-05
0.004702929894106367
0.9999990638306355
0.9999999882318537
0.6184065415854243
0.9952915022928012
0.9999102570112366
0.9999116104932193
0.9999527559249091
0.6248820890853688
0.9887446425928185
0.9999946987308376
0.004777474798557724
0.00019686725363055047
0.0005643841253201165
3.800197779668668e-05
0.0026974136426000106
0.9999871573110171
0.6098333290121807
0.9992331787752847
0.08184608043751096
0.00020087146504432773
0.00043972653783863613
4.6677566622355116e-05
0.0003117097066930308
1.494748806551982e-05
1.0394985809236701e-05
2.499021654689404e-05
0.0008441776589691585
0.0006063486268594875
0.0007880360049351554
0.9968044228484453
0.996795431119994
0.0025201139362115432
0.00017502285267323447
0.003959221073912
0.0018093338631439693
0.008316705841634353
0.12006363748492366
0.15374592956215472
0.12041486955231229
0.12314996450955051
0.36977404335092534
0.7095702158754955
0.37971216340531067
0.30365052366211
0.009589079346884799
0.04699182338729857
0.9829534765897681
0.845782748079067
0.1976792717468785
0.0007717175572667934
3.688867746209912e-05
6.853770806503068e-05
0.0005232648485182789
5.559365740648303e-05
0.002046399726746695
0.07206070482081262
0.4127631543124649
0.9619871331912678
0.9270249082999342
0.9279033388066762
0.8805680326699168
0.8187393992546743
0.9757265331439068
0.7405554127697203
0.5417800615323375
0.028859293994143664
0.0048218713128189705
0.005685936168757233
0.02235250481391171
0.011311848307386296
0.020584881292205037
0.9999857041973498
0.0065938642953673465
0.0005178138721110281
0.0036753599340356713
0.016059445222628144
0.9998338801544903
0.9998306431903288
0.00684272484397852
0.0003218379365917956
0.0012111793515970914
0.00033892330750850963
1.2761349702627989e-05
2.5793532453688428e-05
0.0015342664686495144
0.0002753204933170217
0.0002704581081102164
3.0903157598127784e-05
0.0013933669966228468
0.6260557255168409
0.9210853519377004
0.6824997030679074
0.7089755407364722
0.8319416192097011
0.7207190377810206
0.588325035834264
0.3021962253354693
0.4048269825997626
0.8555540705363675
0.9808847441066478
0.673490907361711
0.7465505891277547
0.8040357414827441
0.9513696559791918
0.9700618527664766
0.15983988994060638
0.000984580891845055
0.00013445518803190115
0.0015501366948951212
2.554917916519628e-05
1.6308525404573615e-05
0.0002815876903695669
5.096356212408448e-05
0.002970547796573242
0.9999970894845274
0.9999949780876517
0.9999954176516919
0.9999995738647486
0.002971064782729682
4.994925662771266e-05
0.0002660403005393386
1.5224111750922198e-05
2.467383536297607e-05
0.0015382908838098563
0.00012947632363480288
0.000797336538941984
0.05271756329133093
0.5228915794871076
0.9220320828809156
0.04651340140839133
0.0041910187314352365
0.003163420681777551
0.0017776513858654974
0.0007187197882428942
0.006083090765100718
0.04544829192062538
0.9980780025288803
0.9934965947648955
0.7368726925466828
0.7590190583286208
0.005521009429102386
0.004620538121842377
0.0022548350632352054
0.9988935488310395
0.004919226391372544
0.0018155891215601017
4.814404129727112e-05
7.811755545494847e-05
0.012928678306043606
0.9987315600390478
0.9987233759674489
0.9987193157297154
0.998719742775338
0.0126352584945163
0.00014401232576299883
0.0001278705427321114
0.0006470521859507361
0.0036512970440932824
0.006238573740288356
0.001584502528452214
0.013109155767491831
0.9990299075744293
0.9861888647590514
0.7418574638191463
0.7599695439493839
0.051784307093969084
0.004383009279016581
0.007734724709386631
0.006714351580807132
0.004707843981307747
0.002557836267567448
0.03459337854181255
0.729818187362704
0.2444943494781141
0.5420458690646708
0.5303824063305328
0.9438358968855189
0.9804980106623454
0.9505573470136843
0.934021965552055
0.9655425068498087
0.9823922485669634
