0.9948158979880887
0.8534965236071416
0.8903819194236999
0.6949858825302369
0.703633078185611
0.9680682802764486
0.9647931143007573
0.8471371115594896
0.8493931717714419
0.9641012823640919
0.9947176238107731
0.9900167136831542
0.9101581262204138
0.47821383218258273
0.4507296168570296
0.757470186438651
0.8821120444277262
0.09737829533106879
0.041069409180809036
0.11428259176954914
0.06794798238428645
0.005762303665832635
0.017491452360704485
0.0467086151154128
0.04062402906034601
0.040202424722110774
0.03325107603906641
0.20545620993876335
0.2387372161824508
0.25823329764361524
0.40991756555186665
0.5013370601071057
0.9603747586477058
0.4521460994002706
0.3728208828202335
0.21978694577382263
0.18810652933565852
0.0855183955212232
0.003112356106084735
0.048028500286013576
0.028007411894145018
0.3601269085531089
0.5430597992111195
0.6890988742650968
0.5881476428489121
0.5604933207348717
0.7914128467549975
0.4072597102089526
0.2714610692423598
0.27204411881635404
0.13503497869346037
0.15948221500984272
0.7631341889524145
0.006102379798106239
0.004973699634646889
0.006896992034606475
0.0007121238938903041
0.000766670408918535
0.4987020013354859
0.005871672936129446
0.25440334094536565
0.2557623784673788
0.03535186370421495
0.06993148845634756
0.7891662506502538
0.397717032393918
0.49100622257197357
0.055075360541955276
0.004743912509795556
0.01178962981308962
0.30791220811907705
0.0039218581024786925
0.6834836354050774
0.6879204187708798
0.6884689302718163
0.6877445830947883
0.758659276086795
0.911205015583714
0.992702821045822
0.9807047192313523
0.11526742171254756
0.20535098740161772
0.05475824619124514
0.005067838598609042
0.14088403551570272
0.2526523693548075
0.013426479708788186
0.34106171641518
0.052953321999246517
0.026190302620328176
0.27837557842427185
0.006107374276379418
0.007660172964870426
0.21276328254891508
0.48578722634828575
0.48070126160183657
0.6225622537701554
0.9940927879010296
0.7671731197164764
0.16034326534696142
0.027020626731421582
0.01503700113458617
0.3350257391721596
0.6224514784062732
0.44247878233903437
0.47969198526007795
0.4552482670657302
0.4384047804024491
0.8010939681765522
0.8160018451254158
0.3072047870572081
0.39084276281562913
0.1830850120566626
0.15278601706575012
0.8119935315020641
0.5088627190033411
0.23837481267361904
0.5791857201180165
0.995099466312326
0.06626986622597775
0.003121746228197164
0.0069449769559402075
0.018816633710718178
0.7462490625794538
0.4595979379603431
0.052899227720333286
0.03969801679336116
0.03414064911525072
0.0983770145922056
0.4562126180667758
0.564054154800953
0.8651797305201858
0.9263619801311117
0.23573841741843626
0.11578786728065027
0.13208853390735265
0.06357198495698202
0.01964068836940569
0.022384101156397107
0.035198080782384955
0.0789509386840258
0.13061715169682975
0.08995958459933284
0.004980673555241011
0.02810197748890131
0.545280941543047
0.7364807534309616
0.7654338118829696
0.33300895859237656
0.041776581764459086
0.10151973224279853
0.00986156651094372
0.0037681043609052445
0.022116577514125435
0.02247423932534398
0.012852498784855615
0.3622578143917401
0.9994021010786728
0.9986772054679316
0.9770695204377553
0.3393282896814286
0.0010941378801164747
0.0003194379525492952
0.020501909460468037
0.003450096142374237
0.0026381205454092393
0.06715047300867605
0.07568560589704698
0.39794580903935206
0.26279072848011187
0.3079622675596184
0.22341116618720946
0.4541273304357756
0.1450728386926292
0.16800631626156604
0.15510555946946258
0.5204148134040932
0.851232374702589
0.6192930826566904
0.4534568795036308
0.5118859905124857
0.6837803316431292
0.09129526343122163
0.14383975166760887
0.3285976249520176
0.8496148625649422
0.735695916999946
0.8115498083568
0.167881783491157
0.09806183344823549
0.024180520172897402
0.021882555806176374
0.04917182440402046
0.023148765118713888
0.040946621083324475
0.9852260637925031
0.952423964087081
0.9505749303924652
0.986702966289716
0.9987184227778727
0.04546301203975045
0.010033179121451963
0.00031168286287819313
0.0004545822384786069
0.03239416789366245
0.02872953903359976
0.020091065268640462
0.5852390507675856
0.6357463004417054
0.292565447700021
0.14479553648113774
0.0016716852372368196
0.000905535841362437
0.0035975379529017415
0.006814629264577765
0.0009764849890031568
0.02582349264968964
0.6774277101799888
0.32963059240726456
0.012557013441956144
0.35024681321682405
0.0007881884723620614
0.004245958090112079
0.10356258551552289
0.6487196776034468
0.6470767783251353
0.016309015253069048
0.3551849433150569
0.3538003198663061
0.35276441667900704
0.3614751228628308
0.9568690705712025
0.972885393701269
0.658662656427111
0.6398689381045912
0.3821881577523125
0.01886111666089163
0.3477688028243423
0.34945172170840333
0.2126981366762709
0.7135609936114307
0.5672331128699615
0.3794970078844355
0.7609028137669887
0.7067174345767908
0.9338054291105102
0.5846298622651698
0.7064272311958775
0.09287505075402391
0.10339449698186809
0.4550896979570711
0.35751043670355287
0.6891418315108611
0.6566283440470995
0.6795805638723573
0.5180125220838514
0.7241201502443277
0.007127607633306443
0.011008251646403622
0.0017506978184366195
0.006204738736211635
0.007829081401054316
0.6456694681876858
0.6685626089644391
0.6666305158811032
0.10551522338529129
0.009235774281033393
0.33538424379605836
0.3459433387735501
0.3242092337885575
0.3207334863482013
0.35825921574414765
0.34383256789956784
0.0050301603366378345
0.0018027228353620917
0.0003438202175475302
0.0012775810805849552
0.004072805846335403
0.010149437095264613
0.7738576361944296
0.10648741224269176
0.08451247702486542
0.37574064846086175
0.26036927431225887
0.20987288190168008
0.3540718432429193
0.2333800363647479
0.0646574205124204
0.5101887997551429
0.7314211615747983
0.2929354164077086
0.9942208607291845
0.004651404017475103
0.0013611300569071894
0.02033803279835189
0.003252806625569926
0.00545816612866501
0.7094438182035535
0.023244092871857136
0.005579988564270666
0.1581189581241511
0.9776998401411489
0.9935206734838796
0.9971992188821767
0.7626736485621574
0.11085966651021595
0.01460751255146997
0.05213191452226007
0.9794519242902738
0.010019966654060686
0.008107748029354767
0.00399311509677569
0.0023528147177852565
0.024385378351045595
0.31857699508030823
0.9889757707657667
0.9812334781111268
0.4399819958599439
0.5314806008954003
0.9810779550177416
0.7610365676859897
0.9835362797733194
0.936690480787559
0.8773536931175995
0.754650997280812
0.313427222754901
0.22499489915363546
0.3828096732294536
0.17102647107084346
0.5705531185865347
0.4368859462953195
0.2601029465196718
0.2237326661773945
0.44604127823776873
0.414493345736765
0.22838233708804823
0.2496410183513308
0.16645471524377364
0.27367590163279654
0.5311889575046339
0.7361161710717548
0.20863548186055714
0.31449044070536225
0.30901813647124465
0.1395903565636225
0.7023956194314901
0.5322034962328885
0.4850323432135265
0.22352518096085883
0.22989458346995084
0.1518768158470174
0.6615744392894599
0.8000351349373728
0.8028600844690417
0.8227329181977886
0.7450553159381399
0.10615475202912783
0.06132377047979609
0.024324288526110127
0.06854533812852526
0.7953313835656841
0.7772102073429822
0.8314940946576709
0.854240123076512
0.8423983984558666
0.06326714237865727
0.11036864712873573
0.052407156654639575
0.12341410931132257
0.9589432359838244
0.41072964200723194
0.31063944207774774
0.41377700748050916
0.5134687929823027
0.09915552724527255
0.07153497513219365
0.0658719747956138
0.8795699228372856
0.9312889943929509
0.8873210772545718
0.5785464965544527
0.1080778210231279
0.10735341233023332
0.07936089280266789
0.9421632837080248
0.22773223530978393
0.17265500195607886
0.3050908472521279
0.33448743030817096
0.1663010367427029
0.10017725575181857
0.09050793152470882
0.1441580002908356
0.6864949187101135
0.9023473733115623
0.575558068183661
0.5501199020855402
0.6817173535467864
0.25623018736268754
0.33890020406008936
0.8742367652748904
0.1296404101862938
0.22259662122901158
0.12326012262126929
0.165006341831754
0.7366328859337348
0.9121792786829457
0.48590955641610867
0.4342758738403514
0.3661077849762183
0.17473928118246318
0.1720391679217811
0.13388299272008142
0.23057319199633963
0.12466804357759509
0.6188881438384635
0.46569443875269445
0.6220879867802493
0.8850623962369246
0.9229367360853852
0.9906616436289191
0.8880970601607143
0.6303446839447813
0.17973423110804165
0.07953081528612072
0.1793792145424965
0.1938623771578346
0.20194440576970984
0.10903683165848466
0.15173347464863618
0.4208422579086136
0.924208736987373
0.9554421189854145
0.9289062781766505
0.7377677825124037
0.6675441883109745
0.8607784541858028
0.7866655571268606
0.9567603409529062
0.9994267245719166
0.01134709793386679
0.0022787989588717306
0.00010180897412603862
9.747711127017222e-05
0.00012454977514486654
0.000857753062142419
0.001156083909068295
0.0016058007266307461
0.0021099466859284544
0.0023031978049473656
0.013979793610017888
0.9999817314474859
0.9999942802431026
0.9999974782208793
0.9999952745522309
0.013988463312112454
0.0022909154445622804
0.0020944830276518056
0.0015980824032113539
0.0011568420639298527
0.0008554385643519957
0.0001224219919415681
0.0010254360280065322
0.0002018423023951721
0.002155299846675951
0.025797105909018403
0.9807143306666068
0.8431688919839945
0.8859896422587943
0.8610804613315941
0.7632057625107564
0.5171997592915052
0.6671266223447079
0.8192042478978583
0.9416049126131616
0.9576363386379652
0.7755487969093154
0.942862338429016
0.9304001212190962
0.5044363843939712
0.2389184784050652
0.2840099933421969
0.44128321319205177
0.9404646549976662
0.8335470871938722
0.6423702293294697
0.8630110953836919
0.3179843397162193
0.063031900475912
0.04216656665484364
0.019719446671009
0.07380416590241723
0.08097605862909063
0.13331990927615356
0.050320850611869195
0.046066205550501005
0.10842641092814442
0.05429431834304832
0.21493665075673385
0.06460647394643249
0.0004506222664333315
0.000648719437965628
0.0005451736011494734
1.9564500463697954e-05
5.20945410503737e-05
0.0010730627332207199
0.010748465983871247
0.005874707558765846
0.9995717707801525
0.4176702073785018
0.9981092849170994
0.9999979535714351
0.9993810648132238
0.9999737569693682
0.9976847418497656
0.9999290380779906
0.42300697666980136
0.9999927260486271
0.0068261787626733295
0.0039050256034821595
0.9999716012788035
0.001094038091929539
8.085767678478462e-05
3.262860996400274e-05
0.0005775822895935923
0.0006752984555916663
0.0008670792345605305
0.058270921678728715
0.5921142144340648
0.6301312590040766
0.8036535240788525
0.3698046069659887
0.3573845051419988
0.18387315155028416
0.2978872222918254
0.1264447383837961
0.6128142813410267
0.00619895323068298
0.07621402557346701
0.07699793639681463
0.07897081313304433
0.9158276045539919
0.4766269622259991
0.45091004765294684
0.23162835243373614
0.12078030083002755
0.564032404208898
0.9217963002619814
0.061328700608578424
0.015008048162600596
0.015749893458077424
0.01737839269016106
0.04496809478726438
0.21036250961397773
0.22033646423268838
0.9804731040250845
0.9511180153375132
0.5084888790206854
0.5623178877771737
0.2539350438827297
0.09070237167315265
0.39472233507778887
0.40196482711257775
0.5030593222509587
0.7248507493535237
0.9050476043259572
0.5803625104730175
0.032959837232031663
0.0007982972156891366
0.0010156973723227658
0.022329643539938604
0.9441455324672188
0.6677749186118892
0.5407660283487206
0.5295217953277358
0.09179307298680672
0.48453133816458493
0.2968875596174346
0.2893806744828078
0.3332328383532037
0.46627598244576984
0.3764677918280128
0.6636635716645117
0.4067905643178775
0.27365677988737036
0.6708811878110693
0.5279458776104209
0.5160892999758004
0.020966864789447537
0.020745210434175876
0.03891899956265987
0.10379878135700482
0.9793216807445557
0.8672096061052543
0.942507820861356
0.9690217831178563
0.05494062022930468
0.0661694218913329
0.05675133306144231
0.0599890785021856
0.1595921413370871
0.9876742960313397
0.9092954824694486
0.9092248138256495
0.9192617136130216
0.005930396272862737
0.0023962735960252335
0.032856477109502236
0.0027355633831041004
0.9675026966899037
0.006135614411081236
0.034562826393530366
0.030135920800798743
0.034176358067110835
0.018619194633962555
0.974731300870123
0.9142547982297832
0.9369553516990831
0.9307616901348142
0.9348345588344128
0.8943658662726416
0.008977753010242617
0.0025614170994661123
0.01827761100199876
0.012633077272556803
0.01070902968411891
0.9346326977718374
0.9979579089088343
0.994189438948038
0.01765197640955829
0.02520323221201415
0.029933731526745944
0.021843759522301665
0.9679202852545522
0.9330480667602261
0.9419338936130549
0.20511844663698042
0.10642715478964404
0.08452762321272977
0.08314292495432485
0.10006012378558515
0.9871337050712958
0.9991447445819479
0.8853985529433729
0.768787590074301
0.008708859482751574
0.0005841411677475206
0.00023768769311327542
0.1605222379910074
0.5021405624901704
0.4196610294057932
0.3210020392398383
0.7528650163799435
0.6669487581533221
0.7036923440904017
0.806516892216172
0.04688963597508866
0.021096340300645222
0.2047449612434259
0.48550467283316046
0.046293628145972265
0.009846786669092555
0.01908634105370044
0.03410852427752398
0.015483517305206806
0.03393593738723477
0.02637738916646848
0.5431889627248034
0.3791657723506586
0.4448173974425933
0.7008398074069926
0.696619798455139
0.44856081664932757
0.47942353399674786
0.6269719370791216
0.7478088306567776
0.6073197206051256
0.13159734928382605
0.2229662366322136
0.14303967267124051
0.04935143528329944
0.21153668144398885
0.1787262050198407
0.18397000963819088
0.016165272742895476
0.007575671835091891
0.120991517576025
0.6191728847952679
0.17347231322682544
0.12061502266286162
0.12137499062210255
0.07728324568717726
0.3547138073572814
0.5825275799491767
0.18534185388047475
0.08085795947623398
0.0056502486094709425
0.3594991645174972
0.393212212041124
0.639605491246036
0.25137913522185285
0.1238947207671236
0.09234311864178091
0.02846728464225179
0.02183478230906477
0.6540559161149848
0.22340069888871272
0.0030674614358514596
0.0023034188593658023
0.004425419594049518
0.006663298176913024
0.07298503154301761
0.9307845512661144
0.7518781688366677
0.9870683544492336
0.9764437010536253
0.8337718210784892
0.8290941284764406
0.9715112934471779
0.9927442150106724
