0.9950918837240006
0.9844379125961682
0.9935265035971537
0.9949245875097399
0.8669311879237633
0.829920889565612
0.9325710449010112
0.9766993392974493
0.933688842322025
0.983695143416585
0.9955504673589516
0.9900672475681855
0.9422186891174704
0.8891247637215939
0.9600798991992802
0.734749016264689
0.9727276956741637
0.07693540554132383
0.006882824102226959
0.0037850641341230506
0.0016968236149957905
0.0012933984803428222
0.00993031783923981
0.006009910707446275
0.0015510238864333559
0.002572295337251451
0.00411610536068141
0.034326570932589506
0.0014628224443564708
0.00012714913266775874
0.0028191530276980847
2.6991116164998274e-05
1.130317632513922e-05
2.1190633844869744e-05
0.0004329474514344067
0.00014618584382142252
0.0013532744231937732
0.0005524628968778256
4.45040765278959e-05
0.009905843123620306
0.02996227678049923
0.9898749344526647
0.9994051978522038
0.9883716178791508
0.9848834353095584
0.9742521078876227
0.9074118825663163
0.013744478093895451
0.01242806190853396
0.013396897211147452
0.0033956469147338186
0.021482164758936162
0.9888297101063422
0.9734541587940087
0.9285405257923046
0.13988411199516915
0.0004130014380061553
1.785016373934134e-05
0.0002676971908661674
0.00014486941511415719
0.0015328551752407105
3.405240524867459e-05
2.058743250121786e-05
0.0002413028146176499
0.9999985765454783
0.0011318563474693732
0.0003012991793573949
0.006724839580479869
0.9999775910816329
0.9999981215335247
0.9999981449581681
0.012868416231005209
0.00022800349428186983
5.360767325934823e-05
0.003009496053516858
0.9996102338782723
0.9998995619634546
0.9975192761914624
0.9997852640611498
0.9999022033742359
0.006838133763883869
0.004470298062680733
0.0017884182085849964
0.0005886792415101816
0.001586932100995475
0.004964363426420593
0.9990444135904559
0.028980316992922472
0.04113902777636469
0.18775286240204736
0.8281512808586908
0.01824342424500902
0.001834627383775489
0.0020004555887298547
2.9056310550390485e-05
1.7630620885777937e-05
0.004858597596408054
0.9999999696556676
0.002516880027570445
1.5305669657350585e-05
1.0897822056654682e-05
0.00025794538119094934
0.9999892050565028
0.006616967659124229
2.903816739519005e-05
1.1005471150737911e-05
5.7166209940451296e-05
0.0163130905664729
0.743114873764801
0.9945952330643792
0.995079222234691
0.9872173428206124
0.9976080948523243
0.9692357148690449
0.9998006708192294
0.9858403049376772
0.9775542982703753
0.9827491997680663
0.22273280393351202
0.006635467754263158
0.0009272309606249696
1.3975782190311925e-05
1.9072223701455115e-05
0.0007326686185936682
0.001168335680091892
2.214340176609486e-05
0.0001550357894737342
0.010726915958838235
0.9999999835046741
0.9999999862310777
0.0029680742725539666
0.0009562814892861704
0.0009867921936710378
0.0006336606717312065
0.002663876416647115
0.9984749931904525
0.030471600774520158
0.0013698089069926755
0.041311733369788106
0.9973078512049632
0.7329516111950747
0.9996025450030874
0.9999925391210486
0.999945801931427
0.999945750324259
0.7306516690018054
0.9995913208066571
0.040918660429865916
0.0014364605110928075
0.029000292961343876
0.999993393504025
0.0026629577468760823
0.0006363185023393614
2.636702828195947e-05
2.240264988662144e-05
0.00485953246071269
0.9997848960241831
0.0110400522703471
5.698696437161921e-05
2.2186860820117005e-05
0.0011672961769740864
0.0007316150603177141
1.7475664492616616e-05
2.9157180063466015e-05
7.678904778274376e-05
0.001475058707690824
0.019380666485756204
0.0008066762334795197
0.00015926795564413787
9.280061794991745e-05
2.9866430869995853e-05
0.006607103372751055
0.9999809946489461
0.0002768647960296189
1.6577201693901422e-05
2.1861994994654133e-05
0.002504799279307579
0.9999997799763475
0.004222534885092055
3.118804224289118e-05
5.271717207422366e-05
0.002442953475950138
0.002131336994152244
0.02959288719993869
0.8584628930026776
0.8185959882675186
0.8747862957313999
0.8564576843090386
0.03856736683737716
0.002910271842693657
8.641395573283361e-05
3.7725087649653766e-05
9.740707674965599e-05
0.002736221502768421
0.018216246217778398
0.9999835699654096
0.999957420940395
0.9999734642987727
0.9999356253344382
0.9999660094083711
0.0182806832197846
0.002450900579733628
4.7840989073510976e-05
2.932691930424003e-05
0.00017825537308535644
0.0027337244823324447
0.01992672809912588
0.8440814970664876
0.8703746139472573
0.003828002477513026
0.001745567419364158
0.0005998977344059409
3.4725908042543274e-05
0.0006693242416790923
0.0016238003835740145
0.00014873139533999602
0.0005094519544688314
2.7289192322199618e-05
0.001334246022827279
0.999486293060192
0.999214724297963
0.0058786429892088155
0.04326362238342096
0.99999999032859
0.002125997920566891
3.8664883869277133e-05
4.8778088416079335e-05
0.002625652158981473
0.3838404642310791
0.42723839939832453
0.4108679057422726
0.960411291060403
0.7462379421694001
0.7000414878236549
0.9770318108730442
0.3805889338147277
0.02657046440713373
0.03567069038181492
0.03679516489676693
0.03659557999297691
0.8703103225756724
0.37896933544771316
0.3663590882532466
0.9937313885493471
0.9955950397308784
0.9982467222414448
0.8363566390284143
0.9642566547088992
0.040959630506984035
0.04696506063133832
0.6460675397399935
0.039562628821698476
0.341696226705278
0.3211948813268536
0.3423764047243011
0.3629639404626308
0.962487855053388
0.10408228377785689
0.13154203708355516
0.3881417170835304
0.018574232498953513
0.0025475444063666197
0.0004938381110228818
0.003572551953893832
0.9999919626232028
0.010705477609753933
0.0001091326451277963
1.0317334971143843e-05
1.1548874452871338e-05
6.097302391050441e-05
0.0023569771137569306
0.9712559421116789
0.008611037965587154
0.041493638273058187
0.0042355242857711195
0.0010267628872716594
0.003259825826373075
0.024839637174197682
0.0025142968752622785
0.00010226122768497437
0.000267651895933807
4.173562859455249e-05
0.002938177910266182
0.995252943582097
0.0793499014575858
0.0035457722086749133
0.0012763141412153178
0.00023302810573966326
0.0014752749972496426
0.006853758138269717
0.0067527375177940385
0.2513691699693712
0.9999970388700921
0.9999545062954893
0.9999970652744116
0.24672482129695028
0.0017263228557049537
0.002834657589683376
0.0017917480349958215
0.0006373377964861149
0.03139873296450202
0.03846748632031327
0.02256423613051084
0.9999999971350726
0.9999992900774982
0.0028565569923765244
9.72507549366064e-05
0.0002935475865810666
0.0001043223605031729
0.0025010822438622515
0.9999074995633731
0.023550273936356114
0.003156440878118949
0.002641915036021514
0.004664251108276507
0.9999990181669856
0.9999891007754111
0.8615720690181778
0.8758771916440675
0.9997932638695155
0.9982085313813303
0.9989138971477279
0.9097900110153432
0.8858876762132142
0.9978702226856131
0.04005488827083725
0.040859840035456174
0.0016610290410665751
6.30733151003593e-05
1.080308819767506e-05
9.45132852192554e-06
0.00010943697486343051
0.016512767922078786
0.9941651751285563
0.9997787319109724
0.003169456937764048
0.00034237637955802924
0.002404991733198192
0.01700748251253803
0.9958311380639708
0.9958298111920155
0.15460200161155335
0.13065810998368377
0.22988577098589125
0.01769869078851094
0.007678423955086888
0.004347190331228545
4.357291503442884e-05
1.9965342144989684e-05
0.0011716979639238012
0.19299006452868317
0.9992347391913867
0.9999997274042635
0.9999953537589207
0.1929906059176747
0.002419976797049306
0.0004788849789262306
0.000101995865630089
0.003212474277511035
0.02958288255274688
0.5400129421032189
0.9559742194571587
0.4174083820741633
0.2162689177364392
0.15427284129958996
0.14756125232195194
0.9974588721922414
0.12569675699382832
0.0369155457917868
0.010266339800221291
0.004499494657069114
0.00011402855873887674
0.00017655967793472893
0.008074786501939601
0.003785292307803223
0.0009175829171903516
0.038176239614489904
0.9998076045463052
0.999994891443052
0.9999951160832632
0.9995221410390877
0.03854610643581158
0.0011974437617660039
0.003607400147382256
0.9998343034414116
0.008018033512495304
0.00023103764284881922
0.00011798319447098304
0.004507457514785096
0.07917440731895009
0.09582898201067036
0.17259154370659657
0.7602513704584585
0.9800693877252107
0.999094682056166
0.9614587255484094
0.9605635865866036
0.0895394869117685
0.0008867508596783757
0.0007036140836390592
0.0012184698492362367
0.0014938854247910083
0.0020432866209728617
0.9999417781329957
0.9999950672356466
0.9999975554020113
0.9999776773045526
0.0015846404404268322
0.0015184937341652383
0.0005384665131689115
2.4948960144266508e-05
0.00047983351693925425
0.05062456147850847
0.0024167412315696524
3.17720041462799e-05
2.2714028603765257e-05
0.002314518089503448
0.999875167282834
0.0433109873456381
0.005227827260708362
0.9999838298859623
0.9999995002505218
0.0008235797697182523
2.6347350723932017e-05
0.000509529638210493
0.00015418896904961787
0.001623901298238306
0.0006656111152559818
3.173523576360804e-05
0.0006403839465275452
0.003006496831792438
0.005463667122388327
0.9999446361505152
0.9987075607122172
0.9957103098528868
0.994563183146978
0.9988751755790707
0.9970052481661843
0.998660335691331
0.9995566612826551
0.011762107302388913
0.002181335666941342
2.7965910243565872e-05
8.98491445688876e-06
2.4971370359505585e-05
0.000836765343814605
0.0011459502577995107
0.0015964732840189066
0.0021010108742549605
0.0022972765811157814
0.013977144209914916
0.9999872380953434
0.9999997180236391
0.9999997800795781
0.9999957825133621
0.013986770241032453
0.0022889081849032378
0.0020924022608329595
0.0015954757388965124
0.0011458087272537831
0.0008366824565538833
2.4919678884960383e-05
8.901141458683703e-06
2.9300534596155003e-05
0.0015562035794480789
0.01006596631794876
0.9991251019967573
0.9106452060575516
0.9982397278003362
0.9980669592805455
0.004558450139862558
7.8312796244151e-05
0.0005118823917724669
3.778963967215887e-05
0.0007338185956138332
0.001170017256892586
4.139022076388166e-05
0.0007340609624206795
0.0009998438132005072
8.869068923700318e-05
4.4620845079168525e-05
1.080719021429033e-05
6.56855641828491e-05
0.011444330481816811
0.0893487427520615
0.6006414822418783
0.8689098449200559
0.9997151648738324
0.0021601140048457257
3.745266467625186e-05
0.0008086784329887076
0.00011651903277620779
0.0009136377299711063
0.0037806060165024302
0.02125971461546261
0.1627642515352532
0.9982520470919755
0.9999991077253884
0.9999899620683447
0.9990971285626309
0.1622966265918726
0.02089187021625183
0.0037939286619653734
0.0008989866377954181
0.00011720932925884942
0.000809700773529598
4.670746497714706e-05
0.0022089973668319995
0.9996252887003236
0.9990934677801909
0.99966255580982
0.9996353443939736
0.37233974065939657
0.1635367877540197
0.028581614643940045
0.001199059540127001
0.003091804455176539
0.9996057259438609
0.9981865603412902
0.007033605008459842
0.02216504278869258
0.9999946839859191
0.002153845424192502
1.3651970637962307e-05
1.559614242452323e-05
0.00031187798597487326
4.657752562264861e-05
0.0004311605833258181
4.978263215227319e-05
0.001013363641726217
0.0009985374380576673
0.008012216527349514
0.9999991204287962
0.002934059455197646
2.8994733402787354e-05
0.000508803861591911
4.918172171874957e-05
0.00470164290580255
0.9999999052641101
0.999999998995489
0.6183999461534282
0.9952914196774467
0.9999251642538712
0.9999266782729184
0.9999674751512901
0.6248895792931224
0.9887587664915997
0.9999971381689383
0.004759474757030757
0.0001808282406042805
0.0005442641192481279
2.8897923454396235e-05
0.002934857387130285
0.9999996619145356
0.008006636526465938
0.0010015665713257738
0.0010161583912674521
4.9782621370453306e-05
0.0004311606442685134
4.65872637805953e-05
0.0003116989076460408
1.8259804227871435e-05
1.580575872972556e-05
0.0021458200086498236
0.9999959586536182
0.020457734007810036
0.006185129624805996
0.9995653576545052
0.9996563127613504
0.0035310433202794256
0.0013796848598802702
0.02894315606047848
0.0318531229913267
0.003128018984391301
0.058827762554417795
0.010829320745816773
6.600224347785844e-05
1.0916350861256419e-05
4.472584966641602e-05
8.869068935846158e-05
0.0009998264379142974
0.0007340434120274297
4.145795994203727e-05
0.001169983919884432
0.0007337836726358793
3.7827560420811146e-05
0.0005107559814612195
7.541231807994819e-05
0.007189887677704898
0.9977230006304711
0.9984312551316508
0.85143576880075
0.9909725348433331
0.9885128332862338
0.9922361085595283
0.9842919854561344
0.974777059131205
0.6542954002532441
0.5572044997754149
0.5393808836932423
0.6750210798922628
0.4737910572771441
0.45553421507378644
0.0063750118143997
0.001349303307234706
0.00032136803049331863
0.0017667081558949693
0.0023116463615105998
0.007057203833629511
0.9999868406817004
0.0032543689495290185
5.435107937257211e-05
0.00019719532970285947
0.012901859449297004
0.9999471821226376
0.99992251667732
0.006813147952514642
0.00029178293617682094
0.0011232998290875429
0.0002541116002158228
1.1285818492967614e-05
2.4443725225808954e-05
0.0015330681917455902
0.0001448676694723039
0.0002674483502004277
1.9349594973072648e-05
0.0004088691144429335
0.1630848736291315
0.9779826768106106
0.09111254496426435
0.11043578453070901
0.999881538555935
0.061731790388156904
0.04408136392894446
0.002410343859165942
0.0019379809677675386
0.00324746520095609
0.0016236088047458797
0.0016337725411876836
0.999906536839158
0.9998877186100152
0.9996618311681318
0.9935662071793179
0.01930660245956728
6.480514028484041e-05
6.410695242919928e-05
0.0015202632250282955
2.4929371453374927e-05
1.6315300393698884e-05
0.0002670273900616804
4.6287031687963776e-05
0.0029645516303726804
0.9999985936056305
0.9999985514878067
0.9999986395668412
0.99999999908509
0.002969247045404355
4.177602271870917e-05
0.0002653235409115773
1.4955627147483774e-05
2.4228882127386164e-05
0.001523344753309619
6.54881100172755e-05
6.831075401458886e-05
0.012528799268814561
0.999779099315458
0.9997761150025318
0.9998342569342897
0.0017042331834196123
0.0015736792435212532
0.0030911313581091227
0.0019706441853883927
0.0013524294211650911
0.9979464533374032
0.040325671325190826
0.0660244429356347
0.038895323526103365
0.018890636443187447
0.8810140266926167
0.016994824998333602
0.0128401534316257
0.026647817982448085
0.10481130768137092
0.10638844169449702
0.001409148801986615
3.4522427287631e-05
4.124383870951487e-05
0.0005514293748707377
0.0013563902063397082
0.00014663360454003627
0.00043535167715436085
4.475671574288853e-05
3.401266879221598e-05
4.9820764778440996e-05
0.002758519505604906
0.005961907965759128
0.005941354785920283
0.9886886269859093
0.9999862140891739
0.9994665680750648
0.03386265407780176
0.0050628362386891945
0.0022687803888109537
0.0014935877849155954
0.006265244406797099
0.7540240446334348
0.25627900224902045
0.0018711022186632675
2.9319750238898656e-05
0.00039192487649886143
0.00043845135962472526
0.06603277380465622
0.9767833845000407
0.6725671953682739
0.9981486356975645
0.969525180973753
0.9986410623821451
0.9117686119783455
0.9222286244855546
0.950329565616791
