0.9716682066793486
0.9788276208695945
0.04520341931554195
0.003780640711112504
0.0029042067259796855
0.013255269170890926
0.05315628971312791
0.15815149600593603
0.28795108611047704
0.3397237090250034
0.381596594479343
0.02695812376590878
0.007891745071758383
0.009504013049292714
0.006421527749913447
9.311061945060928e-05
6.29741101532133e-05
0.015164392536223592
0.1792470464918725
0.9999317272594578
0.9999295455110863
0.9999283863385854
0.9991566693968632
0.18003278977125425
0.015303442203052242
0.00019842009423720608
0.0002103259310856087
0.0001770263490920021
0.002213880814990632
0.009355228971973828
0.023704556569210777
0.7285506520819613
0.7405059595058419
0.025544035422060518
0.011291097909001846
0.0003146601612913358
0.0003779202960192407
0.025284730891590224
0.3270559253707076
0.9999857569554625
0.9999893678669736
0.9999632364430353
0.3275437157028597
0.02479954419383923
0.00027399424570917486
0.0003673251063190941
0.003413861290063158
0.12024143750537597
0.8395597800422414
0.6941443547727317
0.6882812827529352
0.673982475092171
0.6836968970739185
0.7864829128933627
0.9681042171306661
0.8366036362536624
0.7878254669757087
0.8389540853179136
0.02494678596059008
0.004777114599890164
0.013321726989302451
0.005868148743153556
0.0005265948373293083
0.0003700166516297232
0.004308347100997811
0.04164249651936802
0.999592665865422
0.9999405025492971
0.9997092560760185
0.9996298576015032
0.041374359128243055
0.004018803301791052
4.6736899938171206e-05
0.00014851697109052875
0.18319486027744836
0.19547572205761898
0.2147540416588095
0.04871563214365393
0.4086801066832296
0.8812733520442866
0.7977489505851506
0.6327571938255272
0.4053848161378457
0.4253202082003129
0.6109838566133382
0.922136944343165
0.9300643150387685
0.9507483606435579
0.9675101108819683
0.9660714513177735
0.9624025735070177
0.026898332645326928
0.007536847274700387
0.06396513331513753
0.2456352091554872
0.12444427595381291
0.07602197497991003
0.04837950544223257
0.06681935489079494
0.12899853249067617
0.9704094799201476
0.9351780042155756
0.9716225796057152
0.20932988424364818
0.08155681177440566
0.0660546043750968
0.0824514536765667
0.22451091545324653
0.9968922690408678
0.9952627168467841
0.9969186838518873
0.06207696164636478
0.012629720776403563
0.0022571415044678744
0.011845777187427187
0.007849802453805732
0.3399280783567523
0.9805155124777873
0.031611711524131225
0.02877488799016925
0.9973619905115747
0.9971284259275489
0.9991451940117209
0.979845894172202
0.008684040745962518
0.011564574305421016
0.9768560185078573
0.339142056107813
0.005739447010357557
0.001996837311363353
0.0005393780282972882
0.005746332854493774
0.06358693173504382
0.9962486312368396
0.9929302861658583
0.2769320333286448
0.13199091604759505
0.006316586369521704
0.017040534172186428
0.11194433483213284
0.8352672498521825
0.7830957690439473
0.938535708379612
0.7005927663192322
0.6071363117212099
0.916780107619092
0.2732116804297626
0.05721245777955064
0.011784451761762904
0.0032794341753077383
0.004616841259079463
0.0070049118211706896
0.010992702712588787
0.06444271260858436
0.9983310395296642
0.9937174553791848
0.5802949042720043
0.6234552958881174
0.998804280371389
0.9961291473873327
0.9922084646164147
0.007672948379178091
0.00272465725326565
5.052290094287315e-05
2.1213447067514046e-05
0.00029254973604853074
0.050434772064204325
0.7920689384338613
0.9998219087994347
0.999892803439076
0.9998255135600824
0.7920813424977449
0.048940571679552236
0.0017369987630457828
5.213462455189166e-05
0.00013938982818118006
0.0011280928826130632
0.0032249366033545446
0.9827946726510697
0.5987777681097419
0.556657614321331
0.9808922486893423
0.9824418014555998
0.053536530185927744
0.018754736812190087
0.006750579855208438
0.0030827667277278925
0.0026210965665958152
0.026079360621717562
0.06353828069304213
0.16324613936052645
0.7736747624215098
0.6639463836315427
0.4451074933766067
0.11321425494833959
0.040551916131984944
0.04276636666802902
0.033286542196033664
0.07342151289558574
0.977818702897292
0.9708645034553082
0.12679840421194988
0.1265214158854382
0.9373302588121157
0.11511820526850236
0.06405558253834531
0.8114628628013689
0.03023425090271792
0.16082668178210857
0.15624485295589252
0.24307359199522838
0.9614040436954417
0.14390988566422236
0.04616873122407683
0.023256375320051426
0.03665126610452729
0.04071553028398345
0.04846703887098058
0.1319162202305001
0.9894805467846552
0.20720730465260995
0.08947079708385508
0.034855383139759
0.023501652027812736
0.002790132219666619
0.005479244388774451
0.06210757877625561
0.9658996080652854
0.028948552975640807
0.0013679710677034773
0.03443924841333046
0.45239327087037273
0.14987567393151102
0.005739890227413169
0.0008833931897777036
0.0008508463047851578
0.004422885236566976
0.04621070036419028
0.522107494470196
0.487232301990528
0.008266737728818141
0.014490441875640747
0.13509388566499725
0.12587687408536885
0.18322034219496097
0.0121595841659623
0.0008359525822035918
0.001203964400756874
0.14778721303659792
0.40886686702793706
0.865144260658263
0.5414548504061418
0.1205550214291784
0.23663956245506357
0.8673440488638922
0.8561808828579865
0.01734901774460973
0.1618011529873178
0.16294449368330588
0.280766260816264
0.9298648039517013
0.4199700777506581
0.9983807696479995
0.19014682524587612
0.015496305464599125
0.009231929467708011
0.014677846294021246
0.9992965787094052
0.031989809893543164
0.003602567125678302
0.054518561748756245
0.9998006441736091
0.010366456178003691
0.0011335694739977864
0.0010179660614330066
0.000214147895861605
0.014969470882043479
0.9999970529164103
0.9999979685656125
0.999994086075844
0.014967975173844628
0.0001882758414053498
0.0011247282436477324
0.001135454212453535
0.010457775558393445
0.9992623964110818
0.05517172817823135
0.003909978076539478
0.03146448516117717
0.9993198744277925
0.9992916932309158
0.014202405996397438
0.008930146394336536
0.07999869154821238
0.2720817561022507
0.7560442046294785
0.8332649519554537
0.9416719172756336
0.882210251797988
0.7164088949348058
0.06193143936525147
0.022520314903106242
0.15565678417462814
0.007723850087195561
0.8361053906384119
0.13044054773216618
0.19098436597791113
0.16718753506294448
0.19059324397608635
0.11952757674150571
0.11953044368072652
0.006893248029502197
0.8753095930927917
0.058725287704564866
0.1211248031745491
0.1300518013576616
0.9922073069414112
0.014403364532764917
0.019841986478535856
0.02251708402714714
0.04825569858869316
0.002602173241989081
0.0008982173444371799
0.0010926311741560335
0.006667305112465272
0.14992643857952792
0.965156774001876
0.418915300230989
0.0008914233019264861
0.00126841971129521
0.02833201287246001
0.9659000546445117
0.09681787858464497
0.032180513469111105
0.02733672354837735
0.017605093579288744
0.039662729689086906
0.09060013436563685
0.20143553285208105
0.9946925757271582
0.9881454267129167
0.43510512543459134
0.26070991319287595
0.29826853369346684
0.46776816943460764
0.9886960550194386
0.9880586246551248
0.986168869955583
0.9894554547519552
0.9920360316886837
0.9896432955646158
0.9914377978498948
0.9318064025428432
0.9388176263469855
0.9843019991737583
0.4645187470970342
0.38777417393884617
0.3893075405809605
0.44301577723148033
0.9739424393218511
0.9936133333424106
0.9918937037447701
0.9989371212029213
0.004836899364211389
0.0016281299558383866
2.45326380761135e-05
2.809270167636324e-05
0.0002574100695840187
0.16726672863220426
0.9999586575969766
0.9997612737882937
0.9997535445443185
0.999745363746404
0.9999889835888098
0.1673104649476691
0.00021298927043178484
2.4105685731079518e-05
4.025521318995473e-05
0.0017588349418555804
0.004973769919989213
0.14276935123346302
0.0682743203122318
0.053321215778018294
0.029013768264810058
0.02481136163601827
0.022077180389530437
0.08479513227485591
0.8971988933491089
0.9645531482174021
0.8312112871132193
0.1292704763312369
0.07922870052253206
0.17316275334157316
0.12570535011418738
0.958159507050053
0.039877976889311384
0.07933690401800286
0.45755932441770797
0.3860674074103858
0.0032579982859518575
0.001067120184914172
0.0008008563887828002
0.0002855231431460048
0.018047365827137174
0.999554061882368
0.9998925061421664
0.003442778936813773
0.0015506658408694918
0.004028936572125996
0.9999662662324483
0.9999215163612261
0.059893089677708344
0.6471396298077501
0.9630396294994512
0.0024752161965769792
0.0019943202459864473
0.00420691884192903
0.0066662605593539315
0.049732628970505566
0.005431060569450641
0.004062255059495978
0.001754162864029185
0.0011934663180543925
0.014803657016817517
0.9988436400264614
0.850527017681605
0.12748559381173297
0.08485601022654288
0.15229755148331392
0.9952683889349989
0.07995810465554332
0.01427582888715273
0.018786368978839896
0.9990323945651132
0.9964729110342174
0.996323167541401
0.9927814704486027
0.9980736868567861
0.01683366801652697
0.016131709728572474
0.010108601573999287
0.005248309422422159
0.010424086376056296
0.2791300230061221
0.017378306659489362
0.00201985900007573
0.0019087876286508765
0.00031610689491157196
0.005424194812684746
0.9998747280933484
0.04969840372149281
0.0066289906934529075
0.004067511815408986
0.00173189149993358
0.0028154160000568584
0.9997607481371706
0.03895725880476142
0.6352920678341732
0.9957452760307347
0.004202286046893211
0.0017905970536991056
0.003947774650126412
0.9992805485830208
0.9997694654591556
0.017577146278123013
0.00026072733170501294
0.0007520842566270947
0.0015240050116672732
0.003935293265887707
0.03549097578590854
0.11096691983301443
0.5915993361607783
0.38424588183206554
0.38855013839839014
0.14498462915566068
0.0343814596774662
0.040752392957143835
0.1323944986813701
0.952031445062913
0.23777729147005633
0.272578978389339
0.9428743008583101
0.275854254415264
0.3839868014850655
0.15899049375497865
0.2195649811119783
0.20583532560690254
0.11751961068479555
0.055220295351363635
0.013704268963102062
0.013432676040608271
0.024056469454513563
0.9390560529719042
0.9373066125123116
0.9823083932188176
0.9964387426957049
0.994485807264725
0.5223925897100322
0.4755540930265231
0.970504869341027
0.9006741498156509
0.9746522976043996
0.047551618238685256
0.00897895661760062
0.004978235815316867
0.004453216160336004
0.22512202823282723
0.9703322601410117
0.833005437652247
0.09250279428092023
0.0007381799791040811
0.00036945154592760154
0.007271289700544692
0.0064957426604148605
0.005855617514648026
0.016282101942962424
0.07275635461369423
0.760846851872107
0.9999219178186423
0.015027411424514137
0.001606525339330922
0.004891584471955701
0.031215597158705477
0.9998009396869234
0.0009456468069893864
0.0009592124664269397
0.03092661944079622
0.0435249092941743
0.032950753605246685
0.009531709570390845
0.925386607867916
0.9434965277265196
0.841075705033671
0.8723451592001348
0.9102939213693876
0.9994924483454017
0.9998518625905805
0.9959334432869529
0.8928879677683086
0.8577925864317848
0.8830980279283678
0.9576087151509156
0.008185181541830455
0.008185547176949082
0.0037227242850301767
0.002629255630695493
0.0002306416230690722
0.0010773934389789463
0.0324282976727891
0.0037044090613442826
0.002091062032944957
0.015722958720299607
0.9989935771179954
0.9954288584263883
0.7553360819567099
0.9951280219726186
0.06223359647696547
0.006607143783970537
0.00025174458192334104
0.0007090634541165874
0.0008788977618264804
9.200531952258117e-05
0.0005038619671452471
0.0899803848058246
0.09069059774224397
0.011859689025696007
0.008497469423819126
0.0037302448833197444
0.03351503693723712
0.4854667401724154
0.3447499257816633
0.020232326310701376
0.018822051348764912
0.01645913458498649
0.02665664007987467
0.031399381281131844
0.06980685488007488
0.09395579282778177
0.09362692388045135
0.28165266437836944
0.8983287610067782
0.21905111251376208
0.1676495266009813
0.5079095146037182
0.5246579184777624
0.1806685435378239
0.1657073041664925
0.44957532855607385
0.45113906645723745
0.041037725051489726
0.12672790204227857
0.4817503618606094
0.022731921062523197
0.030759866151854887
0.02357869468675511
0.03334269515457611
0.03966456088098547
0.9968339432070973
0.007421298231433782
0.0023019255675532646
0.04582694320837233
0.9941845722558071
0.029418240201986245
0.000732472412038554
0.005082985653512506
0.5238469578301804
0.9965061867522831
0.9976904168324592
0.8232050079311246
0.815691942690248
0.9821403296335182
0.9531879834413879
0.9881211176415089
0.9954612342661806
0.9958240726123767
0.9958995950498283
0.9760764356840046
0.9792096847093218
0.9858578536916689
0.9889445716356389
0.9984778561989001
0.9812464990114289
0.9987857311168561
0.837541466091567
0.35213238601995134
0.9951454045834287
0.009125205499341371
0.007728678835498881
0.03361322484181162
0.9985216150082428
0.04875269775502589
0.005202215073024763
0.004614318332647804
0.9789736043061106
0.019793071915728655
0.015971692642048674
0.013237250764873254
0.007629770143830927
0.012141506561802906
0.40668184651084893
0.29902734466166114
0.3238507637632395
0.24117088912669038
0.3554249547701859
0.7569758143103701
0.8453378521469274
0.8972449467121906
0.8999348524035857
0.8892685105691905
0.45087247081630877
0.33446530790048856
0.22006623577589102
0.2523258509400431
0.3882693543495702
0.8577633074625264
0.8214097595959535
0.041346785632598415
0.055490093738092106
0.8255370428310159
0.9449600330235822
0.18215909685548248
0.1997096004462242
0.20273626994728056
0.19703895860368548
0.20157156822107059
0.51447624597242
0.8891710510066053
0.8668187872493305
0.951955870568361
