0.9891725986486141
0.9192218175663671
0.8964357427599138
0.9608273291561875
0.8118133432366132
0.7051526898652148
0.6306200679759619
0.5947376899673431
0.9504052471828242
0.9917827574263991
0.988207252225005
0.9874770907155012
0.2572899397014521
0.08718979998412613
0.09703636760388845
0.13293671110007077
0.09135995549762621
0.021420973190787507
0.029099578493179568
0.6056560508476265
0.4045988709638779
0.42417256855792185
0.7111812234064596
0.7355472680561999
0.1679968738898464
0.24093492780793757
0.17570021239233014
0.17572672085726637
0.1754781378436605
0.005077799589228604
0.0019802635114938294
2.9037379103313832e-05
5.691962327170064e-05
0.0011034804164605783
0.0005247248749375988
0.0001387183617750365
0.026677726396142742
0.8144864595041122
0.8149990532560711
0.986450788662872
0.02777825962167335
0.013307277402138995
0.04539466678378923
0.031156218881123077
0.007888897507226322
0.007958685809265176
0.18675942282882996
0.1793062658481659
0.17879686747356527
0.1806511375057459
0.005996922368304847
0.06991090369020159
0.22673779313271847
0.0029085671623170217
0.00036583866880923743
0.0023751712407904524
0.00025414818830071795
0.00016051290423702014
0.0006315222292062606
0.00023593752168571402
0.009347072968171277
0.9905464846791664
0.00029149159587793516
0.0009044984530911515
0.02127705588199158
0.9918782261590977
0.9838298950903093
0.9894094889223843
0.006795618248911506
0.014044662032597133
0.013027979453335559
0.012197500259474303
0.9870876417046798
0.995228773907401
0.9998469577249824
0.9908361596975793
0.9908334757263754
0.9721726955185555
0.9987009902106605
0.9999102375915025
0.00435312230885887
0.006937725902165348
0.0072092113018069615
0.005802636137507866
0.020433092736586445
0.0008493471328822055
0.002117154665358334
0.9965861711679243
0.0155072489787339
0.003521310425091073
0.0016973696640676383
3.374234964192979e-05
0.00010081244736470651
0.002776043610377088
0.001576843719245713
0.007108168323023967
0.9250370349194248
0.9943357401049423
0.00454618079328617
0.0011280488947751355
5.2491358108697206e-05
0.0004289442419473932
0.9968498184493066
0.010920062588711144
0.003492859729972264
3.858497818642892e-05
0.0004712237143930098
0.017265874577665263
0.7439186811055483
0.9945579577068077
0.9950888715320171
0.983290699832844
0.9934728889118902
0.9650034048014615
0.9996448080755114
0.9848194079994238
0.9739866558367193
0.9818693762432686
0.2222896346482185
0.006633051072185148
0.0009230448985795281
1.3960128047441067e-05
1.906233400383872e-05
0.0007326641616651752
0.001168330928020378
2.214330670913256e-05
0.00015503523457072177
0.010726878022899955
0.9999999889463795
0.9999999938358491
0.0029680686855966254
0.000956226684352024
0.0009901555373980075
0.0006384913279924298
0.0026935862952216505
0.9978544542627928
0.03564320810944377
0.002108643994983672
0.03640263837639279
0.9941466587355731
0.4628975221462521
0.9999993250194974
0.9999815901302951
0.999883023385591
0.9998845660711924
0.45292660076911895
0.994847188534683
0.04051323166627441
0.0073863040981256844
0.03359902234692391
0.9999861939689206
0.0027015879155302125
0.0006460328024663342
2.6398600908139613e-05
2.2397833116638566e-05
0.0048629647548625865
0.9997849240835439
0.01104001904963181
5.6986828216643026e-05
2.218687638311234e-05
0.0011672961829930495
0.0007316154123178098
1.7472751614677762e-05
2.9067414389682966e-05
7.669265187137952e-05
0.00149359398221105
0.019720455414038662
0.0008392589450786359
0.0003643991010149339
0.0003504259744404603
0.0002972190905149441
0.00668449684658301
0.999783688706942
0.0007059792322368086
0.0005067344913634031
0.00029756388123181043
0.006310487328876846
0.9818080135443824
0.5127613629726049
0.3871221742561247
0.7864824053569084
0.7124221077992539
0.0025109116190629166
0.0006998773798931879
0.18546280724359454
0.0017061386271128853
0.15608118182700859
0.8141992754847074
0.8141103838331538
0.8141344266272841
0.8141188716389324
0.8140086324532159
0.814136099853422
0.15640742655089035
0.005019220870513208
0.18585183386802007
0.18722236190760144
0.18941319931181588
0.9926678204232713
0.6562784220860558
0.7638852714886826
0.10367317572344625
0.12848607501233755
0.023121008167554802
0.0011462313871820617
0.0007733051354225084
0.00024181135444512059
0.006035581087209696
0.9999904379027649
0.9998420616054277
0.14517660308487745
0.00025904395512987843
5.970861166693098e-05
0.0011813080357719885
0.0007550188713300043
0.00014398381296576446
0.02013580607766674
0.015685001945439203
0.014312161931403278
0.0424414773612084
0.00036832731782243666
0.014425502437102389
0.9601662644658662
0.9999998352052758
0.9982715704503325
0.9989134178138777
0.05725340290951719
0.043212400628241276
0.04065347246081463
0.005621568661725251
0.01163841858011394
0.9538959055773438
0.9689517327681654
0.9655790102556568
0.9999625344468653
0.020116940719805187
0.00013763030421864997
0.0007572044480093076
0.001185388628185513
2.8107932393939272e-05
0.00016049408848695101
0.1452153312713309
0.005981628956916452
0.00019270298544526998
0.0008942173655021035
0.0011691956756685329
0.23541901059595738
0.9915127365945581
0.2225031381391952
0.16435204939673276
0.13694046794546244
0.15125141540259435
0.18440911955123818
0.31657537423561877
0.3360422514895486
0.9512768908996933
0.8429291130166989
0.06991290323128296
0.08681870142077575
0.1454904122530225
0.00727230445346716
0.0016266149877262048
0.0002489384087251967
0.00130868922922045
0.3696413348686125
0.05729448954503258
0.001537950558360368
0.0021454603728201516
0.0010099051394257819
0.0022876516477590148
0.009292041276530938
0.9724320929562068
0.012047732365162322
0.04169116450852095
0.06201833746311114
0.025805911855183772
0.0842877456322697
0.9995244926532586
0.0142519576539758
0.0001929119931839418
0.0002729033561180705
4.259410798801433e-05
0.002955118948884561
0.9952528882499009
0.07934636502705439
0.003543512433161533
0.0012745128684200635
0.00023123425280047183
0.0014728085762178988
0.0068530483111507445
0.006752774901525149
0.2513687775406783
0.9999996386021575
0.9999572229254494
0.9999999225603886
0.24672564536031594
0.0017265460570824454
0.002832900879712663
0.0017917564592460078
0.0006373682297172722
0.03139759473606962
0.03846419613555274
0.02256181345602437
0.9999999855511796
0.9999992565265567
0.0028858187896992904
0.00012523883707926675
0.00034585304909173775
0.00024875640455002124
0.014055739846322468
0.9964260229657129
0.9981934065036424
0.09107623678343346
0.0634003264924512
0.06695207729871455
0.9999905807821555
0.999990140414213
0.8480888192643019
0.8789091511383581
0.9996817702184991
0.9855504339084551
0.9998432170858045
0.877157984766492
0.8508568392235729
0.9962301149574284
0.03950242900555079
0.039882267453072884
0.00230132068035116
0.0021668978587244814
0.002192834310377867
0.002996384806193242
0.053305963516243504
0.4415736938610598
0.9946439438906477
0.9980775623508493
0.6978727251350154
0.6938076181855819
0.6550217698562322
0.6665265453137912
0.9982424116169538
0.9991391356808581
0.00886086862819313
0.00546632842208461
0.0037193758104688834
0.005925690290629393
0.7549901532580701
0.2544968932350493
0.00019529255115291466
1.751866021326709e-05
1.7045441734642175e-05
0.00022610501086095525
0.007863898483144283
0.9999996145398867
0.9833156139232377
0.9999990424225123
0.020885696412830446
0.0028874648437290373
0.001012437135530564
0.005531818501424146
0.00021870045130689686
0.0002024647796763368
0.0164074330068964
0.009621335769123829
0.9947733810366391
0.04922837476141506
0.00013907837460258587
0.0005162612041305081
4.492579490622539e-05
0.0031712751115453575
0.5379989435277776
0.9801930937169194
0.07259322177749716
0.017637712982712994
0.02663866449444985
0.9963917399495843
0.999951865892216
0.12457129852066595
0.06987221509329056
0.9998508601549653
0.9999470445119605
0.0007945669485138751
0.00015235661140444723
0.006020743359747782
0.0035924213118742054
0.0012154836945289516
0.0008055278604536253
0.0002802048520302858
0.005582258689792674
0.9999630068005295
0.46375139943223076
0.49991459885762213
0.6309708555875173
0.5833777098781046
0.7929822656813206
0.23737748227508593
0.016203933166340945
0.993171643256333
0.9998782358146354
0.0006913615725678834
4.728476679227711e-05
0.0002821601751460401
8.611797834134904e-05
4.47158223575439e-05
2.6526099983104068e-05
0.004183764967444992
0.9999032846020532
0.9999994759541276
0.00015562785402134516
0.0008483595692555523
0.0005173099987805241
1.560254237409353e-05
2.388232375638566e-05
0.000312852994895918
8.270940377508307e-05
0.0033103845204009996
0.16734239593365463
0.9986321939144223
0.9987001711760827
0.9996280879619273
0.9998168931862462
0.9999784273824449
0.9999554979821181
0.004361544280794161
0.001027096109767256
0.0017295493067448486
0.00020637806359191657
0.0011051192087708772
0.12323800313943356
0.31391932183396687
0.3035977709966897
0.4808647844460129
0.9830193979842972
0.9991002731776248
0.9609150117714974
0.9155055182214397
0.41195444259199776
0.3772703258034995
0.36714333634329166
0.9994460032831973
0.9994589522671817
0.010708363609464144
0.0018346387564736055
4.962812361308799e-05
2.6216862199612834e-05
2.54280181418709e-05
0.0008370167957987285
0.0011461598693431885
0.0015966925968118328
0.0021012076106520228
0.0022974302799428914
0.013977181624737156
0.9999870273162605
0.9999995172010047
0.9999995872149734
0.9999956245005999
0.013986809182337745
0.0022891222453815807
0.0020926083359165126
0.0015956824910872136
0.0011460331127201018
0.0008369383438220357
2.541959157387197e-05
1.0151460696494752e-05
2.6768077425409764e-05
0.0015138158568287485
0.010328115593091658
0.9972058686619835
0.9954946110758557
0.9993146747277681
0.966659741283745
0.9410532873670449
0.9612089723567545
0.9988926762532753
0.03395639429737629
0.043334267705820495
0.0448749610758048
0.03467635996987917
0.9873048029437166
0.9577558865095666
0.2171926864855649
0.271018313995235
0.8279476389342612
0.06465048933348905
0.9630895715814903
0.9574550873629892
0.9877181627527335
0.9865456945432477
0.9847361051107817
0.2603337374146306
0.7676147426608531
0.05045340447013236
0.22115956843222162
0.9941420683006845
0.998568036887596
0.029172992385064433
0.018144252700918795
0.015176816025474493
0.02794689194673905
0.9957289613700298
0.993592252348349
0.9460107500882342
0.9859782134623546
0.14999295368598164
0.0017538936622615298
0.0010135557099533177
0.001586107212075083
0.0006177595157604854
0.003606247031144094
0.9999894027849995
0.9999251385426947
0.9999948216665075
0.9999994118802162
0.9994452364728218
0.9999984380169741
0.1689381955530278
0.00331350846842271
8.341109712861616e-05
0.00031308515501793366
2.3869960771860654e-05
1.558931172518374e-05
0.000517329191784377
0.0008483166416971555
0.00017518622055012756
0.9999804384086561
0.9999999591780532
0.004086388575992861
2.6630702830154895e-05
4.475906356748993e-05
8.611250282741789e-05
0.00026565055224714307
2.5381262300117058e-05
0.0006426579296840984
0.999978864603316
0.9997023405499139
0.015914775518759305
0.024246215986049702
0.08685128447310286
0.09205832478313936
0.9981551725810173
0.007440338813506808
0.000243787660341388
0.0007969220606997007
0.001211262363785548
0.003854620076827131
0.9999831066204546
0.9981448794626662
0.9996304346791137
0.9999880677974912
0.9959855041042066
0.02307874773840135
0.002366155250462576
2.8970305600561908e-05
2.0705861331182795e-05
0.0005057090148763432
3.77512721743134e-05
0.0007353801353655598
0.001026945634308496
0.00019151595004540667
0.020488163460910425
0.9999483104895458
0.9991487618571109
0.0012814857798175705
0.00032471875191697475
0.0003451758501040736
0.0011458638993090409
0.0023466685511174257
0.019150395672237308
0.9999781334385388
0.9999785696227373
0.9999858135493747
0.019085475131706553
0.0024065738357007538
0.0011444866419824118
4.1056564059505085e-05
2.8368716903703906e-05
0.0009927430647229674
0.9999858123014973
0.9999858445275098
0.020494854315382782
0.00018223681438533923
0.0010202271549173414
0.0007353580222151379
3.7796550913293814e-05
0.0005056622871592031
2.1668034596245e-05
3.111316309634127e-05
0.0023589236213054088
0.019003649990669058
0.007667938229161897
0.0004417381430305012
0.0006744779631421283
0.9999179393336989
0.9998790341164889
0.0698853267668682
0.1255058057660713
0.99918928672836
0.024046262746341807
0.01799335965284532
0.07085391159184629
0.9986879754354646
0.5377857863607183
0.9820076294776953
0.0031652552146314017
0.00012199042323146614
0.0005156456083085237
0.0001390574733388661
0.04400110977295979
0.9923339150384529
0.020691092387652654
0.016407758076369516
0.3388872620308001
0.3266486240782177
0.3314799537580053
0.004866511670186369
0.00029796760965961067
0.003565921052990917
0.005066235400433827
0.007866936373644884
6.44005491065025e-05
1.0551367014999258e-05
1.2175438221406765e-05
0.00020643484927640454
0.009936341586043396
0.00820586334498652
0.0049807816958380435
0.007195290086823292
0.006033465607164223
0.9927512988446195
0.9957473111642242
0.6935097118280598
0.00670602036682777
0.002831193991510106
0.0009056700721453703
0.0004520061199216885
0.000382802970068874
0.004528110045390887
0.9999939235521753
0.9999995750579158
0.757015671068703
0.9864304529849478
0.9999765452118601
0.999348780215605
0.9999628763670276
0.9999727418225144
0.7593911077619842
0.9858019016572713
0.0028038994306325282
5.67720835794594e-05
5.591301340379662e-05
0.0008443767571350014
0.001229937883337251
0.0034238225982334836
0.9831126629224659
0.580473052106286
0.5623324637156594
0.3580881215361573
0.2749565692288187
0.2672842577551937
0.2732797111289126
0.003114691563059546
0.0008713994653148927
0.0017734818444518075
0.01361540485270274
0.6781996373122421
0.16106563072012692
0.03464437277811938
0.0005505542285290099
0.0004755122977904147
0.0005257129345787037
0.017823052900436953
0.012645567451160633
0.00030910908570935813
9.485666147357463e-05
0.0003712387627985425
0.001168590487190313
0.9864279410264973
0.7934320020077572
0.04446355405593616
0.00014832085100469072
0.0008566487034086245
0.001839523579778013
0.9999991244842136
0.0036551572126822807
0.0006542577079187151
4.1705795441604465e-05
7.803006054785122e-05
0.012793221931541865
0.9999999790081812
0.9999999481116238
0.999999914147783
0.9999999783888981
0.012651044401541967
0.00014410512971385625
0.00012791852392179948
0.0006432975245767025
0.0036530054804976286
0.002683645202402385
1.4690117386639834e-05
0.0001485137752226251
0.04447271103315753
0.9864248481176446
0.7853454839207634
0.006979069390012027
0.0026310592678532307
9.400007313520309e-05
0.0003156293208895766
0.001742093358265917
0.0010478847778406797
5.087314015617128e-05
0.0004359537825301407
0.0005195729900001611
0.047173626858378004
0.3877767115153494
0.8978887428853368
0.9344949518220933
0.9767997254952758
0.961304527872365
0.9451293559857912
0.9223451267597242
0.9505835584494234
