0.9888092936890504
0.9558353721917623
0.9572799304508391
0.9561489511517448
0.9371956031876572
0.9321522548953896
0.9703275712932123
0.9354802284825282
0.9221896433633103
0.989138593165548
0.9837518734224349
0.9739154972516462
0.9306651517213456
0.9819657436916963
0.9895536652566087
0.9148318110474465
0.9880036785986571
0.509988306235373
0.9764746235085014
0.7508898885640087
0.033556021690067994
0.012879841112292012
0.11051780488874441
0.2794927081053037
0.17846878228263985
0.051478043967166154
0.0024770886650010704
0.003315654584254313
0.00021361073661607666
0.00018100922329100655
0.0015440453832737955
0.00019328386939765352
0.00023207001819658402
0.0013526408379940236
0.0005504313052880905
0.0003350356115661146
0.03275366013791381
0.9998364967351729
0.999985992293875
0.9998421798194886
0.032779741070980695
0.0003495570996824293
0.000697697637510597
0.0013594857312435593
7.598746888048957e-05
3.681961731072381e-05
0.001749032503997161
0.00048152945917989687
0.0011728659995352553
0.08678385494974716
0.1957127913375346
0.4985967901310554
0.6322302541031664
0.7010997762065193
0.6972922309017447
0.6468055185726331
0.7805221155024931
0.5537520563557132
0.2885712319024729
0.12347145444488461
0.16874585555753885
0.25925548661748965
0.17428776597976936
0.9880186159184119
0.6985329966865476
0.06438412324304998
0.8311554422066876
0.2383809623762162
0.2816810061709498
0.9927910156827854
0.09198535505052607
0.0171386182895914
0.019371818429072762
0.01250042678998653
0.004115813967021209
0.10234357721946052
0.23263675249781823
0.07948190864529026
0.17748109876416351
0.9619258059962293
0.002314443486069906
0.002024435828346549
0.006105982365552487
0.00016420418758811284
0.0005404090129070838
9.531422903030773e-05
0.0004571040405199067
0.0001009643601166399
0.0016981620198119884
0.016634739680737254
0.0908675901811481
0.00029721740790356055
5.044198776682496e-05
4.545889561280436e-05
9.541163397019936e-06
8.325069501513571e-05
0.011533308205150417
0.9989575965940279
0.33551518336518826
0.04898470769585739
0.051809699428510436
0.014539929976975285
0.00036129809987006656
0.0005833599145368407
4.283969446972069e-05
1.1535748948965363e-05
5.111138703417506e-05
0.012930008049612196
0.16491638206662906
0.9441129779453947
0.9999887582903735
0.0029917636852722085
0.0003234414554723619
0.0003396421495540647
0.07619116519712332
0.9984060019745902
0.9497660102566301
0.1932488438335621
0.010382757300612666
0.00021251462413907074
4.497447533624577e-05
1.0395751766978378e-05
1.672116923490119e-05
0.0007315100211119363
0.0011673214736862558
2.2142493703691812e-05
0.00015503547832174114
0.010726915432234807
0.999999983559585
0.9999999862410731
0.0029680741549984457
0.0009562813915992008
0.0009867920892404625
0.0006336604512741095
0.0026638764100885837
0.9984749934230537
0.030471600779894303
0.0013698089062421648
0.04131173337639349
0.9973078514195878
0.7329516111956293
0.9996025450021231
0.9999925393422822
0.9999458021703981
0.9999457505636185
0.7306516691764512
0.9995913210009767
0.04091866020132273
0.0014364602702442442
0.029000292727277444
0.9999933936961293
0.0026629577428309847
0.0006363184973209313
2.6367027800122678e-05
2.240263386488195e-05
0.004859532290395485
0.9997848960774988
0.011040051850052524
5.698661620501255e-05
2.218588908775576e-05
0.00116726740526496
0.0007314555569857273
1.6755690167458148e-05
1.0430344499212651e-05
4.502315702281656e-05
0.00021425664521812493
0.010353101657978536
0.14189093958461774
0.9997491676498326
0.99974987203618
0.9997496276238678
0.07618276515139577
0.0005466280994372852
8.685747889103368e-05
0.004201340444390578
0.9834532504915566
0.12410505255685722
0.01317772861325206
0.0002861060019166972
1.7163443276513313e-05
2.981595500639589e-05
0.0004028376346655316
0.0003752968431987025
0.023488654207066362
0.29261564767342163
0.9016553734457134
0.9878627891079078
0.969046933786775
0.037343340223133015
0.007884586181398201
0.0014344931897036783
0.000868617458449461
0.0008155886718443917
0.0035809666742925295
0.020203376537715312
0.9995295299124962
0.9989325673201971
0.9989783028436884
0.9992398669592211
0.9996262890857435
0.01868451274262195
0.002567180300173444
7.004248077469022e-05
4.98730334086428e-05
0.00024281629774824953
0.003323969196876164
0.02305379083814496
0.8990743431822132
0.946362955098832
0.023287305130156977
0.005345308275020111
0.001854520532889703
0.0004906880692558957
0.0033736979139394885
0.004552813116825871
0.00370380265632142
0.00531719284947052
0.023167836043572754
0.02539593899883974
0.9767443438597351
0.49425635749858643
0.064056641276664
0.10795181772654705
0.9832534688360413
0.5423204620917543
0.06482016827961523
0.06818517292586601
0.10990533250407852
0.23784228583223221
0.8963058370080775
0.3104691691982413
0.4268952325555294
0.9323050684187222
0.6714873543254656
0.9567291201815963
0.08053503800877448
0.004053502070823667
0.04526702887268319
0.0459066211022815
0.03970139039353382
0.9287350515873021
0.11735507257703381
0.11793080637011388
0.9408259203192866
0.2441473370450391
0.21923256573473948
0.1778997451321095
0.9525206063325847
0.6138326960094943
0.607978172171586
0.16650795922851003
0.048174938441270854
0.09767531428864651
0.13597226231276216
0.21906693636011187
0.8242292273959715
0.9527828511668922
0.8007631606404653
0.19755385672628978
0.06123140422188289
0.01951341545074725
0.0002769361771196577
0.00047820879848858855
0.0012407835534915534
0.0011122825218728982
0.0016889280830770792
0.0006723874986372946
0.012140017278398751
0.012297984203680112
0.02691348414975958
0.9996028316354278
0.9999821114010196
0.9880799313247796
0.015320870278998089
0.0002912789092383017
0.00025927586471441444
0.0006234473192034962
0.0021455665920787625
0.0019103656274971348
0.0064702750901010075
0.9876842429196856
0.010945583841528439
0.005088347781766811
0.03335366279214391
0.005737376384297166
0.078437015474497
0.6396336628945307
0.011521527461640035
0.007615016821563514
0.007703339366202933
0.01003831797149779
0.25957488301597087
0.9535604258388775
0.2705405319122358
0.23607281691242754
0.08033456796394323
0.0388367676271586
0.048764545415861504
0.7117899507542682
0.003608269584308821
0.009158236982846901
0.02347442407256195
0.06472103007043228
0.2734519268735436
0.9858893648279448
0.19728332133012505
0.45638655582997667
0.9861010799879314
0.45088155058466683
0.5231324249602463
0.9919604059595009
0.42025393752200024
0.15523751596515145
0.1621261733281827
0.021234903429377394
0.843915434903873
0.4646006988720317
0.4922365247185615
0.46291057641823274
0.9969535504555873
0.22020899581392572
0.2139625596065965
0.17028089044219352
0.9456697639811399
0.9993824893540167
0.0037590713740065507
0.0022456336397617127
0.006866480849938794
0.8102710211635833
0.1645210794171882
0.013076457451804635
0.01086126567480361
0.005319595269231203
0.007737312555957443
0.11572337175686254
0.9923634304295581
0.008787404359194784
0.0024743267433916527
0.0028914269713135043
0.08009417900097626
0.9941174258819611
0.9747593979331479
0.7627388198439748
0.9054846123016815
0.004836816308116609
0.0022014098501274004
0.0651491784867595
0.0026300211846713717
0.0024076893227097385
0.0028763146178071297
0.9281796396720353
0.9412341109138187
0.9999992465981534
0.9999950154287129
0.9999969817566945
0.002736823367228247
6.277757097394865e-05
7.011571394066607e-05
0.0035760247463096917
0.0010442297176964654
0.07628232605641083
0.9364387279528987
0.7576302374858276
0.9045857719655718
0.9347703118146631
0.049495602413777484
0.009832255912948562
0.009754082622437044
0.006890273684059589
0.9928645469167133
0.10902848163723389
0.001010821396039585
0.009085617309356975
0.9989154960832682
0.01480324609889161
0.006234032672671197
0.09962736933586502
0.818631105775042
0.8198893117830632
0.8195195834205826
0.011103126178634848
0.12534669776884033
0.1274937358301398
0.9203066737757428
0.9343577209049034
0.1456101757765461
0.17798766243703845
0.1516241869641064
0.8973441436538792
0.5621020939741362
0.44186369103086887
0.4530594781504679
0.4835180373285577
0.9047843052691468
0.9117156040531924
0.5343000231952955
0.5603491134310123
0.658951338184926
0.15603994479107952
0.4051100169627523
0.8828781193070713
0.19441181065610547
0.09978862630768925
0.15884258582822575
0.1746128161135272
0.39573772248656336
0.9985992007415109
0.8630528757085241
0.9944420688078422
0.23532824644081674
0.017239442966380913
0.014782509514133402
0.03811512400687145
0.027973051790341374
0.6769734358532172
0.6595674526151787
0.4334712792027172
0.49894971976630265
0.6186160678306465
0.44084934323385383
0.9978088419453927
0.9974526141273704
0.027793667678284062
0.018180112979102714
0.0022771927377532863
0.0012934310338994504
0.005273628051972179
0.0038618147549884796
0.0013763075808524983
0.002348633232603481
0.02666645190974004
0.014495243969418925
0.9827907561883346
0.9828234637038461
0.9018933100992742
0.882931953339218
0.9028078923853834
0.8934063851850327
0.9930654132993412
0.9934959079109039
0.011013283814791164
0.002368294290481132
0.0002723846980261513
0.00013047110344488466
0.00023064211523537992
0.014988328044540866
0.999871438274408
0.14912282625594497
0.006307930307778764
0.003530536257090544
0.014829722376173193
0.999639190849101
0.9997357539009702
0.9998626812222252
0.9999156746284009
0.015162920055423301
0.0035745138659896147
0.00616887069820482
0.14894904867691994
0.9998371587732017
0.014978377144653332
0.00023537185279232098
4.0484723248579435e-05
3.12256107101172e-05
0.0017979492180848489
0.013398205765392746
0.9615512994049004
0.9086193684294156
0.9872055740375947
0.9579785250350337
0.9221007736327878
0.8715996482486016
0.9649060026279694
0.9311086242660692
0.9586688385046095
0.9777790468426599
0.5522655012014812
0.7881391221011304
0.3450548955059345
0.05950465976189623
0.023641700661816256
0.048138814963399446
0.008589251998495029
0.009180010661338334
0.008715348201171702
0.022393687219709135
0.9977475145954379
0.9975579640017886
0.012743286713963187
0.005547009903523414
0.005709445184826301
0.9951595086657646
0.14510261488782272
0.9957959521411104
0.04199722656417193
0.07901235004517504
0.9862843008415565
0.14991813285654065
0.28034114925989373
0.0347486532557274
0.00019410982991296954
0.0005742019707936086
0.0005236228537454091
1.5727544894983403e-05
5.1410603461921056e-05
0.001067471666777009
0.010734694762861485
0.005862534344975634
0.9995955028282505
0.41767312257379063
0.9981358758818043
0.9999987356810472
0.9993807994447147
0.9999885261510473
0.9977171912142271
0.9999681276720485
0.4230002097821507
0.9999937996787153
0.006791982237455807
0.0038678800355861354
0.9999765437656757
0.001071518710772934
6.092562449511174e-05
2.4534194870695636e-05
0.0005359050825507472
0.0005790272593801937
0.0002565947063216667
0.02381589936037054
0.975483175344073
0.287862467160211
0.16315275590839684
0.9944266790282797
0.07482099895656547
0.04144346077180827
0.9931303168614016
0.13778532021044065
0.9955448780415675
0.006564070368066721
0.002189078662596544
0.012884651929980118
0.02367982926727985
0.00909162295074184
0.005406551675394167
0.009169620752160879
0.9978639786195559
0.04194147044910579
0.0570856773041607
0.08503939856213671
0.13193744444511446
0.3058547871274969
0.16142231228263393
0.0011093783620950148
4.681219123370273e-05
0.0005200461753240848
4.577306595343611e-05
0.0007442287670367254
0.0010192959409420776
0.0001490197690746653
0.01267304713473838
0.9999977252667936
0.001826246594275771
1.0838834906379269e-05
1.0409560547319785e-05
2.5824657606920987e-05
0.001095681203456933
0.002306052037404638
0.019110569270525457
0.999998476780815
0.9999995673740638
0.9999996508064286
0.019050685893377772
0.0023657129421853496
0.0010943524203895771
2.5642392362357214e-05
1.0712543029867128e-05
1.1121124072865918e-05
0.002742654712233894
0.9990808935487245
0.01267086033728737
0.00014429966056750398
0.0010127035882370183
0.000735247944755657
3.791992010893086e-05
0.0005088390061777082
4.384081972452769e-05
0.0008203271242166466
0.05833305781307063
0.018064566524615855
0.27681363528788105
0.04847472605948888
0.011653723532953575
0.0028442202221388158
0.005045187585264399
0.008742627938062353
0.06072198339258639
0.9985250698082944
0.999236117730447
0.9985696540973301
0.998734460421166
0.998949120709976
0.05869838425601781
0.008793950737195355
0.0029763911064657478
0.0017719346517152124
0.0056395965857573005
0.0017969455882407281
0.9336740909761776
0.1267791926379569
0.17513745598791197
0.4392316462118593
0.43885928642748684
0.005129808555959459
0.02937144972283756
0.03456497227313371
0.0009830618550332737
0.0047281933262272036
0.0003459272681429759
0.0005581519335987606
0.0012430302562912443
0.0013948476591297831
0.0031780089720837568
0.9971402214437819
0.018749247227518473
0.001952388204777944
0.019362224771626413
0.9964630005802628
0.9982455297468311
0.9999388155323942
0.9995251002351201
0.006645144027001559
0.010341810910241
0.998424479699613
0.04813098964331308
0.008707747152571943
0.008751874624080891
0.24744544817817493
0.99992356575148
0.9995195312805621
0.8813867134809642
0.9951597444467783
0.9994163809173311
0.9954259154140955
0.9999952125921047
0.9999948612979718
0.18110784522752066
0.9949089951171729
0.007856831366345629
7.80200961801869e-05
0.008302772932407776
0.9981365837959414
0.00829104900073907
0.010423726468756556
0.02232726912785099
0.004995866350561484
0.019417429969617483
0.9994437611835278
0.0027819297730271586
5.4336522259057496e-05
0.0009003972045145137
0.00022709238377438545
0.0007695661424225175
0.004100976720260441
0.48486496517072575
0.5143866928490088
0.03365098488929574
0.0005604818560411839
0.003931430648796974
0.9791934825357206
0.3535618779951407
0.40993773664011335
0.8212419262272271
0.8328892424552243
0.7823806944064475
0.7593967658902616
0.8073553852604914
0.9122602382008347
0.08479834259942765
0.040482809122857843
0.9835027159156353
0.9394209754463523
0.016990001341861127
0.00019299154952123754
9.055744811625743e-05
7.359061235112652e-05
0.00018446526538629104
0.00036926988149621476
0.12058533906258151
0.9705271021289217
0.9972783269264209
0.019411997032503292
0.0018659263863476383
0.0002624421510958319
0.0007129826752412249
0.00024039095625849605
0.0005807138955030711
0.00030456363100395123
0.005941363276156131
0.0020573403483480357
0.0023487600071259163
0.9995891694305704
0.1297394750994052
0.1825537266632029
0.8647764837236178
0.9947147542112151
0.24301924792730967
0.14144518741156487
0.9852435222062307
0.007647616491490927
0.0034824278894918237
0.005748545597638488
0.026940566032245816
0.06542146804872195
0.9346650623995807
0.20687791483914042
0.4210810539944654
0.9814510727811849
0.6808127410381786
0.682438403470178
0.9735387622018011
0.994946672876771
