0.9957582428822445
0.7393325327589078
0.6354510490687284
0.668015126183779
0.6999542682684681
0.9148707949852839
0.9760014262455831
0.9267059476083702
0.9414007266188401
0.9980996192667646
0.9936716985039526
0.09018543970780335
0.0009634062851536784
0.0005150098602426656
0.006310911352497506
0.9822545343230226
0.0247201940226629
0.0039031701760452453
0.021100003177398574
0.999906917911467
0.0050624040907605306
0.00019218495481132525
0.0016024423969286383
0.00015257454233919
0.001008182417379544
0.000737005802954438
4.775897575071131e-05
0.001872929668399026
0.08978201394469854
0.13830598780860293
0.03525732393060199
0.9897730332706521
0.010733626105187466
0.00011644699771884426
0.00040117585756305196
0.0009029630326470306
0.8244679097347292
0.8289158977019976
0.16344433759454335
0.017247120318793163
0.09478515635801066
0.1620807176797926
0.19130197653611913
0.11964742754202173
0.8182927704208333
0.8240956932881154
0.9996669084674424
0.9988798330933691
0.2880523929440486
0.20138984182607012
0.0007662826817745882
0.0007414133903389519
0.826260152966988
0.1589158698955483
0.16344410771477214
0.9865242170392902
0.8401989056463599
0.09215262275175784
0.004003138166840281
0.0003522705311457264
0.0017152160337977618
0.827615612248914
0.0010056501042414734
0.04877332958058478
0.9994871770257353
0.852062725167514
0.017493599729110132
0.001654915903902432
5.00341225028178e-05
0.0007383530538888072
0.0010086344003280567
0.00015325452785830418
0.0015833783035548166
0.0001596158128371883
0.010367828510850163
0.9595667071846683
0.9987489420638542
0.9795956185781478
0.999911870382419
0.9999635990470753
0.971555111222437
0.7934666035074233
0.07739091486577343
0.0007085733964943275
0.0006774059429717205
0.00032278637758298423
0.00044211535996752094
0.05233827716068684
0.9999896332664927
0.9996982379137235
0.9997052054367392
0.9996901656565593
0.05205371967818939
0.0003675359231056774
0.00021124264883831678
0.0007106638413636457
0.0008613489697433252
0.07679083014300836
0.11638629205023765
0.2955364210380398
0.07404886730926785
0.002850404210084201
0.00019485803197372142
0.00033945521074252305
4.953953302999636e-05
4.656563569294114e-05
0.00306078701954815
0.9998942581512
0.9797722994241145
0.9999347395734067
0.9999122670944441
0.0028070455160723595
0.00017898221013212812
0.00044871936209345265
0.059244533089785056
0.9999300475688399
0.003981538984433763
0.0018065138962557459
0.0009236372204306509
8.893089569517176e-05
4.448410409685355e-05
1.0392593205899026e-05
1.6720302927542008e-05
0.0007315092936118761
0.001167321071725902
2.2142493193655355e-05
0.00015503547806694495
0.010726915431863548
0.9999999835610142
0.9999999862422175
0.002968074154510947
0.0009562813904461231
0.0009867920880270997
0.0006336604510364108
0.0026638764101065693
0.9984749934248571
0.030471600779947927
0.0013698089062467167
0.04131173337646421
0.9973078514213349
0.7329516111966441
0.9996025450034908
0.9999925393440404
0.9999458021721793
0.9999457505653435
0.7306516691772715
0.9995913210020809
0.04091866020032031
0.001436460269292783
0.029000292726189203
0.9999933936966193
0.002662957742512906
0.0006363184968558588
2.6367027757157047e-05
2.2402633804929906e-05
0.004859532290016455
0.9997848960782887
0.011040051848302146
5.698661521202908e-05
2.218588718638781e-05
0.0011672673661157207
0.0007314552122689166
1.6739928678344285e-05
1.0412691975880684e-05
4.447294578047156e-05
8.888137057450063e-05
0.0009068795702409371
0.0017618981965233926
0.040762248386909006
0.9638885365648941
0.9990872657631754
0.059134999373151365
0.0004198427585893061
8.740926578576502e-05
0.003634354824538999
0.9788926707250962
0.9999996410701109
0.9999933573187468
0.0031132744000196277
0.0001311877884736523
9.74826903257231e-05
0.0003722376640358238
0.00020546812147836935
0.0034498843428290016
0.10575563912597297
0.9951230445650292
0.998850665802012
0.28977377812916927
0.28357645571243995
0.9815499365644378
0.971406252775509
0.011718840925269203
0.019489862899419785
0.014300588434886907
0.9818788948694473
0.006924831460971337
0.002775700401146386
0.0023452938827533965
0.08719981556254663
0.9978742700781472
0.09399095044695849
0.00030131922825327173
5.80457592421757e-05
5.936599703282308e-05
2.4482053071928078e-05
0.0008709187883556568
0.0010556472672015316
0.0023097720171117997
0.9999326572905687
0.9667503461913061
0.024618740204907952
0.03382410840709438
0.041245454661178016
0.9997488713476352
0.999863183201531
0.9986663228915221
0.9988095446098825
0.009130027353024484
0.00200123425481058
0.05805881748530628
0.9993658632191722
0.002618616750070024
0.0010550648543555807
0.000991966600343508
0.00014002336918950142
0.0001359322893113024
0.00013562753966911423
0.00038104158785923214
0.0367834243945806
0.7254898936118535
0.6994401769155552
0.044661033746423495
0.11048282604260862
0.08180151328686369
0.7581623394663285
0.11345991828999047
0.3534255084260153
0.9809924892297707
0.9665653678902766
0.05504117792588081
0.012070725831862084
0.021066172928932203
0.01978903021713385
0.01545574075407663
0.9807478378603237
0.9332281367834108
0.023695132655199846
0.015472044256178097
0.01137968449429616
0.03983384068538531
0.3004605097851649
0.9894123797702858
0.9873719319825254
0.9867152084292226
0.9744090555712979
0.3036205670402645
0.05387943802438422
0.021973953273700664
0.005979434144776419
0.018569540350341862
0.56129431056207
0.345698077282518
0.0024171728239558155
7.228235847256403e-05
0.0008377065318310173
0.0008563702374051463
0.0004959236464282535
0.330699387507182
0.33088039849294193
0.3318289343075639
0.007840247914242982
0.007955840073498588
0.008304486815570833
0.0015232152911742736
0.005347864148469328
0.399056637126204
0.41656212188683284
0.9692596457909266
0.09947077115037695
0.00402502183587361
0.011179864196936062
0.00895368739379443
0.01463326396116127
0.9717301594606765
0.015103491282013048
0.01227370071860523
0.01728565755599276
0.03346329878228005
0.028913259401819658
0.035252086933153404
0.02874816537366709
0.34739833992736857
0.9212147307997838
0.8568287571555259
0.8591165537730587
0.2365881012634513
0.037131617884262
0.08775021352146417
0.009226306057666167
0.005621730155669358
0.027058080196226575
0.10132666057758644
0.10889464796188786
0.9991477110650262
0.9835928870449994
0.03811066473018421
0.023942370760930864
0.9301806195209694
0.17454835722328277
0.9298669593328495
0.9301290699967548
0.022803533229284967
0.000557059611603794
0.002764576268182606
0.2394009949818806
0.9999346627935407
0.9999455818432494
0.9152071082581787
0.9281152182796726
0.999717562852082
0.9950277619243539
0.9974095941324038
0.9488427390781907
0.20301115289267435
0.9522826176366681
0.030836314592848746
0.030211959375491815
0.07924954061681988
0.9411535517162948
0.951240062518887
0.09717273088912826
0.020704033268992728
0.01787097651388081
0.005478231855941096
0.0068067464557080015
0.003000989751865246
0.0002854656522922605
0.006978882168950484
0.006823172168637925
0.013088765999174856
0.04048056444129611
0.0070145202160185605
0.004513030155332665
0.008247425605760417
0.005820197225966495
0.9951846694827112
0.969490690725936
0.9069078632735061
0.0401022292317349
0.08646597774029507
0.005422789504038739
0.8673863002756003
0.8757511446366318
0.9668982188920867
0.9108472071702243
0.9934544309999388
0.010675446924369392
0.0014745943199591105
0.0010151235233264444
0.00375226938448725
0.992738486213411
0.9912595760106837
0.9906353322044668
0.9973234559510403
0.9908934705946046
0.0007846774508497578
0.0032864059081377794
0.001820307528218268
0.003671814452806732
0.9947630849315464
0.7828117075399403
0.8708472262501478
0.8732397834802919
0.9931842136933103
0.10043662092487249
0.011031022776546107
0.01806593580442295
0.9901612191067835
0.9964592040412279
0.9969115330665103
0.009128878574123922
0.01143716156512431
0.006352834812485053
0.009687810903582283
0.995064569702733
0.03725592914957243
0.010634680120386153
0.006576481099135889
0.009785321109204936
0.005179658087663963
0.006994236171746215
0.008403320309746554
0.010246341635777867
0.9956036192353233
0.9973591038613606
0.005380185269627691
0.0011151825699030615
0.0029571617660427707
0.0033495079281782303
0.9966783697822963
0.1236050368159658
0.016769731028533186
0.0030194693879638246
0.0005077741211688691
0.9986180375355634
0.999602216998756
0.014319817846555227
0.002414839207232733
0.0012190651989970602
0.002059205467200398
0.0013557970735039726
0.0015241434128107079
0.05705963316067619
0.10919990791346568
0.05297137115492079
0.8545244749257417
0.8130073128337365
0.9966705783712456
0.9998934384112619
0.9995970173955503
0.9999141958689878
0.9999947286912139
0.8097969121573168
0.0010578671902660153
0.016285191266708687
0.058268454404557635
0.0002465473695939524
0.0013185812058362778
0.001996233654841917
0.0008147703908831794
0.0023479560779680053
0.014011289685218808
0.9999494286951868
0.999996899491205
0.0014132537836836212
0.0032028395699096324
0.017786388918375584
0.12444260386418826
0.9997515487615073
0.9996456491440854
0.004118224293399808
0.0011067000059918897
0.005829780790238992
0.009644261323338732
0.9751447062132405
0.9792571629337433
0.9770815617568519
0.9902309330959932
0.9995433190235911
0.05485258744259691
0.03426265650853111
0.0194015469490898
0.01608041477056099
0.9772499650826222
0.9927531503799528
0.9835170302587332
0.9865590377031446
0.9763584839247833
0.023265254694908477
0.0373644577021629
0.03320496721869015
0.04583982595060232
0.060235089386552976
0.008281164110476968
0.022633372548730102
0.9436963068481429
0.99940663005754
0.9986538530836716
0.9996103116023423
0.07959468260128699
0.06000412593944693
0.01280634190774299
0.9474013765432437
0.7829988178193168
0.8345168240778018
0.8397686776296125
0.8213482629114837
0.9329863740622085
0.9785316000353649
0.14944126179570638
0.08958577072741725
0.14189750278853963
0.8499933769479638
0.2285118100504414
0.16549750478456482
0.1752801644502997
0.6556579379517804
0.5144218713880728
0.08915921838844487
0.5227821234945027
0.7746360991815733
0.8341502771829129
0.9825318492590815
0.9997358024469745
0.3683527201128427
0.36605790734373234
0.1291792882947429
0.49562178431443404
0.9803046302213378
0.9969252626213644
0.22315533627309758
0.22566818650255116
0.08052253386656583
0.04495066593640851
0.043238655233606815
0.2285263424950108
0.03765585690774109
0.027260291845327633
0.03383697643736783
0.03034550881901854
0.12580799244894447
0.44160221703267344
0.4216146408496596
0.9913475552581759
0.9876095133137746
0.9576897124746856
0.847297479761343
0.27923391114055873
0.2287306209259493
0.004117164332692713
0.0021904892218966854
0.013381364494247983
0.9955614424716003
0.000507939095862775
0.00026779403310017713
0.004570134292481209
0.0040483682349758965
0.004527756007344896
0.0013186302780175962
0.12561296751954654
0.9975051018238794
0.9983622389317048
0.9999560122383817
0.12554677073547638
0.0012946486177436434
0.0007262463903817684
0.000238779124553834
0.0007098402209289034
0.004042991568948273
0.004290849974442734
0.9980949336573203
0.017578862318926802
0.00562999000817288
0.00756643891790032
0.999334341354973
0.2135212715337147
0.2554462863517285
0.9690767589860455
0.9020594251151559
0.033116412240288606
0.008559122175306744
0.004118489353875043
0.004497631105441879
0.010254877232783177
0.03252543007103237
0.9953333926648672
0.2939245713227404
0.03832136443969392
0.08267028462470316
0.6343379863218996
0.6166231147223449
0.6110570375953008
0.03913730523766368
0.3101400670839698
0.4059213485885682
0.41668000530560045
0.4092601637506511
0.6260901023402836
0.579593010870568
0.5782943034495925
0.02503688892489997
0.4163014400966252
0.3497956233235786
0.30018836188509634
0.3656019860097762
0.9646149717056727
0.9489236862278584
0.9565246206202658
0.13854891052978335
0.0820114504350109
0.22319063468345013
0.9360093695802307
0.01527248423464389
0.0019344234355469503
0.001326836863776104
0.025272390060209204
0.02788830847180379
0.04009907954845793
0.006943975693641358
0.00017532630165861818
0.0001904321296157807
0.010626300546812018
0.9999486433579079
0.9016833304756232
0.9942060098681782
0.9999838007206513
0.0106702664647228
0.0016084380135891196
0.008846456596118157
0.025525461353825052
0.14461150642250142
0.99978764965629
0.9931166182861704
0.9930727604478645
0.9929158665820694
0.0061918511192986525
0.0010282362170160875
0.006956450787538926
0.0014406621183051804
0.9932539895763066
0.002722782922657485
0.006799407073143415
0.00033595985476508883
0.0009004621672674684
0.005751982129250877
0.9999595385262778
0.9586524740180411
0.9932613033611747
0.9932431364725055
0.9931511291089605
0.9555617023404996
0.006913158904437999
0.000786190870284531
8.35493692130651e-05
0.00044323468734530636
0.0026214200530112475
0.9932429719533655
0.999978667954165
0.9998356014217332
0.001370694580285381
0.0002605556020252031
0.007473607867528487
0.007744407067512671
0.9923051742371607
0.9932345550292392
0.9944234461485442
0.14791486238949947
0.025326092449302284
0.00869876875240061
0.007232689283130145
0.01645017226932044
0.9989320278996345
0.9998063932123507
0.9994789870562226
0.9036568593645483
0.010624514057774537
0.00018816152503287054
6.396543103182051e-05
0.00671589132878192
0.9662033429927384
0.9484227270946117
0.9504802952567641
0.99295451363137
0.988970467592489
0.9914712545301131
0.27602702774453325
0.0041344516013362975
0.002005072014493847
0.0026569869373128663
0.02352837479006986
0.0004977838199908824
0.005648516543900861
0.0013021665190001697
3.2850123025562894e-05
0.0005202277410099043
0.0005306060048196892
0.9999372427536752
0.006720962653960494
0.00023983507874192345
0.015262147822881267
0.20433147894110948
0.9999696102759946
0.9999740692213744
0.9999706201652542
0.20240715249515973
0.01719702542707824
0.00026230922910197574
0.006697917363396422
0.9999602993961607
0.0005032261844977182
0.0005447969818631604
5.384441050104716e-05
0.0013268064779701216
0.14419590915316216
0.419531792478556
0.42398280480978134
0.009091484204881262
0.018658045378966204
0.021927248798336407
0.03991219420868164
0.2774254397325405
0.012803246378591537
0.00046177289619964146
0.00020980281575788684
0.0004889241033897429
0.000994461840081895
0.00041465979289823096
0.000263122472566657
0.00039592518811470967
0.007974381669307862
0.001258057509946675
0.000375946693096485
0.003737459403949872
0.9933991398217458
0.34883232218491267
0.5354728630823409
0.964310860367507
0.014660286248495136
0.010601046591013241
0.0021646296892862127
0.01061117069388251
0.05541140775452735
0.996632506297723
0.3778470066711668
0.37513130941889594
0.9572425995079067
0.07648853989370219
0.07327393585403574
0.10376418609023053
0.9952262796762449
