0.9953165644182231
0.8563423739739462
0.7308149941258515
0.7847363348940162
0.7681635157072004
0.7936608256748172
0.9070846721549178
0.7365692385685008
0.5738406698091538
0.8569540588694592
0.9207883974756917
0.8713922140463135
0.7559994745787879
0.587837367041953
0.2895866433704051
0.4593706688954584
0.8220663639117507
0.516561189155335
0.8746739108061615
0.10917435179871648
0.0518012628347293
0.011887722440578896
0.058118588126918835
0.12773287026285152
0.05914525742022225
0.028007631344048933
0.01093338093262386
0.03206150758483095
0.0011885412989445232
0.0001993732432892248
0.006949175803221852
0.00010287471314551766
4.1792388466799224e-05
0.00030107801513401533
0.0004592171864288286
0.00015651026826679626
0.007436422720481284
0.19414162728514195
0.19372726451920685
0.19925445538283426
0.016469741002815952
0.7938302362643408
0.8056297526216385
0.7975314919258265
0.7860221857129479
0.748605910609704
0.28146006478702335
0.00934006089845174
0.008916953630929814
0.008321826195316184
0.024897033410957503
0.040465980120060085
0.8077641915567608
0.2940329846642856
0.22920648445572445
0.13126924220960146
0.0006599081610992874
3.105174524975496e-05
0.0002751216531159395
0.00015165682637241495
0.0015556068626607633
5.222052439457503e-05
2.385377003488731e-05
0.0002686765010847525
0.9999815919994588
0.0011397982847559662
0.00032684014460038213
0.006749481075220332
0.9999694494990067
0.9999927229932248
0.9999916534719903
0.01603246472273767
0.00027480232475440847
0.00013967877379017501
0.0030325721630554137
0.9898157308066284
0.999780590600822
0.9807473713482499
0.9851780998635334
0.9962695986886653
0.008229170490374527
0.009331658424394651
0.02171912652602237
0.021087872391150064
0.01885999279334627
0.01782867217425932
0.9999232818229152
0.29783806000523605
0.013565553511120432
0.0009476656360635216
0.0011576540034373695
7.989170228661635e-05
0.0005679439605775771
3.0594247851234435e-05
2.1591330929604524e-05
0.0008364548480251921
0.3153110431688608
0.42158517909832005
0.191133939294987
0.07530471263078697
0.030052497302149872
0.052825141368921136
0.6433351801704624
0.795068854468369
0.387232183653591
0.19476591379201857
0.1162771537673013
0.1273564913510835
0.9476181037258973
0.9745530719046188
0.9443466841151857
0.008336110717978018
0.044681658132602164
0.04528214260303931
0.9983997742767958
0.9973557454224803
0.9969100043063455
0.9981918811720492
0.9981956493974843
0.994411672285945
0.004040829342127905
0.003688295651493201
0.00791348104737466
0.9795589828849962
0.8423001166043445
0.09971389201668601
0.0024515249962795416
0.040007540204787695
0.7119842646981479
0.42632866566458616
0.28675097359482293
0.17005606153399389
0.19741084514581253
0.028684323468255668
0.002493764815279187
0.20473112329442222
0.20444443685473812
0.011145621756804891
0.018370273790697
0.20328066075149664
0.1107772121007784
0.20436239792855437
0.20531848046080814
0.20488399672620206
0.2521078522924767
0.17736767460475833
0.2788877332518478
0.14392783459114655
0.14544985718476933
0.9123430227862839
0.9142760422935547
0.5623457561406277
0.6392688898957781
0.004457566152539338
0.14425414202785047
0.17231575038088298
0.9947296445292155
0.7980147551968022
0.7844158732576217
0.6260872845058278
0.6401791258805127
0.6522563671270989
0.17854951697139188
0.17342955283849448
0.18530053954421988
0.17738145924242466
0.038780851690518814
0.019046571534096057
0.09838617020879115
0.779607598503799
0.7822421180128569
0.18105614407132076
0.04155462375959029
0.0021703324751022324
0.002228099875468126
0.004509710293434388
0.004913012839276476
0.6278268263737727
0.7168947022836707
0.7474326761251147
0.7384924990329107
0.7605056796988571
0.5948921497952271
0.3521089302928677
0.4651007587179251
0.47349588829524847
0.8504748528297327
0.8461802939930358
0.2046476983904315
0.15047377064887812
0.14472740955146657
0.13027496202596245
0.17082419697040696
0.03623469810358271
0.06015720633264632
0.020062381114255068
0.02370331223632549
0.021437046118347514
0.036699409875130096
0.9710226439982851
0.039350439687397265
0.021043078149619476
0.026561166019237636
0.011817057467441217
0.009296727109767478
0.008288946615757076
0.006882735899302217
0.021603809145202657
0.9863397695988556
0.979867739019461
0.14896399584205
0.0018309803275006198
0.0009233383102066339
0.005203896615841641
0.004751829267952812
0.004031673153716997
0.016806881909125937
0.9162658984008089
0.9943492935404372
0.9519159895686813
0.008456002906250593
0.0016849231730836634
0.10212997857582651
0.9961585421840445
0.9573566294667084
0.9980642362573019
0.9494865703198253
0.9490497277541258
0.9107949367927818
0.10855644733270864
0.03443681843681756
0.052067057535569505
0.9998934155785408
0.9400073504365569
0.9999479795675035
0.01766379951969055
0.0046463701533918655
0.005638037381489158
0.005782180701337292
0.004846444221445534
0.0002727533587603137
0.1512457360120667
0.017600349099915147
0.011615392709070305
0.014270300570869532
0.018345971997519972
0.863236784821151
0.9856870721350692
0.03082372618714957
0.022225539897805957
0.012760819037203497
0.0019949171658159015
0.012848349900728473
0.017839336613559298
0.02964705460660455
0.9987129772007072
0.9979544133523669
0.9891854767700422
0.9982182883207698
0.005892122618417983
0.00043320398904678203
0.002853454964179325
0.040012635097113614
0.9976580870949121
0.9943213889476497
0.9945333294290772
0.0018561963660628233
0.0009405888510584104
0.00209439452353144
0.9996812479822135
0.9997210306925292
0.9997990456607395
0.9988216631869398
0.001377618729416219
0.00027102052866345705
0.0014959492313884049
0.9934938045997493
0.9947937322169638
0.9646898569193979
0.004878512033045346
0.0029909990860369495
0.0366018439683824
0.031778917398241346
0.9959071993591182
0.05775604689690028
0.015388256987339033
0.013254278157298405
0.0018957165393548303
0.005463367946724529
0.012701038704476586
0.02650548006908482
0.06351304974076555
0.0010470289210142703
7.625481231943176e-05
0.000883901696096534
0.0006599177924112576
0.008688077156178808
0.8408456779476567
0.050092764691368585
0.007962889645891313
0.15841998395171164
0.9979396059902753
0.9989397253755287
0.9998237467917982
0.8633145967053841
0.12646000282497738
0.008814898349984834
0.05902046268122996
0.9983801997554076
0.008734994889143533
0.000891608379424369
0.0010468103170486742
0.000246776102860502
0.002116099396031079
0.06442206122105776
0.9965692253181098
0.9931382323559618
0.977550154158636
0.9782189780367179
0.9878174119363721
0.9832850320904374
0.9922629166710333
0.9797318026410777
0.9719821307158486
0.9734924897262763
0.9595568568503348
0.9360078979146027
0.921270018739695
0.9272055284659446
0.9205836051680286
0.09401559933761094
0.04243776485241202
0.035450942111571515
0.05334510307134477
0.028050113061974025
0.00714616144954372
0.015615374066795695
0.039877212350539204
0.05693325138674299
0.630061671320749
0.9738266018029287
0.8484462387984912
0.8779939602693798
0.9042145657565575
0.8780054601401784
0.9775498563479745
0.22313632078780066
0.0049448429857327225
0.005587967473377087
0.005926245526076124
0.024151472197855628
0.16786836918550407
0.9900167822836148
0.610824042667907
0.5833505863541768
0.52032387803932
0.2590019239844539
0.027765063581801086
0.028038297400121648
0.02803766690021059
0.05720422671312242
0.981675404144703
0.987700363041527
0.15357022542930587
0.11188192286503418
0.09134014316084382
0.08924837974877697
0.11080777765999406
0.9811319918479167
0.5575068331370312
0.5311895194891945
0.8362089250323315
0.732311774765054
0.8700710326062906
0.0968376204523792
0.06264148429326455
0.1986081428030142
0.9945957930934459
0.9960700329734408
0.9938407182234753
0.9516803615077284
0.17578810403908274
0.09210593346403073
0.05935302480652327
0.5928050904866875
0.4062011580744346
0.006297003439331705
0.0033264618061048523
0.007243115005133194
0.026595264504990168
0.16658668683846134
0.9856748656632639
0.06573358143451757
0.06974399415313293
0.030742999972113605
0.0280867111544163
0.46703543141809845
0.15981862706853744
0.0009163147378149494
0.0005534166903116144
0.0011267247813858683
0.0012391340670399043
0.0016899885093170086
0.9982016491612395
0.998797292194396
0.9997817685476709
0.9999606964026184
0.002447367608062856
0.002474990895355078
0.0011578506026945767
0.0007460521835591649
0.009621681947783234
0.052484682375546265
0.10117729237822526
0.008559322788885715
0.007244575718780122
0.012208317701486227
0.01768678922071165
0.3384095468308924
0.9935709294434606
0.9987031790404063
0.9988277168579293
0.01023840063090209
0.00548445932010122
0.000839413419602697
0.0005564832258316832
0.9919648732080033
0.9961427847218504
0.010195252623077411
0.02433576561444961
0.1874952171811206
0.9930746228527018
0.9964335129325873
0.9967883242008916
0.9946399854668518
0.19143558051091925
0.03245963353972703
0.01733627473555166
0.999821847697875
0.999783348461388
0.007336852605018485
0.007628118653594251
0.006633586104240363
0.016279358944599087
0.979893569088099
0.972888862908564
0.9707181727019953
0.9889981609946826
0.9993336971769262
0.10074574610489417
0.06283217209381453
0.051586378759790996
0.02338779498389132
0.9477581840870473
0.9914872510309464
0.9496216523494205
0.9584151066215763
0.952913763848161
0.03817537036231877
0.07517130922631565
0.032745195132628635
0.03933211905950229
0.009747300821089988
0.005587907850213569
0.022132829272546006
0.06820569453450942
0.9916267650822161
0.7475213975186211
0.9925728475109915
0.9885167300181569
0.967647928112018
0.9152745027835824
0.9884146513122877
0.9604057092755403
0.9768883066975187
0.9767235375853498
0.6801275129070599
0.9984338798242913
0.9975062516993956
0.0544800194494911
0.01973023295362597
0.030540990307907356
0.013358774005091889
0.9345448179975684
0.9167432591922577
0.8831039679280619
0.8959253303209105
0.20181373207322884
0.04224658316029417
0.09756343227126063
0.09719827807720793
0.10718858162997214
0.18243800394359888
0.172869034421815
0.08372552533039723
0.11730307516341754
0.10485853103995191
0.1459717269703521
0.632761717205974
0.9151037570389513
0.684202043791173
0.9481411422007016
0.8479393677162609
0.9265283713283958
0.10099938366247141
0.008247727378084768
0.001936638491383258
0.002575701874130032
0.29862439926379203
0.3015932100985844
0.9997273795750046
0.9999828369576323
0.006402215864389049
0.004083336850533192
0.0024377640882403684
0.0017816981567057022
0.004187103986568186
0.9998382709943665
0.9993901742162709
0.0008766019996547803
0.0006770796612153296
0.0008486483310251591
9.612212072540594e-05
8.951860807526746e-05
0.00428412614130913
0.9997635863687127
0.5259326334382894
0.9998155478547489
0.32909542796914515
0.32502803108975387
0.8614410590301257
0.5544078598560901
0.9995914442048572
0.0030329615102930862
0.0005170737362956146
0.0005419408452213004
0.00010059145431140504
0.0047544012851032935
0.9999409931386323
0.9999967404024275
0.6185410154391269
0.9952933085658218
0.9995550494951556
0.9995534098045723
0.9996311451069527
0.6247471223004295
0.9884369290239509
0.9999482797569363
0.00523597903439077
0.0005820520344584912
0.0010613536790747835
0.0001126440966564557
0.002884753555311259
0.9994475243674602
0.5543028553354659
0.9951581539790257
0.496201759951872
0.3577774146650827
0.8354012729414686
0.36000854073639077
0.9991845054509638
0.0033613636363982735
3.9371154372802586e-05
3.949080697296381e-05
0.0008507086408162667
0.0005917361005522981
0.0006879747494581423
0.998135958765328
0.9981298466828004
0.0025240335396129465
0.0008421032540100182
0.0025808620149883055
0.0022552940235199825
0.005459095577298956
0.7208326434192618
0.73299816949178
0.7232288723744972
0.7249740037668032
0.8028773616542774
0.22667233958158672
0.12261846240990626
0.09880978440019539
0.006064321569374309
0.022873733188732093
0.33796880554057285
0.8963373294092475
0.29730344153793953
0.0008730440838410347
5.290935152035825e-05
5.767242789023186e-05
0.0005229078624644501
5.624157464001467e-05
0.0020986684771721054
0.07211597450909757
0.41280580007125367
0.9620007785814748
0.9270488093928382
0.927891685023565
0.8805543468870203
0.818723153333659
0.9757161689494269
0.7405289148736489
0.5417434476576078
0.02885691429531556
0.004817916267316202
0.00568658924968013
0.022283830741739452
0.01120543414482067
0.02046658339164864
0.9999354980013223
0.006489587094352989
0.0004181696700965576
0.003683221335376907
0.016067930907185946
0.9999312148180506
0.999902996635169
0.006831269785173233
0.00029646493706703136
0.001129400993444163
0.0002669866202429372
2.891028272267171e-05
4.7376765036077906e-05
0.0015421561897381864
0.00015987401648009936
0.0002827252263967184
3.8182189881275086e-05
0.0005441099134698701
0.204241582767
0.9597214215651289
0.3003783653526997
0.30039719065863324
0.48944828684407093
0.2098100560206616
0.17529044580327668
0.20218537504804635
0.6545717059853279
0.8982278737976579
0.8222293024791527
0.8163502151585456
0.8989866688985009
0.9097105586418116
0.9557420780830832
0.9973209746732976
0.3557935702848687
0.00042910203904578115
8.88729315161596e-05
0.0015288374118573866
2.5114441101758977e-05
1.6690489264115094e-05
0.00026738434135287203
4.660127817568416e-05
0.0029648463650013834
0.9999985650422393
0.9999980782069074
0.9999994350871115
0.9999993736268616
0.0029695148258013226
4.191514907037064e-05
0.00026537701414586223
1.4972752890085594e-05
2.447612572986646e-05
0.0015267783383517974
7.764571746593507e-05
0.000423687549497509
0.027516377791274582
0.32062231297374855
0.32994818978953566
0.40073289914271293
0.6443555493150889
0.26188142426384287
0.14214296326843867
0.24131174375136666
0.23193670003404265
0.1974296773699693
0.846464707115399
0.7691278900420374
0.06237606765787651
0.046542910124684145
0.14185082113648328
0.061398976438961306
0.050295915067103736
0.2164666485227541
0.786212887857211
0.7815228041565553
0.040499275102180654
0.008967328523837081
0.012782555970233478
0.18386129910373983
0.01819263460019338
0.008331097045686242
0.08674591945780297
0.08504087814705252
0.006967010120701778
0.030910268005023722
0.11133228263898687
0.19814400635146667
0.19998391202154764
0.8846254732872046
0.8545338485202367
0.9493264571192056
0.20011660556574318
0.1278409327827832
0.14138123823582338
0.21629570865454517
0.19662449137734472
0.7186285037186295
0.35611762063399466
0.0691584601875459
0.04887681544752809
0.06828951562325791
0.9460323195716333
0.38861221744286356
0.8154640699997273
0.4249634134301019
0.6951607918580789
0.9206801996606623
0.8675382759554141
0.8364952422222702
0.9963749498727015
0.9925168254800161
