0.9896143281740868
0.8108577140524026
0.7887802464388236
0.8521366975181869
0.8553335165583034
0.6568122757091734
0.6538163213334651
0.642786940232144
0.2744241867005738
0.3969631752141731
0.6680012904477737
0.6555466309420988
0.6506534333637356
0.44176490727932427
0.1604218755599811
0.6143602584207088
0.9886993244692498
0.4327844613952223
0.3478850029396219
0.3432631639280236
0.009641602619234968
0.0018685242123754886
0.003477077364425707
0.0032884171137774754
0.6406479212825988
0.69849360488041
0.009525097750024858
0.0013767651698249894
3.005937238131917e-05
7.535602218988746e-05
0.0015986231032607545
2.7739811041649354e-05
6.654460258226358e-05
0.00135370116493716
0.0005514154368395641
0.00017287322283332518
0.03276087270179795
0.9999995237896431
0.999996241800823
0.9999901467944394
0.03270884821721953
0.0002081710291904626
0.000554889159666283
0.0013581631877335187
6.792545726408417e-05
2.83822938024203e-05
0.0016039685199824572
0.0008627903046649621
0.0008931293508168681
0.0023060922377132753
0.005772296736422988
0.011983316314203574
0.01232262055573563
0.003774177366600573
9.655267903108111e-05
0.0012118968638555883
0.0013567043742903628
0.0014401636733267775
0.9999992790060391
0.010993152589876654
6.374176131573872e-05
1.612368220860194e-05
0.00025896207913223
0.999960993592023
0.02884875625907346
0.039810115678011404
0.9999737701840832
0.9999845030422073
0.9999952199270293
0.9998776633393353
0.039961082167284
0.028786186483370613
0.999933330839324
0.0003025465102658442
1.01591123348177e-05
5.6848820705224234e-05
0.010989964820351972
0.0014544259429392081
0.0014290835345046604
0.0012263977352000577
0.00012701114787461165
0.004408330944828842
0.03377960596804075
0.04618354493511001
0.14663765711476673
0.0009057762780774192
9.741194520929142e-05
0.0015600311667023359
0.000517849603122067
2.990148626991207e-05
0.0006901753352541729
6.250532027873845e-05
7.657871579780373e-05
0.001549799859198564
4.708293945210329e-05
8.646326247185865e-05
0.009707566670467016
0.996156203342993
0.20545661585515007
0.0017141880829391054
0.0007578600882894859
0.00027032862187370554
0.9994407879983707
0.007318919085395947
0.0005465497065691993
3.254868931779065e-05
0.00011997118910112015
0.016432025779229753
0.7432503465526992
0.9945974769383465
0.9950763302978176
0.98663158592877
0.9969885340819991
0.9685947634445594
0.9997524999613743
0.9856931950382207
0.977038550605505
0.9825998352416035
0.22266511910450493
0.006635399889720617
0.0009266129376678256
1.3973474003781128e-05
1.9070757702355223e-05
0.0007326679764031452
0.001168334996737741
2.214340217354671e-05
0.00015503578996944878
0.010726915962576355
0.9999999835038144
0.9999999862310684
0.0029680742725870513
0.0009562814892851712
0.000986792193666708
0.0006336606716929039
0.0026638764166946327
0.9984749931900666
0.030471600774525487
0.0013698089070066644
0.04131173336978766
0.9973078512045905
0.7329516111950711
0.9996025450030839
0.9999925391206685
0.9999458019310137
0.9999457503238475
0.7306516690015108
0.9995913208063207
0.040918660430267706
0.0014364605115175788
0.029000292961757212
0.9999933935037074
0.0026629577469110544
0.0006363185023692264
2.6367028298057704e-05
2.2402649925812312e-05
0.004859532461032656
0.9997848960240959
0.011040052274707168
5.698696717360008e-05
2.218686379062973e-05
0.001167296177872812
0.000731615109500261
1.7475251488652255e-05
2.9144007120507354e-05
7.677695720753608e-05
0.0014777122046882862
0.019429516260072832
0.0008156101156020501
0.00021514379749765222
0.00014886298659966268
8.69239150681489e-05
0.006645870297021017
0.9993671516886896
0.000980508478440445
0.0006994342922103103
0.0024923654883626245
0.0020456058230033936
0.1110788749074666
0.0010889828444665683
4.332089445757692e-05
0.0011628342781996315
0.0011742096787277223
0.0001598045713098184
0.0013549192424242573
0.0005755348245657377
0.0005778943775279766
0.9999942523003998
0.002082251767780763
0.0024953099259834577
0.12562391482378554
0.2992903988908706
0.01698703197903062
0.0007383295365389619
0.0011781436059737915
0.0317516253512401
0.9999925303498391
0.0025626419619303453
0.0034422262534014036
0.006336938470920428
0.01677183519254588
0.07511895226035137
0.41922233626669314
0.44247050886280137
0.018428705826103564
0.0001462067954537405
0.00045046807276927225
0.00011453107223391434
0.005878479141736115
0.9999996724120469
0.9998912113277181
0.14516855442235854
0.00025407042849279193
5.864883796946607e-05
0.0011801741673600485
0.0007537937915392812
0.0001428290090750295
0.020133625004819855
0.015684912035365484
0.01431216521420331
0.04244154638335507
0.0003682986469918381
0.014425486021638512
0.9601662137443594
0.9999999530439027
0.9982716848534111
0.9989135031992342
0.0572533989605023
0.043212397950591064
0.04065347293291732
0.005621465841297191
0.011638316206349253
0.953897081865419
0.9689528994947134
0.9655802071507169
0.9999626025458446
0.020115967694307346
0.00013692564392442375
0.0007560468225663586
0.001182349110999903
2.4913997728859272e-05
0.000156203078852446
0.14520920438631602
0.00587271258255162
0.00010549002166604371
0.0004584498850620511
0.00014778932257308863
0.01735967034165431
0.9990765776820556
0.26523189205174413
0.4440040670619294
0.14154715603780332
0.00818123150904948
0.010003492481867493
0.03174174531976248
0.07065762732300329
0.9987461760098654
0.9985003117396613
0.9986309017024267
0.11066979111464315
0.014709381661089593
0.000813783289575265
4.8704046322844974e-05
0.00025463553992588484
0.0006767008197031688
0.0009150851695670648
0.0016454471198246168
0.0005638224422718219
0.00037105657843417017
0.0004067724497929248
0.015217724695918755
0.999999999444523
0.9999999987296758
0.9999990607493708
0.01547657473700903
0.000271730684665461
0.00024804377655196497
0.0005639818709552991
0.0016529215780088924
0.0009265182249762471
0.0006717319959523849
0.9999797748475007
0.00023601904086245629
4.142620583036383e-05
0.0017865272680995803
0.0033166046538488647
0.05943147343336552
0.9165118606101049
0.013973682652089758
0.00962196673554061
0.007411062997138007
0.007259281132656947
0.21589948838270623
0.9985003245015482
0.14414867827977207
0.021060833616180608
0.004127960180322465
0.00011220773179920762
0.000725464416185595
0.0016313639130425273
0.00015672352024764802
0.001881787796349621
0.0012730591409584324
0.0003587685847261657
0.006175617881325701
0.07199324645204952
0.1588906171662855
0.0071062106638589695
0.005089280105888605
0.004165819561333994
0.99630698933691
0.9963276106950301
0.0034934916237118196
8.891873546934548e-05
5.088688335541658e-05
0.0026317369395718604
0.9999993591074304
0.9999986788788777
0.11029483817555885
0.12621340206975273
0.9999964766752456
0.997921455359538
0.9999999915529305
0.9970457190492418
0.9960588804537227
0.9992206182676022
0.9999319976637394
0.9999816854644743
0.14857597671819178
0.11414347468713859
0.9789861107064398
0.0029716395367972437
5.423767961787451e-05
9.453061158160025e-05
0.005773667300524532
0.9999999260870507
0.9995269698538893
0.0024036113871468423
0.0012729022362271136
0.0030850181776965746
0.9999963472535855
0.9998963675982737
0.9997357945277002
0.15518136752560263
0.0728441740663216
0.007820196620384356
7.400233362619968e-05
0.001175696773690782
0.0018570452233049872
0.00016463553572887424
0.0016276578525769025
0.0006766335206885854
8.236598482092017e-05
0.004415784604654638
0.019878065349558938
0.14451129260058748
0.024921678724570073
0.010375603972400005
0.025991169058670938
0.011719063938699814
0.001741612325790065
0.9868590073693614
0.005420895162881689
0.002176959250530963
0.9999948666462768
0.9999929463110412
0.035442616080579525
0.009586442826740926
0.0032806550333958073
0.0018300505655408639
0.0019830683713364383
0.0005610760829870554
6.498202018456745e-05
0.00016230338320655235
0.008054757223434073
0.003780681737751368
0.0009141682845180688
0.038175968568379126
0.999817416218416
0.9999999634415746
0.9999999847065701
0.9995275238532437
0.03853819069836317
0.0011886793324624723
0.0035991173515568242
0.9998357310469507
0.008001391022614213
0.0002145854123680735
6.493355928138822e-05
0.0005611181341951266
0.00198179842972257
0.0018290228484318938
0.0032789439571488943
0.009577928411353076
0.036544800508155895
0.9980675312958882
0.999601887127506
0.013836031161860718
0.018210798122184624
0.9982819070060024
0.001811312580100366
0.010947235165871039
0.9868496903899425
0.002641489897223126
0.0013472292435378064
0.03412638060583717
0.995453823597014
0.996193932923962
0.12344578782362015
0.01686900352336529
0.0036145277867729586
0.0008343913409765147
6.545197229657074e-05
0.00031418836250107773
6.336265115569617e-05
0.00026758506749069433
0.001299813918403947
6.747370948090303e-05
0.0029870291445697195
0.9999999969299965
0.9999999968139586
0.9999999995661633
0.9999999999933631
0.0029870291176097297
5.617508535449289e-05
0.001313450952206252
0.00026524669972405324
6.334176443789641e-05
0.000313892879720723
5.133326834283469e-05
0.0007978845472536022
0.0035459257236487574
0.016753207761742828
0.1253703154023602
0.9984516007430756
0.9973836777057357
0.9905055580242116
0.9995741313006722
0.9984206774755083
0.9991722114306869
0.9991475173472284
0.010676490422946494
0.001971189385559291
2.8366641033117368e-05
9.147305188750288e-06
2.492018254374173e-05
0.0008367263948352299
0.0011459170377851047
0.0015964407030863992
0.002100978619492322
0.0022972742470472873
0.013977143275190285
0.9999872689747279
0.999999748291614
0.9999998092900223
0.999995806839116
0.013986738856265557
0.0022888764852363463
0.0020923716418940197
0.0015954450024809885
0.0011457766365582378
0.0008366727494149018
2.4922247992997804e-05
8.903305604990308e-06
2.8013667920046004e-05
0.0014629704877940908
0.010473406530167706
0.0754599891819474
0.01566442195244655
0.006236790268396186
0.00367833442890253
0.002875321144843568
0.03170027930564445
0.0354801043773223
0.03900760685094018
0.412389654339547
0.6111527762872535
0.25980600634339035
0.95967192041222
0.9996377859294995
0.1256129698625743
0.0020579282438691893
0.002544252788614143
0.0005767630129730472
0.000576818383940858
0.0013578796083981715
0.00015795982709521095
0.0011745864140585427
0.0011622396838306681
3.554209401435138e-05
0.001044927694953457
0.06690491203584104
0.5062016772613869
0.8038986044478869
0.9989316491847062
0.8989411030953356
0.9142269827936321
0.8835479579854137
0.8501818220243065
0.956657123390431
0.9031291226210171
0.5034793761325054
0.6220152450627168
0.542162703072894
0.5463536344154661
0.041601792054801856
0.015213118938028347
0.0010455787421924656
0.002313026510002314
0.29817413015866734
0.29831421862687046
0.5130879526904616
0.9980591724403854
0.00973152651010456
0.00612412321739253
0.0033455003554224705
0.002823429109374165
0.0051984738267372155
0.9999914545350452
0.9994342707376644
0.0008795168205039117
0.0006720874584458247
0.0008386266270826725
2.4942947495443235e-05
1.0387547567103361e-05
1.494003522606313e-05
0.00031174080534634996
4.708005128273296e-05
0.00044045143481774574
0.0002020807339347952
0.08109110607977976
0.9999869268762943
0.610044973853226
0.9999951688105125
0.0033079189576553647
0.0003055262208162546
0.0007612748415487536
0.0004701053925766363
0.0023753112091653428
0.9993927084417343
0.8628992055941408
0.25129175078463273
0.9978918693974325
0.999965400376365
0.9999659409902777
0.9978540138742723
0.3732401673920731
0.8765220869936935
0.8656328183343668
0.002837103285365128
9.529780768136042e-05
0.0005287743884572205
3.72893306386235e-05
0.0026951887743444924
0.9996407159216163
0.6096953898377416
0.9992308988681272
0.0818765527133074
0.00020130672186857712
0.00043973892080761967
4.6678001799249635e-05
0.0003117131241054949
1.4947472564141862e-05
1.0394918989020674e-05
2.498425756147782e-05
0.0008387504302139748
0.0005847894677967203
0.0006544061374408328
0.997265119428134
0.9972534297200704
0.002521602345184726
0.00282502938745699
0.0033565192533926425
0.005754142769070381
0.022263461359684267
0.779284145733214
0.7930770209825356
0.9633582848669577
0.7995366066202556
0.308731644811997
0.040115186707094685
0.16808525727830548
0.020652799323033433
0.19873853484957282
0.04549712949933238
0.14416789239255323
0.7883567980016636
0.17971801813872568
0.18286254485656783
0.1761616611586484
0.01010260378945238
0.0009512809563971825
5.0964271749331935e-05
0.001066936202397173
0.004830917173059945
0.05696324693515764
0.998531747715503
0.9999996227926254
0.9999991271894797
0.999980719598039
0.9999963200493351
0.055492870326515065
0.004849740645543443
0.001031265774726009
5.3424225562759275e-05
0.0009489002009500647
0.003451570588205888
0.844310042241643
0.0024105583049908175
0.004808593682336881
0.1847663830783799
0.32460033154903223
0.21176193786728126
0.13937415976723744
0.7796724956201064
0.3606508343086281
0.8804386277708169
0.006743958850411458
0.0630706826056685
0.07430537243002755
0.8471547396536784
0.0011213936742516806
6.0358936275983766e-05
0.000512614301980463
4.751423465920723e-05
0.00028315305825343806
0.00037211027226558
0.06715234581857643
0.9937772633294178
0.9996638259823872
0.0053283356324316244
0.00324114398902553
0.0014061970442273974
0.004897645693968777
0.7624877013529386
0.0049047900893123275
0.23457803432138946
0.6232572086713077
0.9984385696368027
0.9991129844127958
0.9993031832882685
0.9994968635572459
0.9963947632675954
0.998333314963622
0.3930049047952683
0.0005629678272449645
0.00010726755205436866
0.0015299079895663148
2.5056039077209213e-05
1.569916520793857e-05
0.0002656729195978924
4.4922356934540275e-05
0.002964552159749112
0.9999999695682517
0.9999999240073582
0.9999999998404775
0.9999999946685578
0.0029689897111920827
4.040818738826335e-05
0.0002653208099252513
1.4960203879477163e-05
2.426701404267817e-05
0.0015270746243797317
7.999566665040092e-05
0.00046490272601751315
0.012808408526542303
0.002987233675964873
0.003685499474911036
0.9999999860354549
0.0033234048489080292
0.0015172276756194591
0.0031520174271917334
0.004662851904728149
0.9997034058619321
0.06045157832130499
0.00037187988013520634
0.0002836971685901135
4.755017763635738e-05
0.0005126946834708157
4.8399023410694575e-05
0.003746336062895428
0.22628879705419158
0.0012033547690855073
0.001492305989310827
0.2620875872210249
0.16648362068647815
0.08420208010502728
0.09361145110928604
0.6596187550040651
0.6187696824239057
0.5700454295327666
0.9993752637859534
0.009538349518721234
0.00013672868125247373
8.879324951094336e-05
0.0035883385566451986
8.633554604764448e-05
6.408970658011715e-05
0.0006787812431146012
2.9878211005973654e-05
0.0005180690063555371
0.0015604308448343707
9.349346004894343e-05
0.0007705634493110347
0.14888728028563158
0.9985333617182928
0.33697746259809336
0.33725197347669245
0.0008447699209126469
6.0133031509645996e-05
0.0005915501174829085
0.005473113920131389
0.379009787483519
0.6649084363821153
0.16089915197510718
0.5804629308985568
0.9920621402035328
0.9827501243884172
0.6721128004693608
0.6941098364085785
0.9996871037375655
