0.9931039486147842
0.9494801936406309
0.928908957530661
0.969927471980902
0.8204137788397838
0.9704756903193836
0.7121711803261379
0.6337384307768447
0.9186250836279112
0.9963282297397515
0.9935551182497621
0.974064470715981
0.9446355051909414
0.7622857554968341
0.8023261375939554
0.9497591201237998
0.8096186285264784
0.017502264623941
0.015855410356180544
0.031076942493704518
0.018027560277633192
0.02509957496316828
0.02120188093914399
0.02593061348403969
0.04238409837823054
0.044888524817205955
0.014969581997194892
0.5551348023188558
0.5203011435035712
0.02914393479748778
0.004363013046485009
0.00017561229189300143
0.001310606881414933
0.0014132080260883528
0.001366471482280085
0.0015618017842634613
0.012953119236188693
0.4519877292936896
0.8923198440900212
0.8576075754284316
0.02178297421159081
0.10458454230550474
0.19955016025291872
0.09893317157246684
0.02560985813272909
0.030350481650978978
0.6176031844374159
0.5932588766889537
0.5901343592173204
0.6007701096951268
0.07054624953099731
0.26193361039213736
0.4170487379381853
0.003557107205091503
0.0008173048183537368
0.002340771286770571
0.00010614451780288636
5.342305025390903e-05
0.0005218461329278279
0.0002815471456794061
0.009347548231223968
0.9904073618599253
0.00029377275072262066
0.0010103510818434414
0.021273153590898763
0.9917219947517033
0.9836807276649496
0.989389322659933
0.006797212653306239
0.01406364773319102
0.013046500124559546
0.012215367747857142
0.9870859750570885
0.9952269209032707
0.9998458672946755
0.9908210358995857
0.9908186587993391
0.972156366121108
0.9986988869819732
0.9999096087022589
0.0043575158724517005
0.006946006523628534
0.007214398957576362
0.005804900697079063
0.020573984886167018
0.0009807890803122943
0.0021347640991991046
0.9964418330691748
0.015521282488422994
0.0036578164650540312
0.0017189359405809235
3.510012745133739e-05
9.373460331152383e-05
0.0017451428198583807
0.0003118385169134097
0.0033012766058987397
0.8875159961504062
0.9324280088491774
0.011479819639247268
0.004417535548189244
0.00021783303717259894
0.0012219427250614867
0.9512135145645692
0.07132468599901254
0.05343135842503366
0.0007772145076392345
0.006777748254115479
0.029788795441409444
0.7555424135841455
0.9949236441185182
0.9947937162092492
0.9293737520156995
0.9362678268380554
0.905565828414071
0.9985644104777643
0.9703134324277272
0.922921160090334
0.9701358450058067
0.21632856053641802
0.006537079210596652
0.0008653299737941822
1.3744407933558023e-05
1.8926365261240363e-05
0.0007326049626693587
0.0011682672209871736
2.214335314343341e-05
0.00015503528756810603
0.010726878389084704
0.9999999888709112
0.9999999938336366
0.002968068690772263
0.0009562266848812673
0.0009901555382630933
0.0006384913258365987
0.0026935862969592606
0.9978544542441639
0.03564320811009403
0.00210864399533528
0.03640263837634383
0.9941466587175526
0.4628975221485141
0.999999325015819
0.9999815901119474
0.999883023365707
0.999884566051622
0.4529266007611372
0.9948471885310806
0.040513231682971274
0.007386304114982423
0.033599022365883746
0.9999861939686094
0.002701587919898496
0.0006460328069026744
2.6398601234212116e-05
2.239783443702681e-05
0.0048629647683033905
0.9997849240764702
0.011040019477674856
5.698710572699106e-05
2.21871748207203e-05
0.0011672963694208116
0.0007316207623685456
1.7432570437736494e-05
2.783310243115178e-05
7.529545177176189e-05
0.0017600561546732285
0.024574886343442626
0.0012100990935350886
0.0021028640997384773
0.0020852328775036177
0.0020548305456246085
0.010409103933438635
0.9316600778720499
0.0019430309614517638
0.00187687783887025
0.0011287491228718638
0.0026941922560720366
0.9108568739902893
0.7739179965201863
0.626800542220162
0.6458181590859327
0.1876621894626347
0.04148123041429341
0.022941291954898135
0.6864331128990924
0.6924213444683169
0.3834179922769193
0.4069812590190195
0.39785028760266505
0.3837527443375004
0.18267810115977612
0.15423483431250695
0.16403051729071283
0.19712485720696604
0.24080329510931286
0.7648256844231435
0.726347396075645
0.7404582449580033
0.694163322239221
0.7096273386667304
0.9134063985189944
0.19010402152754746
0.2153415019031748
0.025040307329693423
0.0019852042189441033
0.006310690115047368
0.002094934552947403
0.011948331713173554
0.9996826394354431
0.996973466766598
0.14545567233984402
0.00038036141769559606
6.423453963122494e-05
0.0011898711396223227
0.0007716212476572837
0.00015895073388649816
0.020152084674742277
0.015685037651320788
0.014312204050799582
0.04244116751333726
0.0003687261046815271
0.014425502005383728
0.9601663390059835
0.9999994683831406
0.9982712217069724
0.9989133352374077
0.05725277123259276
0.0432117358235341
0.04065289458191823
0.0056218611860126
0.011638689513053357
0.953893903763044
0.9689503140235092
0.965577094429322
0.9999619705861713
0.020132395973837203
0.0001529155402464344
0.0007778643490534698
0.001332456284813599
0.0002177969674479474
0.00034435356799866756
0.14598684251149407
0.010669381339289408
0.00372737702441317
0.013112586544125282
0.024139904123095968
0.014911920365291542
0.7523455174454619
0.3158172722015773
0.4311237392559184
0.3549825626625239
0.3578231265052738
0.36791138989022754
0.537628805435261
0.7993655548647454
0.1503274354730636
0.02138436936161936
0.008732375865459718
0.03490040192599575
0.5509533077428885
0.3718401129459603
0.0725851445436575
0.09791147730398075
0.11122936335012557
0.8547396786342232
0.4096170144868848
0.2924815857728926
0.2245892805863483
0.25356818085470223
0.3667230955548849
0.43409922160437187
0.7411247673428124
0.22094286488192794
0.09315203881571954
0.03817458131302032
0.2538938819359935
0.45166236066745125
0.9227269924238991
0.7782468671508875
0.14779560319230312
0.22204284940313024
0.019810177959072695
0.01784104925168639
0.18429539568410147
0.09795786649208882
0.03993830909919227
0.26426026123662316
0.5043534935723273
0.6913034492963216
0.8331359116362592
0.47798667033343145
0.6263685769715672
0.11275216246158137
0.1119631301591626
0.11272137762739298
0.026842113091909425
0.002943092528186586
0.2551106735624824
0.01639359382208383
0.004125778574782579
0.0520667398149518
0.3216215857922201
0.42153274775928873
0.8135621120697303
0.413349516435663
0.050002992458371254
0.20685341081380992
0.5942916319320346
0.3873264728319157
0.005638265854884583
0.07958589605113486
0.017480864123393003
0.03161547573431611
0.582096279797049
0.19978729844368837
0.9957340041332968
0.9901085765698686
0.6369773816821405
0.6503022815383994
0.969412087659433
0.9397773126893593
0.9796513402761796
0.4534520489619539
0.3161694944989416
0.6313606275369388
0.012341761098407455
0.00875760980617235
0.011636240306875822
0.26809820399017514
0.5418714221674981
0.1277114990984256
0.18214944568206037
0.4709500678141223
0.6569359424215236
0.9804993445535977
0.04605251508620645
0.04077559380327833
0.03904084949353981
0.10799223527292878
0.4210706235359831
0.427857250740978
0.9660784126564921
0.7127991393514269
0.6342606267698672
0.4113445989987703
0.044023234408071876
0.01066724261790486
0.00940184335980554
0.30728588342781127
0.6959991922017649
0.5643231705542799
0.6006093039842095
0.5984988492957015
0.6275234368136081
0.7535380627873023
0.011414872318318503
0.009351052179410124
0.004455071236436736
0.29388884082391054
0.34866140623776665
0.7550463002794889
0.40169916495882674
0.40202071552547025
0.4141564620437217
0.4227171244627156
0.04458046809881111
0.031035426183118497
0.5706323724536408
0.453231703822351
0.4789555717851536
0.6120268356904595
0.9453234237614366
0.04033363923979327
0.026463113936407767
0.3770286675513017
0.3892479358735893
0.4016442302739298
0.9120150106450634
0.5149926144559023
0.4793142783400328
0.5315786493829817
0.19197753001977758
0.5545032780174538
0.39379313963050966
0.052634197554066064
0.018426672062420324
0.02000790963197696
0.3161239080719144
0.9791815183731635
0.020114639911557375
0.019702493106568353
0.054379163621473436
0.6036920198753084
0.10519279996155761
0.05850340414602262
0.168085602907162
0.39820152879529813
0.02597725030913378
0.0020014431708270664
0.0005123433044869063
0.0007960006731222435
0.000957498436368942
0.0007065233435253893
0.4155500894113182
0.6048105034014191
0.9999702944405265
0.9999924290074054
0.3732162852453006
0.585590197141676
0.0050901715014308735
0.00010502706250914429
0.0014326381056899429
0.023580176212958825
0.3899776882532635
0.08914652036520665
0.011275420119476354
0.00826613887206662
0.6015432535758526
0.9986550933260598
0.8053980400664185
0.9010100497325644
0.25668568239214207
0.10312282182340893
0.006084631825380327
0.3870829470438365
0.013397850380154064
0.4643462051254783
0.4232855729734718
0.14837160381365555
0.20204669416464371
0.7368641587245632
0.8645003907060747
0.9957546699863478
0.8798758709644875
0.753337295678034
0.5127617958932011
0.6940155154842955
0.6515414002859763
0.9578800595843775
0.9706726488990584
0.010978852817570273
0.0019722091643975537
0.00013659970343093963
2.7067194190766308e-05
2.5561181413724654e-05
0.0008372607510178653
0.0011464189608811903
0.001597014151955345
0.0021015261962894494
0.002297580350900885
0.013977259127381014
0.9999867935153661
0.9999992717489724
0.999999354213781
0.9999954083459802
0.01398700369956074
0.0022894142737699408
0.0020928912632073304
0.001595805546265483
0.0011460135878204047
0.0008368817297497166
2.533707131036067e-05
9.92265217725219e-06
2.7069209269758865e-05
0.001496418766679164
0.009467605921929634
0.9974075729514187
0.900780538056706
0.9751204954111676
0.9210043171175517
0.8840644047181987
0.9278795782466149
0.9559761344624264
0.9294029036340754
0.9782894597427171
0.9883793145615277
0.8768616296304074
0.9892446178323938
0.988307979915334
0.15750730032755
0.44257540813477037
0.01025509202361663
0.015745799365660895
0.5154391572777388
0.508005830992293
0.13942140821748417
0.4060358483530264
0.7394691424161984
0.04291295295725628
0.271507894012333
0.46019061670330697
0.4686809207445116
0.9843644348285225
0.4999883099991149
0.20825810730181016
0.2102888201365043
0.12055202050853775
0.8085893155176337
0.5478924026602179
0.4789747797639108
0.006353853244012608
0.07094130136944476
0.4871437902028217
0.4243072831621483
0.1648112152119623
0.5323068921743678
0.3908462529119111
0.8712311102389376
0.9345535543980221
0.8759151270624903
0.9981331206654264
0.9954593343239044
0.9664513934358886
0.9859529253175268
0.6799477264483741
0.5596837225569518
0.539709218921846
0.8805154200650661
0.21046139919259232
0.12620086488630922
0.06545447476501354
0.012436197499725021
0.00977351965803619
0.010831984071341116
0.005127207502655273
0.006376445698578315
0.006042907054934599
0.013237617738969032
0.004763021266001144
0.014379145387751202
0.0009477830814745847
0.0006952738150983739
0.002519342570379335
0.01247183212730707
0.01264716113928499
0.0165022411272453
0.9828136913445279
0.3836495971545282
0.5990907651125905
0.24431333460027171
0.4309829037135571
0.9935377834818157
0.30255755061770195
0.31966685205937984
0.3897897114249803
0.39346191685033616
0.4333525612381165
0.9997789038103996
0.9944330144632358
0.6696061755688277
0.22017381286239512
0.0010810052024490258
3.290238147890534e-05
0.0005073730205836791
3.78087365350277e-05
0.0007354026373808109
0.0010269519295998952
0.0001915124521231215
0.02048816001234066
0.9999483057206381
0.9991487722042939
0.001281486802800158
0.00032471891365459804
0.0003451754869284729
0.0011458494103756545
0.0023466683073876116
0.019150396087360022
0.999978148393267
0.9999785846042568
0.9999858280774511
0.019085464296230925
0.0024065597674215455
0.0011444793844933576
4.105682531385657e-05
2.8369116772619662e-05
0.0009927433470988678
0.9999858206713752
0.9999858374794992
0.02049484258345724
0.00018223971425346264
0.0010202246794196457
0.000735352208778628
3.782246274264267e-05
0.0005069392913094051
3.3558110670517394e-05
0.001095457727011584
0.04849188083193101
0.006346446038467568
0.2678073984633772
0.0023143553169520104
0.0006974822298586592
5.8961543562219276e-05
0.0010366840264840471
0.004800933425684328
0.05693567760894247
0.9985316648022569
0.9999986979814453
0.9999951421436931
0.999977936030271
0.9999950295936644
0.0554647692186484
0.004820589919578122
0.001036452834516366
6.29960688339759e-05
0.000697096829622712
0.00191200917635026
0.9976038998144229
0.26647842194458216
0.3028448457924009
0.8279443957876284
0.06140004861174464
0.0009486651842901539
0.00019917322522167158
0.0005380940955024283
3.439908731550645e-05
0.00031294360075684313
5.086066592296934e-05
0.0010503339562205616
0.008134250162113998
0.9424139015970312
0.0071196043714348844
0.0010878224577857143
0.056309387229093844
0.024004577722255616
0.9999999807880776
0.011790888126592236
0.017994122848534078
0.999999841805492
0.9999916780024648
0.024794894388612376
0.0049926173176453315
0.9999818790065339
0.03196202437233975
0.028439747065338805
0.0009708879628591571
0.0014080199847050778
0.002836922284928156
0.001319770625825667
0.001373919890879094
0.9999681997608899
0.9999640482963923
0.999731994267667
0.993582555888367
0.01920751132447296
6.463213449459104e-05
6.409648180294436e-05
0.0015202618936401846
2.4925878744141983e-05
1.5661286056345425e-05
0.00026565287350743816
4.49157276348755e-05
0.0029645445167808537
0.9999999685739923
0.9999999273590195
0.9999999988515463
0.9999999993790485
0.002968986945968477
4.040191221155176e-05
0.00026531976819232916
1.4955564497154406e-05
2.4227162511714084e-05
0.001521968109525429
6.410473703044595e-05
6.678786938651982e-05
0.01251901147543133
0.9999983090098366
0.9999959688792128
0.9999998187848381
0.0014025652466570504
0.0013314252725962206
0.002815049347644316
0.0013956668224281987
0.0009320283434945953
0.9999370217591083
0.02449702602785564
0.03593317649199701
0.03854279815066519
0.0179595001778029
0.9890714196807834
0.9751511618051387
0.981140549259148
0.02721858714899872
0.021830246595835434
0.03095062883670685
0.005002824701760389
0.0001675961799020298
0.003452053356134188
0.9999977512058031
0.9977806614638659
0.010349290896044305
0.001052481214443124
5.518503194212876e-05
0.0003129151516492179
3.441644969393032e-05
0.0005354676179109008
0.0003466227223342111
0.000594891682152987
0.004107213635831108
0.30347660018589706
0.39430464496073825
0.19124045393583733
0.00497876195617597
0.003781661229558364
0.9998020418040963
0.024405797441691912
0.6296993125807597
0.028975461337775954
0.00013102756294980367
3.6240632150130736e-05
0.0005415196280592616
0.0001849875924854194
0.0010496406623929921
0.006706183598516158
0.01669129145270598
0.994994162372451
0.9844027608308339
0.9819627243575755
0.9547754253383776
0.9643213840613133
0.9709717065712108
