0.9897084354407516
0.7813290513810054
0.7584870733569706
0.8511918344710308
0.8802089080955835
0.9814858681183696
0.9739725452681488
0.9443297879388246
0.9405233182979659
0.9585593453692969
0.3682280643280731
0.029280757035631044
0.001569028194009503
0.000775430379149955
0.003917647873256436
0.6860104256868234
0.9980107383753152
0.00258431137737436
4.2113516971920006e-05
0.0003157928302239821
2.0493182693592793e-05
2.11629393446211e-05
0.001559039480298674
0.0007229682449420016
0.15778299195850654
0.1601137685563414
0.018909661977476122
0.9999999919953106
0.9691345544256312
0.02232329392693788
0.0005900284690345536
0.0013711492520710467
0.0005385345567248123
4.887483602844522e-05
0.0009864939854822286
0.0011600865405825278
5.247745980063723e-05
0.00042962012511149617
2.043539479812395e-05
8.816782455234318e-06
4.473356911183224e-05
0.00016004223285526198
0.043016529161016503
0.9990398693188585
0.0460562205981232
0.00404493285305263
0.0642376719014992
0.9912022939519799
0.9920140242937351
0.9980478390000102
0.14642156898295045
0.0017236751561799935
0.0016085291432004212
0.001195609685843202
3.458288001401133e-05
0.0011928014824766908
0.0013468082935198522
0.001403832092395474
0.9999999924026626
0.010977990998468301
5.556734315903533e-05
1.0466217205573614e-05
0.0002587717955572222
0.9999611209595136
0.028836831790157058
0.039806167236094314
0.9999816012670959
0.9999962143767115
0.999999846485816
0.9998776855842477
0.039949313870234926
0.028780252250180327
0.9999333587908672
0.00030162906832542635
9.277530756079955e-06
5.673324478727704e-05
0.01097797974193393
0.0014038253587863592
0.0013664359239379253
0.0011732909246471301
3.4709425905110614e-05
0.001013665394743346
0.0015309709744653066
0.001223374223678353
0.14510661834071414
0.005045910602706871
0.0001745190541589947
0.00010943091797677162
0.0009001348965075318
0.0012445304589436823
0.0006324814384031097
4.646911658667818e-05
0.000429972115056354
2.4124239078715526e-05
9.182091571968698e-06
0.00010236113882911013
0.02431917534765382
0.9999999998330189
0.9905050132212925
0.8277978530421012
0.1847850278512726
0.04196242147031637
0.998628591351207
0.9999999986280731
0.9999992355604218
0.9017544644188169
0.14160812598369588
0.0024638341025913224
0.998599258509468
0.9999999999639433
0.023570740856851624
0.00010242496402756984
9.070522720922014e-06
2.404889544460609e-05
0.0004299736147586053
4.6504302087857496e-05
0.0006328336115249966
0.0012442144040500924
0.000900194304902846
0.00011116362817920056
0.005783887262110321
0.01133380388588967
0.00693659624262466
0.0032534423943247903
0.00148898252522367
5.7530734200339495e-05
0.000989021067672402
0.0011603188137648823
4.04508127265224e-05
0.00026482017434059646
2.054931977579777e-05
2.8350804823107367e-05
0.0014428656389401384
0.001667535499185857
0.001570134908862597
0.2160198766294288
0.9971291761684472
0.006723192432220304
0.0026940098635421794
0.002909163416165983
0.008360960005386442
0.9999999949958349
0.027866900326728117
0.0001001183312435705
0.0005166257771050953
6.468409244908546e-05
0.002471523134453202
0.9999739611219345
0.9959869311753986
0.023024604014960093
0.0023010615544327706
4.2938065624165134e-05
4.8761411896136586e-05
4.4363230760402494e-05
1.1086006803995296e-05
0.0004701525875749901
0.3471730088773146
0.9999999972994599
0.9999999914669305
0.9999998771725052
0.34717293030923524
0.0004700948669184024
1.1159306620212028e-05
4.452583571690205e-05
4.4786867042123646e-05
3.7510479499847094e-05
0.0022851233721375985
0.01900799601378189
0.9985177584142447
0.030090544297196486
0.00019836346809187777
0.0004622779902483387
0.00014367854388064316
0.0006785013837644627
1.554414222304512e-05
0.0003685913321700429
0.19157365340291688
0.9995346455299429
0.9999988605949155
0.999999197022549
0.9999998117714658
0.19110758552224816
0.0003676986616940603
1.4330001554152538e-05
0.0006808893359113721
0.00014284343025661173
0.00046837385497267015
0.00020746507713742535
0.02015629482503134
0.06372221842541614
0.0032656600519022083
0.0006950973868653509
4.0054850662829544e-05
0.001039828758873207
0.0012381150157336762
0.0005384386073415959
5.0214076224963655e-05
0.0011836084475750352
0.0015426563357945344
0.0011433217728137324
0.0008364246552778898
2.5053089964921504e-05
3.3288975844980584e-05
0.001824671809819045
0.004182141229355452
0.0016606341595732932
0.00035010083960784755
0.006155550197021409
0.9999999864964453
0.9997994102257346
0.14515337463190037
0.0002543298484890544
5.865188582043768e-05
0.001180299911834437
0.0007540167304720402
0.0001429232495295807
0.020133779639167293
0.015684911708246596
0.014312163228706876
0.042441540496791164
0.0003682986471063021
0.014425486145328459
0.9601662185982447
0.9999999531629156
0.9982716851795841
0.9989135032957002
0.057253394062811824
0.04321239299817625
0.040653468180669616
0.00562146533723662
0.011638316348276057
0.9538970704916968
0.9689528987958271
0.9655802053857819
0.9999625983915508
0.02011611899508048
0.00013706941592750432
0.0007563147598099729
0.0011880523175281654
3.22897792484067e-05
0.0001644152838067292
0.1452261493547845
0.006092151501427279
0.0002749852804644348
0.0016837375275874367
0.004139947909485353
0.0058426704129315166
0.001364109465501251
0.0004997808808511195
0.011679972921854853
0.10463328641463043
0.9994148267513174
0.9999905632630643
0.9999921632203355
0.999994628543623
0.10415223744324986
0.011693134535740946
0.0005393634758429355
0.0013412740119793654
0.006272531495006728
0.01556236615401596
0.0018863085787234057
0.00012443699471031966
0.003152130401928188
0.9999934709945788
0.010690882650827294
0.00010894782262760305
9.102618956369213e-06
1.0374900223375505e-05
4.500681075092494e-05
0.00011087607888693451
0.002769114392822125
0.025050235342276683
0.9152588774920962
0.022943720207489693
0.002021158631932196
0.008146011613463178
0.029196322761376403
0.0025962635720327976
0.00010360670787135096
0.0002682475109766491
4.178977401103623e-05
0.0029386509443154463
0.9952529197154629
0.07935101200087791
0.0035472152823553538
0.001277308900626828
0.00023382802935822955
0.0014767508025659293
0.006854569200083205
0.006752878254160932
0.2513697527334747
0.9999954686846698
0.9999529370715284
0.9999954951925667
0.2467244356147943
0.0017263274024964526
0.002835798874623041
0.0017917812484981033
0.0006373458741316673
0.03139893908830538
0.03846899793381642
0.022565774046503395
0.9999999967115105
0.9999989167368177
0.0028568363204207747
9.739519850671119e-05
0.00029362582343817056
0.00010657728944396538
0.002610759919240868
0.9996506290472863
0.027792591891134366
0.003405465223055071
0.007312419572053308
0.015296336369634789
0.9999968749922413
0.9999866113922558
0.7031990433016753
0.7688960629919954
0.9997515990888516
0.9742201180056768
0.9987979334112147
0.7991713465528025
0.7452873176153056
0.9951719999998554
0.03838764122055649
0.00578849983522689
0.00013716289694143402
4.501782273114152e-05
1.0526606906924307e-05
9.250369051971852e-06
0.0001090912703104463
0.016500192550525372
0.9942968693465881
0.9997849984360039
0.0030996911623065726
0.00023861151675697023
0.0018789893103183797
0.01574043154019722
0.9998281689620697
0.9998917336582226
0.9997974305784442
0.39987606925223595
0.0894617885712139
0.014396158765295763
0.00014694630406286713
0.002260938997196593
0.0034137650775694084
0.02879199154225487
0.9948791761836212
0.06829752380666787
0.00012074040365983585
0.0005356424283410322
0.0010315068752810852
0.0005501333680139053
8.440980057644598e-05
7.459739050597047e-05
0.0005076954096300268
0.10446120370856438
0.9992435138926686
0.9992649775632603
0.06557983498319842
0.0011261790073301414
0.002195295006681919
0.0020690803524849866
0.0028321788772718293
0.15259454216218482
0.26013065889309595
0.9992848055264855
0.9992845557264151
0.9992719653592083
0.25942022230494066
0.15351518767634043
0.9999313616702316
0.001693913899000865
0.0020349362130832604
0.0021911592194241436
0.0018597630734125126
0.06642089547351737
0.1048034679463572
0.0004488248444025622
1.1804251598857007e-05
2.0818442187486852e-05
0.0005501333018376187
0.0010315070126221126
0.0005355067760950405
0.00012080209346054804
0.06829675940350133
0.9999937250108609
0.026529800454332286
0.0019716346428965137
0.0008253481617368497
0.00014104856357943785
0.014408467529385627
0.08947474449471127
0.3993063054144338
0.0030018815741834626
0.0007285432432343475
2.545654403773856e-05
1.587522168511324e-05
0.0005225777715329727
0.000978799603228886
0.0015109945629586674
0.9999434088278234
0.9999999977854948
0.9999999302089969
0.9999974380985124
0.0014543728993561267
0.000981430206106526
0.0005222558651855058
1.5663556498735076e-05
2.5305055288193934e-05
0.0005791602472455804
0.002403732422620708
0.9981839595747725
0.003979761738230669
3.1786260425992197e-05
2.6566747082679143e-05
0.0008364248679068043
0.0011433216904770394
0.0015426275270716827
0.0011836910264596545
5.016017311665344e-05
0.0005384231110854287
0.001238125361061937
0.0010397433826127012
3.957703932622181e-05
0.0006133578048038713
0.0008967433948821046
0.060764265300126796
0.9966970494270686
0.9916845571605167
0.9999911019011947
0.9998670408357035
0.9994808966008781
0.9934372653079773
0.9973309894469727
0.9975509481486807
0.9998203126366224
0.9995632877744175
0.010273679672750169
0.0015685260597924078
2.4876312478050444e-05
8.8736353999197e-06
2.4917536616375635e-05
0.0008367254589051187
0.0011459162679068324
0.0015964399396581896
0.0021009777523761652
0.0022972735210726736
0.013977143062935848
0.9999872701848619
0.999999749097067
0.9999998100477316
0.999995807438811
0.013986737674923755
0.00228887521387644
0.0020923702161010915
0.0015954436087679547
0.0011457752035508584
0.0008366710835240321
2.4919130210299123e-05
8.868751144808229e-06
2.5791260995333687e-05
0.0014617509847842935
0.010064351531345106
0.9996897419965022
0.999973630632944
0.9993276075619502
0.9982276506814022
0.002171754207242471
6.817988723084589e-05
0.000552854757511545
0.0001504325134217277
0.028986520822044004
0.9989139969888489
0.008388484785285644
0.013544968364730736
0.07969093241074077
0.09537529867696004
0.9891980710621538
0.9230093118749676
0.8944407625077199
0.987326504145321
0.2130699326679445
0.01854596797405872
0.014277930376259462
0.0014994905819658566
2.8207098677124343e-05
2.0446806675455953e-05
0.0002647930076142835
4.047763249503955e-05
0.0011603227896536117
0.0009885454636880953
5.6126752683738346e-05
0.0014497461176150583
0.0026032233395684168
0.004960372154587223
0.9953200713319603
0.06697734843976655
0.0035795928981310343
0.04568437585780627
0.9993418409657567
0.04364162126299287
0.0001814096095867912
4.4740804508225374e-05
8.818144679345608e-06
2.0435680349040197e-05
0.0004296201286017043
5.247746264769315e-05
0.0011600926333532602
0.000986482520665466
4.88676819307976e-05
0.0005385405414418676
0.0013833404476853994
0.000577837130158354
0.008901342380884247
0.9999935170933985
0.3142128952456872
0.0034921396766657287
0.0016645710338637487
0.0007229692011743172
0.0015584719621899445
2.1536804228117212e-05
2.0356305306501454e-05
0.0003128106416091514
4.6102305182427195e-05
0.0025512805703020724
0.006132412992250202
0.003443782084309177
0.0019462749534581159
0.008805289131442184
0.9999998934807236
0.0029369916867157952
2.9767536155911323e-05
0.0005061533298310605
3.1612863625407606e-05
0.0020302305148013344
0.99999999009142
0.09160615972683561
0.06524381339253982
0.9996189920094782
0.9999901314898852
0.9999902554143879
0.9999944748203555
0.06576727604524013
0.09070914295237442
0.9999997554074821
0.002035804104011052
4.7703396991449765e-05
0.0005125153523855008
3.161135791218683e-05
0.0029370497600048617
0.9999966741532132
0.008913947123252886
0.002105518291904307
0.00381663102546681
0.005467446071331872
0.9997981248616591
0.012281567277514283
0.0029211019694472817
0.0029434364209067754
0.003362344265488093
0.0748308891318068
0.982986637430602
0.12896119133060746
0.0032986470162138515
7.670407311799465e-05
2.951481429314118e-05
3.4492869233959667e-05
0.9997602771661005
0.9998209196861902
0.0015392245975657248
0.999902679206468
0.9986138030085512
0.0016426554359658674
0.0014977328228196196
0.0006346355530517656
0.0005442818696044238
4.64904075246908e-05
0.0004298464100113142
2.0494070305132617e-05
2.270126847536691e-05
0.0014580560355553773
0.0005184422361904639
0.0005271507843995771
0.0005385211583666116
4.69580516074819e-05
0.003708131865119757
0.9988240942377208
0.0030424923399509085
5.155553273239466e-05
0.00028304542324963933
0.00014195118184456845
0.02236610318508525
0.1599865129647412
0.9874466270959538
0.999987752311894
0.9996208905972481
0.9999963652408863
0.999562993318937
0.987447170465353
0.9999999924260015
0.16273808398634648
0.019674215741891543
0.00012552133787890885
0.00027715872347333637
0.00015062921539499285
0.00342436506868804
0.9999999947137619
0.9995203503349609
0.00253151202687274
4.976656242516864e-05
0.0005457990611286156
0.0005205268253278827
0.9610554788303057
0.03946297614401428
0.001458269406266366
2.257353358647851e-05
2.0500168588122314e-05
0.0004298503644897256
4.707660488423304e-05
0.0005436878771196696
0.0006702296133452856
0.9999999860202693
0.0015448479732109721
0.0004410909166521204
0.9999995724802283
0.9999948194187112
0.00175717261489583
0.9998487383746181
0.9999808651434062
0.00012977807252212425
0.0001129532784469589
0.00019310806283545645
0.003202058412995923
0.1318598111491326
0.978348186157455
0.974221142797442
0.9655879033199943
0.9606397912634085
0.9993203220982452
0.997394457250248
0.2267896388716969
0.0011972808377289645
0.0001477619369262273
0.001533144839017786
2.5257578710302653e-05
1.5717885398669473e-05
0.0002656818281404627
4.491777534620933e-05
0.00296448787641157
0.9999785458777242
0.999999498328466
0.9999996454034535
0.9999995680883802
0.0029964591513658156
6.770742823714038e-05
0.0002926251988875084
4.340031596905547e-05
5.2742004565287104e-05
0.0015411047209547002
0.00011104523303140379
0.0012472593656954745
0.05012877047298825
0.0789116171728258
0.0008977113764119249
0.00044850505213045455
3.239490025574998e-05
0.0009715139192740807
0.0011497968890286092
6.524635284788083e-05
9.040580306940438e-05
0.00036794142749307923
0.0011657015845631946
0.9864299229931955
0.7934310885915294
0.044462591463259704
0.0001483184755628475
0.0008566480149210243
0.0018395231303985904
0.9999991518790755
0.00365513144310603
0.0006542013853084727
4.1705438012407114e-05
7.802992798655595e-05
0.01279321853352322
0.9999999999846213
0.9999999999179604
0.999999965921402
0.9999999999061188
0.012651035834373436
0.00014410487373717196
0.00012791203474993296
0.0006432964840891175
0.0036530053095567006
0.0026836387741769885
1.4663045242779837e-05
0.0001484832406893899
0.04447209687154219
0.9864297221911372
0.7853503298783793
0.006976759808414834
0.002628039805799287
9.045444416555526e-05
6.498647162500593e-05
0.0011490448596852554
0.0009723527570222323
4.100786203986573e-05
0.00043126923493286284
0.0006759479874052232
0.08083923515850333
0.7501333220989139
0.709417073430404
0.8340456970259799
0.9935836438921515
0.9781997633474891
0.9676684960473347
0.9870260168778511
0.9986142866163397
