0.996712484187218
0.9691489614161332
0.9649907729036953
0.9715820469057174
0.7847037687720223
0.9703426644266133
0.5565692023012858
0.43614842521202135
0.4997402943668333
0.8982916927779978
0.9969023606619828
0.9933372516568109
0.7659805063697187
0.6611973695562984
0.5674737554475251
0.6688566696587208
0.6575152152617065
0.06930103514628294
0.0060395248775798605
0.0037818025495673924
0.002548931169394253
0.00018166081683457236
0.0006953597831879099
0.005744045801229114
0.8054925589804633
0.5004017704868001
0.01957679817577529
0.03918403034722806
0.0006622621410659058
8.897720691047883e-05
0.0015247167537250084
2.8471399880047876e-05
6.773351407596273e-05
0.0013485689521783861
0.0005463840250794494
0.00016492573637627572
0.03275250758669057
0.999985658447295
0.9999971979647669
0.9999819795436521
0.03271065756117353
0.0002101285176631107
0.0005613051674082659
0.0013663973126255557
7.777119058971493e-05
3.802767660698869e-05
0.0015311961696131693
8.883854172270222e-05
0.0006923381484927882
0.06910087090169359
0.06358929429996196
0.0050183948013451385
0.005010153494808822
0.0027041085523837882
6.757164955140116e-05
0.0012016704657933364
0.0013500138447748444
0.001406991733251317
0.9999998465520007
0.01097875051800179
5.55855713924025e-05
1.0468330273294413e-05
0.00025877359341597295
0.999961077045467
0.028837003111807147
0.03980620329186657
0.9999813946537789
0.9999960077567768
0.9999996266634225
0.9998776742374819
0.03994951450360462
0.028780453588311605
0.999933356462552
0.000301849144785038
9.4993413021216e-06
5.6750512159919886e-05
0.010978543688150322
0.0014069173329622764
0.0013707889418717034
0.0011827018506015419
6.667393541581745e-05
0.0028888059000732325
0.024463968183121576
0.03265771216791502
0.621861428325414
0.004926101466318111
0.00019009074397091652
8.836714854965066e-05
0.0008945945918167331
0.0012439586820357507
0.0006324088608414824
4.646829005205966e-05
0.00042997186567128587
2.4124153066185094e-05
9.182055836665093e-06
0.0001023610753252413
0.024319175312855212
0.9999999999017655
0.9905050132851208
0.8277978530975244
0.18478502785616868
0.04196242146559648
0.9986285914368018
0.9999999986370895
0.9999992355659483
0.9017544644157556
0.1416081259161619
0.0024638340225090483
0.9985992585059452
0.999999999971822
0.023570740850160643
0.00010242495163292897
9.070511822195648e-06
2.404889419960199e-05
0.0004299732873436213
4.650347884216366e-05
0.0006327540665603815
0.001243586866086388
0.0008946970824351697
8.861710879448648e-05
0.0002182910722819953
0.005038912278150454
0.003788121855781812
0.0026707649155468527
0.0014175652512699033
5.538157354134654e-05
0.0009879808867084838
0.0011601667263200222
4.045029638521935e-05
0.00026481764130636964
2.046727240689883e-05
2.543100091390027e-05
0.0011781510613592117
0.00140279960507117
0.001748508281111838
0.1874140363551312
0.9866829632208203
0.26653879692832594
0.03744212806243541
0.01273539972778015
0.011956896866393119
0.8334640072232683
0.08596339353738747
0.007077249544700792
0.002134186257568227
0.00023807464364078434
0.0021818432629689966
0.8271877756002519
0.8221801744164184
0.8153704174823712
0.9990521136636451
0.0077800033718995465
0.004830947425387144
0.8973996222390622
0.10444075485263826
0.009399887908753457
0.0028249028898630346
0.0016541738277384699
0.000765272991272381
0.026009872038348147
0.8852638308790138
0.9945464117337365
0.995833907265642
0.11831395060798156
0.007913333712339377
8.658010784712289e-05
0.000520342658257289
0.004160020263316189
0.9975868057348236
0.006491971052905554
0.00010804040091327849
0.000434329878574391
0.00014326563251099156
0.0006784362303762226
1.4755848609104838e-05
0.0003678043423460675
0.19157301660813741
0.9995346524105276
0.9999994863444057
0.9999999561358807
0.9999999858142121
0.19110765619398884
0.0003676904018330429
1.4310350285207107e-05
0.0006801542218370926
0.0001415733918398443
0.00043430206579531117
0.00010804038354883527
0.004080063002453227
0.9999901556261234
0.004150470862379962
0.0005304059368248515
9.497313751327674e-05
0.002927043498918036
0.003079475689474087
0.022361961002106856
0.00031909558712395203
0.0013808081925211768
0.0030941118655342104
0.009418158480660632
0.0019842851434789255
0.8019051178290805
0.004357400906639275
0.022900039243183845
0.003225461798042284
0.0023195464447197667
0.0019915442028336505
0.008534562436071091
0.8443512671618749
0.844697106662124
0.15245147004800197
0.00032560139036885705
5.8452043155354794e-05
0.001196357447274643
0.0007864399327429661
0.00017944743236564253
0.020187608517819977
0.015685153173613298
0.014312042355227983
0.042440076069001686
0.00036870500863173117
0.01442566963860692
0.9601673517881438
0.9999994135513244
0.9982712419655967
0.9989126592638654
0.057251528310381605
0.043210453675981975
0.04065171329703876
0.005622299443227896
0.011638687131982905
0.9538959237018789
0.9689404935784575
0.9655624363097177
0.9999621620348791
0.020141400058490744
0.0001557025128524625
0.0007890859458112853
0.0017943807886582341
0.0008176371551532613
0.0011182185344777995
0.1544489566543208
0.1524428742401308
0.14560670764111194
0.1747466127771965
0.1774225463146818
0.8956019663745474
0.9908656664209725
0.7071652956032433
0.6984313980997952
0.11034395596267577
0.013978656261361633
0.022862590511638303
0.10581672139924936
0.23192623887399766
0.9931581030464488
0.9909580014141741
0.9901668083264572
0.2434506002478849
0.051413492552746964
0.0021874242943328293
9.132064535744e-05
0.0003042968341906427
0.0007084656166268521
0.0009186697182511638
0.001646329235055255
0.0005639603943778937
0.0003711570961717481
0.00040690159665812686
0.015217886624937393
0.9999999045164946
0.9999999001005121
0.999998922496832
0.015476628025760775
0.0002717473928045555
0.00024806402407406836
0.0005640802861714977
0.0016538749590943036
0.00092975336384582
0.0006749883611190111
0.9998709260977775
0.0003945598356953628
0.00017499847283275471
0.003308365888256226
0.00769512039062803
0.05755838044924699
0.716217248093394
0.027592138611020833
0.0248791324245331
0.021552759105153307
0.022375490746149862
0.39904807557306476
0.9034885641011354
0.1445305204785884
0.021956161509818495
0.00437080308427551
0.00016605435985661554
0.0007803545624737174
0.0016437227881647143
0.00015925070743605385
0.0012342517069203751
0.0009279857081768705
0.0006420718443332918
0.003651811409607686
0.01683221093439813
0.07644426860392428
0.0069856836998275496
0.005206950038751379
0.00444009506616061
0.9960455111482535
0.9960675452600888
0.0034892318052408555
8.67324840397865e-05
4.792468127656768e-05
0.0026286933720327532
0.9999995924730907
0.9999991743951672
0.11029277835915707
0.12621067773606354
0.9999979410556126
0.997923308342639
0.9999999950448747
0.9970457168376199
0.9960634032694555
0.9992251051458588
0.9999365657220884
0.9999862449499829
0.1485727606838778
0.11413982749067209
0.9789855558177113
0.0029680462451160405
5.09278999947238e-05
9.146148461958159e-05
0.005929270560641742
0.9999999379098922
0.9995898273945023
0.0024381688982677563
0.0012873671508837337
0.0031088537850271214
0.9999955746923939
0.9997856652184618
0.9995747075787823
0.07311997846862028
0.01668295163600808
0.0035551004285657717
5.633656676251597e-05
0.0007439107871548556
0.001185577394821502
0.00016711155876525385
0.0016345046113188655
0.0006789447584898411
9.780397575598343e-05
0.005144332770315341
0.020667329594655892
0.14648630175327348
0.02581882648465883
0.010398940778071353
0.026004688990869385
0.011721916804703802
0.0017436276932348838
0.986132996584267
0.005606082532561452
0.0024447469863612126
0.9999942314921191
0.9999926574696048
0.035534300918036665
0.009617079476797574
0.00328494536424917
0.0018311715484494728
0.0019833508367423924
0.0005611414282394867
6.498939264576453e-05
0.00016230542414474858
0.008054759332114303
0.0037806818315453405
0.0009141683428974812
0.03817596860700245
0.9998174161485541
0.9999999633990696
0.9999999846804735
0.9995275238072071
0.0385381907441078
0.0011886793922812888
0.0035991174183640506
0.999835731026499
0.008001392937389884
0.00021458733028778543
6.493510338456687e-05
0.0005611595179870754
0.001982211388111388
0.0018302262543609116
0.003282732103350061
0.009606502932803074
0.036658315375272865
0.9978058645880312
0.9993375673481818
0.01467538846657146
0.0190770659314059
0.9978846791093973
0.002106346062291098
0.011552694532389385
0.9858836714227165
0.003150261350463368
0.0018912497831024
0.03489533053599947
0.9955019461877374
0.9961938228479508
0.12347561481617197
0.016887335045076002
0.003617372043391076
0.0008346981085320948
6.52995446688287e-05
0.00031417002553513207
6.336234008796904e-05
0.0002675850944320324
0.0012998139884127236
6.747372605786506e-05
0.002987029155867016
0.9999999968908979
0.9999999967991046
0.9999999995598078
0.999999999990298
0.0029870291751407096
5.6175140295655623e-05
0.0013134510398614685
0.00026524687750850706
6.334257945450616e-05
0.00031387995150466974
5.134116907290487e-05
0.0007981855642424929
0.0035490375231085336
0.016760937050514402
0.1254045111267359
0.9982276694591408
0.9782806828088456
0.9701935618369404
0.9998178308646807
0.9953894690376243
0.9998269556903527
0.9995597390253903
0.010358936307282907
0.0016178184022652697
3.787910274566375e-05
1.1006053231454871e-05
2.495862469453769e-05
0.0008367521736563077
0.0011459412084191545
0.0015964649252160346
0.002101002674752661
0.0022972772324264534
0.013977143887770493
0.9999872459846234
0.9999997255889956
0.9999997874109969
0.9999957906525928
0.013986745834208114
0.0022888841981008046
0.002092379563458202
0.0015954536939846165
0.0011458003846864795
0.0008366929700742709
2.4955175507601624e-05
9.001780235884382e-06
2.596690173439775e-05
0.0014626105778615672
0.01002515313893948
0.9994258672583043
0.9863458764778515
0.9923855630687872
0.9840357668127848
0.13351875437964333
0.1261312312632965
0.1438299608574748
0.14487502095794758
0.18684993777722303
0.9816151442871848
0.17983081634339115
0.2000253228669684
0.11355898627636063
0.08606478021946673
0.8062955747276277
0.8013170523413031
0.8142342547487467
0.9729484636286645
0.16935970054184013
0.0018085924151101107
0.0014655899764837166
0.0011802812566752419
2.5374051149329446e-05
2.0409214172234513e-05
0.0002647907945141359
4.047718949329315e-05
0.001160171717420333
0.000987977787956451
5.5602904927565255e-05
0.0013989498814179768
0.0027427219930733493
0.009094300576726666
0.9986984537625353
0.2350441183102997
0.0016199605212023904
0.0007626456818728977
0.0005627057381677458
1.685007810081629e-05
7.529788240190349e-05
0.001696102295218438
0.00048268520569039186
0.001300096039250076
0.999224212174392
0.0986861422566242
0.4865266962123894
0.9926511055378371
0.9969407856059123
0.9999996601189646
0.9994210547174959
0.4789716685522587
0.36464395926943793
0.9995563749436713
0.7282004610911244
0.003946234682004723
0.0009087442737157891
0.0016541287740778898
9.28027926782038e-05
2.466539763334996e-05
0.0006059483021670919
0.0007964974239930145
0.0016263423860237713
0.04962594014463939
0.09402084731489135
0.04067990538520294
0.016179523555761577
0.02043017723991425
0.9984984585012509
0.0029239268527977424
2.952556589552735e-05
0.0005060686478318699
3.100019947477328e-05
0.002029851419814266
0.9999998778405298
0.09160757899225358
0.0652451673463118
0.9996228038455031
0.9999928663971103
0.9999929724104187
0.9999962894305823
0.06576421762421203
0.09070622032663989
0.9999997256869407
0.002033209683404813
4.5128158095875115e-05
0.000509388480183337
2.872988973146029e-05
0.0029237943104937214
0.9998582956468595
0.0211285491729184
0.018090684273981084
0.04604087901003606
0.10072416102802573
0.8113101554684403
0.9782011594434832
0.9355949767348205
0.8663069307045947
0.07909089216034637
0.14756522117526438
0.9956107302357324
0.06101440634583699
0.005585854457376249
4.138976789591631e-05
1.8321843663904325e-05
0.00031914022894397043
9.440535466631594e-05
0.00807235281325236
0.9999997214339924
0.0007733667290797941
4.909100623451401e-05
0.002690092945531908
0.18482612123508146
0.9833334989899446
0.837533117810224
0.012736410784979113
0.003566038604628008
0.0013493996479060355
4.055579993011982e-05
0.000506355642133971
2.444994969674763e-05
0.0005357602719006094
0.0128401176407128
7.099980936586814e-05
0.00024664638567140074
0.0006328247271866205
0.000543981252633996
3.8687593898467654e-05
0.0010144018974271862
0.004778904799405459
0.05691372001237838
0.998531802050644
0.9999999878377237
0.9999999703500158
0.9999812046568046
0.9999999325703627
0.05544632442392594
0.004797652011862219
0.0010134776625673192
3.928149819987237e-05
0.0005435620046917444
0.0006334523067489384
0.9999998806133767
0.00024533968750251045
7.45025764392615e-05
0.012842180598784392
0.9999951929612685
0.0005341098431703717
2.5751180610766866e-05
0.0005065553787214627
3.893308182267852e-05
0.0013019536434175638
0.0018903011740448727
0.012733117349554068
0.007414931473464725
0.0019862414821993912
2.6259652343041395e-05
0.0015941825339813587
0.007978160295458614
9.067435866694229e-05
0.00031460740652300423
1.525301734406348e-05
3.8794506442618726e-05
0.004656358125795568
0.06320416997559108
0.03406826465276591
0.020838787405223047
0.9715593844510831
0.2880392203697524
0.15400747672422377
0.00915573300938266
0.0012553129327570467
0.0020195860670164656
0.0021023171149630038
0.0016437352012825812
0.9992880089100885
0.9994240545289811
0.0338477943002059
0.5186072564264768
0.48742758265874087
0.0003123348469739051
6.938316741511574e-05
0.0015208010956037077
2.4934895364925325e-05
1.5664339548249195e-05
0.00026565346048867955
4.491474639478632e-05
0.002964544623780929
0.9999999695441555
0.9999999283012563
0.9999999997947668
0.9999999992868918
0.0029689869380666867
4.040109270209147e-05
0.0002653199752044033
1.495588558919625e-05
2.422903053689307e-05
0.0015224917987620712
6.93842920457266e-05
0.00027513146252677867
0.005938568382923726
0.033940530204071395
0.9988888521322092
0.9989928757529842
0.001084798860973013
0.0012327901782732686
0.000786572852156775
0.0002417505550679211
0.03209901470886711
0.9950531470363946
0.1773041589185873
0.3114621124735669
0.7424820730502961
0.153114381634621
0.0005022279848728717
0.0009415799482803688
0.0018483898537893229
0.9999802513954603
0.0036696427938988085
0.0006674600234344297
4.1854173249422644e-05
7.804410513456705e-05
0.012794877411970607
0.9999857397328502
0.9999856294172582
0.9999855260237788
0.9999855697687173
0.0126509423910669
0.00014412392296969667
0.00012795953761490786
0.000643564964426413
0.0036536474721218237
0.0027747811467673245
4.640189117199878e-05
0.0005299677205929942
0.1636915600694343
0.9566820524907319
0.5677589281445854
0.4724484690541322
0.5030985522951715
0.9704758002841483
0.0072870169553361785
0.00211594685757055
0.0006752179284476023
0.0004461798028529973
0.0011506200178328374
0.0018971684662626442
0.0675422547604484
0.9689069537570867
0.746473859642415
0.9729292713960417
0.9974850151862608
0.9959653675432552
0.9005689086333082
0.9106383698103075
0.9166848115620491
