0.9807580948055529
0.7229248226041944
0.7549485707860663
0.6126020663452064
0.6169413510569324
0.8531763481419367
0.9971097101901286
0.6020316802372394
0.6149390855309365
0.8408160027903286
0.997960599227515
0.9976381049931499
0.14896343327143124
0.07868177270904297
0.9490504696580927
0.07132993245071306
0.19666822935887807
0.07432746269325596
0.4061401534349204
0.13337690508687405
0.0009286056752384475
0.0015475336649235505
0.0035730942415989064
0.0005786966066975152
0.07646783964565584
0.983820271260468
0.5196661463408451
0.9984521844086417
0.004181587362337313
0.000240219206177672
0.001552523711259246
3.9512501062044514e-05
0.0026177418795628737
0.9999953811494323
0.15523519462854285
0.01137819708017107
0.00011876292972190505
0.00043380427485573136
2.0502464236127338e-05
1.7503038630239942e-05
4.0493551496156854e-05
0.0021459837871586895
0.12873066701991753
0.02205998408197818
0.00012032699195030361
2.6950986587670478e-05
0.001353291487856123
0.00026650390086013775
8.679001686684451e-05
0.000266946620107511
0.00012150443739689099
0.027888909776435433
0.9999999996821005
0.9999999979074804
0.9999999982477147
0.9999778577752616
0.02791104522703669
0.00012138761857616309
0.00026705460775633405
8.67974676090899e-05
0.00026780735260911737
0.0012975550168983219
2.962739340373055e-05
0.00015047395849410172
0.02207972112624279
0.1287319356808908
0.013705603438097347
0.0029635380885250084
5.986924652456871e-05
0.0012040936431290117
0.0016257156209554813
0.002455526650212314
0.9998639419713751
0.0022712206605172147
1.6469629453785828e-05
2.5121049217147196e-05
0.0008364254546713301
0.0011438236477350205
0.0015480128773609492
0.0012230271091870915
0.00032285624146954905
0.1001370282725943
0.9861319981859161
0.9999998262223614
0.10128205094082698
0.00027478873260744496
4.1279947815220375e-05
8.601609923641895e-05
0.00026569156033595664
3.4714553249326485e-05
0.00031222879737113907
2.256651803245191e-05
0.0015686625916533359
0.9994338484083769
0.7649260169450415
0.007273282506220169
0.2713093155159533
0.9999999997243492
0.9999996914679833
0.9996117763169535
0.7638367579347901
0.035669162156734435
0.24368947552475106
0.9999999705269241
0.9999999860065713
0.0016974887099988623
2.7893787539090553e-05
0.00031364721573456933
3.472149138883385e-05
0.0002657188938762767
8.598748997590278e-05
4.110261910750257e-05
0.0002819626343916193
0.10127486169626698
0.08626903327922042
0.0003257129811933268
0.0012219751053004213
0.0015462550328143587
0.001143820973311671
0.0008364227360513343
2.50286036327374e-05
1.6562250337859297e-05
0.0021354503550232717
0.999999996775226
0.9999999991487218
0.002455594126168803
0.0016118674344374195
0.0012176661423861646
5.967677043394737e-05
0.0029643741842312332
0.01279113300327539
0.00844675590209698
0.0029724328582225734
0.00143146958474194
4.455237120482014e-05
0.0007334411474690938
0.0011700500460699592
5.0199278849194506e-05
0.0005922276819347871
0.0023535556537325197
0.0024072798694850794
0.0011286634977266674
0.0005368930929093851
7.447117692416239e-05
0.008946032310162444
0.9999785986530321
0.019933373395251697
0.9999646438360077
0.9913849475029365
0.06794499615811322
0.006970167359677815
0.00010015033547006169
6.105171953663113e-05
4.438884993973602e-05
1.1097764726519799e-05
0.0004703857453214333
0.34717316177935875
0.9999999999465587
0.9999999964595111
0.9999996656702566
0.3471728465737438
0.00047008107629464835
1.1370566153967587e-05
4.476296399069657e-05
4.572768496124979e-05
8.096896645859442e-05
0.006940356295609185
0.01911667758610136
0.008757818848252774
0.00010838849323091537
0.000642268070233154
0.001858281684864016
7.620017913845256e-05
8.861259108039476e-06
1.0202334165376747e-05
1.2252619248531715e-05
0.0005045006833865884
0.9999999969883241
0.0004987215076561746
0.00025457428179098684
0.007251504980077983
0.009842008746593467
0.008414233797029658
0.00010415395496399249
0.0010161636569380184
0.0014589056017298985
0.0005921461058417954
2.77706985327697e-05
0.0005533811965048319
0.24690190232446696
0.03886755315523516
0.00012315378877458816
2.1546983958731225e-05
0.0005061671360722109
3.4914603463498395e-05
0.0002656652262432724
5.5592392060543894e-05
0.0018398844525649993
0.01318693130650117
0.03911566190603388
0.9999930784791226
0.024877313319577654
0.002562533041029935
0.001265856169356372
0.0001731803636065843
0.0006702096684111369
0.004879545739011282
0.9981359577497289
0.9999995902340792
0.6334985221846645
0.010685984011143734
0.0012090517619252061
3.267011385010843e-05
0.0012408779269750259
0.000876309526488539
0.00019068812343003838
0.02021702321171459
0.015684853545469224
0.014311165702137085
0.04243846033205523
0.0003683259858594523
0.014425562105452538
0.9601687032093355
0.999999953154854
0.9982717941199875
0.9989134994578519
0.05725083365559114
0.04320979537943559
0.040650982855547024
0.005621292378199416
0.011638422559820616
0.9538921687457197
0.9689540837859446
0.9655813417719861
0.9999615305874668
0.020198852144378332
0.00021568383488457243
0.0009036284229578806
0.004489654361933604
0.004322360441027184
0.00582495854374343
0.13941566973068442
0.8683414372801919
0.6352503136374044
0.9943790962208301
0.9936267223125337
0.003928472435463903
0.0007071523534627477
0.002220013823807654
0.07938389196891149
0.08117505861215035
0.00892134257764976
0.856683769191457
0.981920661838207
0.057694514302305766
0.013009705018968587
0.002010591534446826
5.524434791204236e-05
0.0002656388735611248
3.494086721000933e-05
0.0005061872125705635
2.144557285310711e-05
0.0001231891496986659
0.03884423545737148
0.997088978176274
0.23140329443903795
0.022059654561494613
0.0026172972878260037
0.0005754744300138226
0.020778375736426602
0.9999993350358245
0.9999982867339093
0.9971105098896227
0.017460944181076132
0.0033111318920761024
0.002971508337408557
0.01867672925723307
0.23437201575191768
0.03888411496836619
0.00023183934343529167
0.00029626044458885836
4.6525840361466564e-05
0.002944969027781963
0.9952529698782884
0.07934949112958933
0.0035455621480692256
0.0012765852978946501
0.00023349845771747368
0.001475036632054616
0.0068529130419425766
0.0067526668009562085
0.2513681260278984
0.9999974319289138
0.9999569110617023
0.9999988282822136
0.24672562415411514
0.0017265497881072678
0.0028338950506521243
0.0017918890805899146
0.0006377041895594404
0.03139876514465334
0.038466544543097836
0.022563743910932632
0.9999999426151508
0.9999990913674808
0.0028620764272754284
0.00010351564809796265
0.00032512347695690114
0.00023512956252846884
0.03892385637794826
0.9994561041474364
0.2467104906682176
0.0005642725699421813
2.6364811807400024e-05
0.0005921275847952101
0.001459349083403172
0.0010825492688190108
0.00019293982605061988
0.008408262132159394
0.5046940266553768
0.9997916267923211
0.9987179364347376
0.9974181163540933
0.5034985471537076
0.01271025638406209
0.0004105990152521999
0.0004905303299076458
0.9999663183647974
0.0004999987028586617
1.097320029652682e-05
8.921300496234075e-06
8.882160388412608e-06
7.617949237936905e-05
0.0018677956783811345
0.0006438689929583186
0.00010058323871731112
0.008762918842752598
0.2528071078997485
0.031161789262476147
0.007079875097438015
0.001785637774717852
3.644737882280147e-05
0.0009691628919695772
0.001149381072691913
6.586340480485564e-05
0.00018031998645118286
0.013766325648136513
0.09142636448578556
0.9457950465278822
0.026771070964761834
0.0008607940929280522
0.973551008484295
0.9999334593689974
0.00126905446731862
0.0009366613344429231
0.0013743620606240237
0.9999931798135492
0.9999928061735429
0.9999913624335122
0.9999179827292026
0.0013888729118322063
0.0008713651366091257
0.001329501602848393
0.9999999720287632
0.9999999035843842
0.00021471713266851822
0.0003552913194599938
0.999999672872308
0.03784726859038212
0.9999999554196787
0.013705512959124366
0.00022836793912672793
6.580260306365826e-05
0.0011487854008273013
0.000969817786200533
3.6458276231776665e-05
0.001794723381249974
0.007069936690481726
0.03140922715355243
0.3014291945340639
0.018677252765394003
0.9929361895239202
0.008619010282854167
0.00010281064064543433
0.0005521884336937566
0.0011283815088539706
0.0024072168390173454
0.002353122295268628
0.00059202597408059
5.025176392181585e-05
0.0011699903476233287
0.0007333810583336486
4.461950252054869e-05
0.0014437254004465716
0.0029869351139952816
0.008419410987222653
0.0023980903862754754
0.0009441800956242474
2.6940199780556284e-05
1.565351801235959e-05
0.0005223477807095867
0.0009786508966539431
0.0015108139376669438
0.9999433845054317
0.999999998831919
0.9999999301084492
0.9999974444201982
0.001454355407440544
0.0009812740691437227
0.0005222803396790487
1.5717152504035603e-05
2.7018486369101424e-05
0.0009357720070269915
0.005693703657629223
0.004516919879334891
4.302386416266124e-05
2.0053458727797846e-05
2.048852017744185e-05
0.0004337043074836844
0.00011861228216181186
0.010454882334050564
0.1561624065495637
0.0026151881952448663
3.91192098175841e-05
0.0015467794268578805
0.00022483373079706936
0.00415024262739061
0.9676377573286419
0.4835626405754253
0.9717180064269068
0.19204353340467717
0.1338543606666719
0.13186245037999678
0.11238238620153873
0.10928288648530116
0.2359891998665099
0.8716925983683188
0.392003074415182
0.8679945409005607
0.8646514864273023
0.04291518334728117
0.058470141886895366
0.01343299179945645
0.019661668890371686
0.11394220256353493
0.9637147165086571
0.555662844373894
0.9896190622798884
0.9958773585095325
0.024158979854607354
0.930914518696585
0.007915704155413872
0.0001029553212572587
0.0012655402656099879
0.0022633259989187637
0.0011980268469351518
0.0011450773007315451
0.0020153526410584544
0.0015921539785604955
0.0011454077506634075
0.0008365129835603557
2.4918807219109773e-05
8.819415049821089e-06
3.961552329634355e-05
0.0005247691632773721
0.002692741513313779
0.005189639382103262
0.03714178708221616
0.999721559784629
0.9996983515595055
0.9996821268069308
0.984923399441359
0.9997130954224944
0.00703117805757103
0.0032767721080889656
0.004241735837543614
0.0091613717348894
0.9995002883621068
0.9996062598270001
0.06233274924125565
0.002036908528298187
0.0013483114060688361
0.002163854260141984
0.9999768894677556
0.9975395065158275
0.9999431338884275
0.9999582965149575
0.9999962561982391
0.9975322785102559
0.00209731477846975
0.0013059914333172218
0.001955805056339077
0.06370686168477158
0.9987413660764217
0.00950063616047081
0.0033884404681013836
0.0025891703262598265
0.006825601289068395
0.9999682493987376
0.9999655333587752
0.9844614461487388
0.03767875971794821
0.005266427931278739
0.002348316240953663
0.000283545009917896
3.962606150009762e-05
8.829475451332947e-06
2.4916498133742415e-05
0.0008365401366325909
0.0011454919374611627
0.0015926515052629986
0.002053472518471544
0.0012136972066304486
0.0012768692143960703
0.0021946773872273395
0.029018065647521074
0.044581377218411045
0.062483619478991614
0.9622232840886613
0.05885851208560444
0.9386860078993207
0.8821519127549525
0.5317954691463169
0.05110422600575615
0.01337423806757898
0.0036119828567344747
5.6085289138363414e-05
0.0004889146284250412
5.6624927438742034e-05
0.0010178450676973094
0.0010034001268989234
0.008016790718274769
0.9999998952933263
0.00293386522751371
2.7919230571660236e-05
0.0005058899042105214
3.096144027181502e-05
0.0020297270778013576
0.9999999690043639
0.09160643014154146
0.06524404382938598
0.9996228174361976
0.9999940005333537
0.9999941247829682
0.9999973774223647
0.06576390356546913
0.09070590091523079
0.9999997457715214
0.002031952004748816
4.389224637280087e-05
0.000508748368680978
2.7925101790171603e-05
0.0029339318085563892
0.9999996486038435
0.00800787754544352
0.0010032307219524084
0.00102081848029012
5.734474311469562e-05
0.0013567745412870202
0.0008023175158130558
0.001428260907240797
0.0016920048333944893
0.001923958315674601
0.5052460179648404
0.9999121051024611
0.07892250243195864
0.0015898155476240516
6.720878485433346e-05
1.6430327674843426e-05
2.1245921058454798e-05
0.9999640973376094
0.9999999869855444
0.0015338044261300476
0.9999980657319694
0.9987404980344865
0.001639405023924012
0.0014905224590590072
0.0006345595095716972
0.0005436576169154383
4.648514645522184e-05
0.00042984596227624294
2.0494063732168222e-05
2.2701264685731637e-05
0.0014580560252019925
0.0005184422272196398
0.0005271506361331779
0.000538521046302809
4.6957658991764184e-05
0.003707589850764803
0.9988246289988971
0.003041803588554326
5.010676355121646e-05
0.00027464936435317444
8.19655102939354e-05
0.006902386436868024
0.04269127065150902
0.9902179813699671
0.9999967394520616
0.9994709154534698
0.9999990324293652
0.9998835212742416
0.9902181261864
0.991335580971299
0.047595175197743034
0.010250687500187317
7.756531963387658e-05
0.0002701891082181884
0.00014881980693715047
0.0034228811823631133
0.9999999953384101
0.9995214522069445
0.0025315135725688664
4.976616370111486e-05
0.000545798898184291
0.0005205267629274646
0.9610554792250403
0.039462975802924904
0.0014582690319417946
2.2573128752867433e-05
2.049975874529597e-05
0.00042984641910059906
4.706685394384458e-05
0.0005430758925353274
0.0006346698120293093
0.9999999999881701
0.0014905863979229883
0.0003784248702852766
0.9999999998141437
0.999999999890106
0.0016180020872937906
0.9999157901647714
0.9999999906492271
1.522978317358703e-05
1.0608226141184396e-05
5.843137695671352e-05
0.00301463697455695
0.08420262605448414
0.9738029754550315
0.5071359932480488
0.9499373125602845
0.9893021254422413
0.9993674593400838
0.9979201145830755
0.1388166489458107
0.0007526863470646017
0.00010797991537081497
0.001532343036936501
2.5104674641784896e-05
1.571456622462275e-05
0.0002656731550739755
4.4916457678456645e-05
0.002964546242933741
0.999999967186744
0.9999999279548656
0.9999999996649108
0.9999999987452933
0.002968991594238357
4.040520903692002e-05
0.00026532835736492455
1.496107629783694e-05
2.436050133536316e-05
0.0015297233621111017
9.146307160567968e-05
0.000744362517222763
0.05574730961144969
0.3530290237870558
0.0036404068432636105
0.0008946014394568547
4.462530054372138e-05
0.0009836721806366633
0.0011549578238162495
6.534707643657267e-05
9.040442460050979e-05
0.00036792984984101995
0.0011656560311991138
0.9864299337332877
0.793431078388468
0.044462584720211695
0.000148318468740527
0.0008566480133770371
0.0018395231319709993
0.9999991517899662
0.0036551314800403745
0.0006542013895105558
4.1705438110772874e-05
7.802992803307429e-05
0.012793218533717732
0.9999999999854432
0.9999999999180272
0.9999999659213219
0.9999999999067283
0.01265103583470828
0.00014410487296057095
0.000127912034147748
0.0006432964880429548
0.0036530053112634464
0.002683638809154343
1.4663067980258404e-05
0.000148483248435749
0.04447209295261079
0.9864297552855764
0.7853503688055541
0.006976754803233787
0.002628028764038559
9.040866068765752e-05
6.548429695374391e-05
0.001167057594768539
0.0009824520502833556
3.705270736709121e-05
0.000613260889724021
0.002367237553249524
0.059692273585593814
0.34629121678327335
0.1489466043016351
0.8013980922552415
0.9892888041044317
0.914535838006402
0.8858740793945488
0.9696618523677322
0.9627639579586552
