0.9778670342216729
0.9117705245180094
0.9368628583578031
0.6568998190596574
0.6369334333637804
0.6917597454876635
0.9967322690681769
0.4726795186778552
0.4723996226962466
0.7636135655700045
0.9974554035901019
0.6570709442354372
0.6092670331025531
0.6747825854176901
0.5563172435725423
0.6667146245533622
0.7319679700178636
0.9884679497992361
0.007866126749830782
0.008858301892861853
0.9997505836256861
0.0008554263898672421
0.00033517150689521547
0.00012447843511675938
0.03954646767038417
0.9983825721566586
0.002636449416682951
0.0005288482731928834
8.794049350568933e-05
4.848393467382639e-05
2.3407411869125205e-05
0.000709684610362693
0.013017816596790466
0.007400401725799921
0.002101865340654485
0.0011609875695438587
6.279763183647535e-05
0.0010007214698106726
0.0007318369372335543
1.7329974334678866e-05
1.8551804634392433e-05
0.00015726039698304994
0.05615827085180469
0.14532053288952795
0.03890676581953145
0.0007671567507384625
0.01189283307271538
0.0006203561536144431
0.00010189974884622366
0.00028931856279745816
0.0005188714518361559
0.999507197937443
0.999991501094478
0.9999498541011625
0.9999552386185572
0.9995302682823182
0.9992713232722777
0.0010104661939975834
0.0004712041421643942
9.919071818909053e-05
0.0003025543142624043
0.0014918700085374548
0.0007488917975100318
0.007811474169381327
0.09707405832764626
0.006892447428972659
0.0001097738818857108
0.00026951444596878815
4.0732283856481644e-05
0.0011979252931546558
0.0016220491970987405
0.002452294558632051
0.9998639627356246
0.00227130109480278
1.6558696958268726e-05
2.52189565121963e-05
0.0008366901112865088
0.0011454418725292959
0.0015599407237895102
0.001347977474559614
0.0002169277614816334
0.014860592106981652
0.016533574610633428
0.007375871794660482
0.9807226351781508
0.001070299974763822
0.000526964832211041
0.9998281667055664
0.005273070068150698
0.00010409581326054074
0.01360556337237695
0.013285251220233829
0.013902476029685529
0.9999372379285335
0.9998733758951065
0.999865975030689
0.9865949418353527
0.9866725415949121
0.9972945113729423
0.001582144358022064
0.001189751983688092
0.0006822422966773489
0.00011860794265750041
0.006212826270963201
0.9909534615943791
0.0006460286768585899
0.002936498415963773
0.9883063426396227
0.020913351048663764
0.029091628844963524
0.9996335661486196
0.9844790579134624
0.9850598259365422
0.9864558667606432
0.01937102000106128
0.002013636044189915
0.001344859484389449
0.0015618066546387865
0.0011454971551198012
0.0008366113396112151
2.5029416927946357e-05
1.6562370808825833e-05
0.0021354492219045618
0.9999999990577298
0.9999999986413978
0.0024523220829769654
0.0016082750837582704
0.0012114946488800404
4.071822787554691e-05
0.0002695190444933493
0.00010981345346194882
0.006742968516336045
0.17811373558836852
0.9306091756225747
0.009817163313286192
0.0028536255130577892
0.0014215666820059925
3.4072550167407734e-05
0.0010354212606672464
0.004282114129580905
0.0014995600379545948
0.0007056945430177208
0.0013879354912914588
0.00014568678315807215
0.0005688282027114244
0.0011802208053027785
0.19185039643379664
0.9999997573650933
0.999999702363807
0.9999813274368788
0.1918419073949449
0.0011986107677209867
0.0005827356613902213
0.00014678192330197515
0.0013810131883525978
0.0007054520145772791
0.0014993550078916673
0.0042821946015504375
0.0010354236804072103
3.413542401897729e-05
0.0014000991184456302
0.002820289929304276
0.01194221407548246
0.9956069689209974
0.02477960603085705
0.0005114638869920807
0.0007816755416695242
0.00044540625389244415
0.007218032344294412
0.99474741745895
0.02502094252228615
0.00902528796750457
0.0002545209872909515
0.00025394164299819
0.004509256940242956
4.8019865597326294e-05
0.0019791856586747203
0.9999999191740765
0.008557927455183911
0.0010999195038057241
0.11089898389863329
0.999141621583695
0.005042433681374803
3.1980490298177955e-05
0.00027601505810759264
0.00016018510993909274
0.1910389879686818
0.9999916020870884
0.9999789223900307
0.9999634199157551
0.9999985151794442
0.9999987674591275
0.999998831068632
0.19100329104998537
0.00013038978222956743
0.00027727581026582016
7.37605298768429e-05
0.005084209399193629
0.9999187557067796
0.11004140823148512
0.0010996527010939117
0.008554235802205823
0.006110075640864188
0.00017469305572215266
0.0002531159069733002
0.9690141792822964
0.012920325856890291
0.018574716188348828
0.009046866972766132
0.02198164769524813
0.191367705122941
0.00043239804845696117
3.268081920071442e-05
0.0011738975539973273
0.0007522655524512256
0.00014123092496198808
0.0201322557319914
0.01568492851263814
0.014312193738619028
0.04244165348962736
0.0003683578929661868
0.014425487148812643
0.9601661037313645
0.999999892309966
0.9982716209713504
0.9989134409971613
0.057253451283426515
0.04321245041591615
0.04065358509313277
0.005621541432287547
0.011638308753410986
0.9538966810581558
0.9689523406694319
0.9655793919733836
0.9999628031072169
0.02011376751168381
0.00013612490038028557
0.000753661533136607
0.0011750005834009203
3.409139049237453e-05
0.000543529514010821
0.19133789030448178
0.005140121000483666
0.0003932548469477437
0.0008287425150360628
0.0005207719248488951
0.02057382610425129
0.9970251030281558
0.7797151380966268
0.7708480615658974
0.12084978813445724
0.009755548955434512
0.016442325580030337
0.08128303047901286
0.18364220270072806
0.9975671181850005
0.9966120550818873
0.9964561052115195
0.20314396528533485
0.04081601489350961
0.0012870351966632887
7.19308607652902e-05
0.0002841751740154663
0.000686019458341236
0.000918116479994513
0.0016568424899504608
0.0007411647330354265
3.166286610156721e-05
0.0003066411497666399
0.9999992045590592
0.9999991843352745
0.9999992096015886
0.9999925274249062
0.9948825619819026
0.002784562145530689
0.002674191072722043
0.0007404125374708137
0.0016650755944039863
0.000929336479240428
0.000672787147297127
0.9999648566460264
0.00024540637119663256
5.320894064297921e-05
0.002027565942267273
0.0030702928844810184
0.05265557081456529
0.7736304884643268
0.013729275632363369
0.009786737932558687
0.008090996144881624
0.009741231307376808
0.3380999914925219
0.9973897797584316
0.030954183301704852
0.006138792774500135
0.0018707586112035601
0.0004946999606771918
0.005373711069053044
0.04869161066215877
0.3425477899953324
0.9986359636393599
0.9988187961385162
0.9989661317019236
0.34403313253574486
0.049764138130120816
0.006441097610387914
0.0016130084811655232
0.0027113717669406956
0.0061114878872113865
0.005649952270133984
0.22289534773802777
0.05541340185442356
0.00014308621990233306
1.1174771658906124e-05
1.6958122027399547e-05
0.0007319948904672691
0.0010081689810951255
7.128713205462045e-05
0.0014528489467642292
0.006737363997739609
0.007100032209872098
0.5516342493634423
0.9937830616325461
0.9964087124321315
0.46653345712933525
0.0006797851937877519
3.561733605661477e-05
6.388902755005699e-05
9.81650165230441e-05
0.0005291796508976043
0.0026160264364891717
0.9999923871381596
0.038254868148359544
0.00021153083298319775
0.0005146904510663353
0.0010099316075099507
0.9996403570114616
0.008395349364733407
0.006730201474330011
0.9993356154805345
0.9931157686762928
0.9813334747584849
0.9390326560471336
0.1327414922272634
0.007206034295046959
0.020694299496218815
0.9999300947524196
0.0008643161050467807
0.00013393049385179712
0.00016239495650982594
0.001040534232929713
0.008436409891801389
0.9999641718924162
0.9779551991581249
0.9999922949814667
0.9422633235739454
0.0032171130149544203
4.911508919902552e-05
0.0005100106016385775
2.895242342193516e-05
0.0001805583059744098
0.01493334590296791
0.1398217072688187
0.9967836344878682
0.9995275552870427
0.14491447467968221
0.041959620929572505
0.008003255039216062
0.0029590312283168663
0.0021971977710881774
0.0005976822157607309
6.588143161734283e-05
0.00016255955022992374
0.008055025372241453
0.003780692165777033
0.0009141791362443641
0.03817597361267522
0.9998174082941292
0.9999999565260043
0.9999999810551403
0.9995275184089921
0.038538199732596645
0.00118869040992986
0.0035991283070450075
0.9998357257718236
0.008001637608071599
0.00021484437625496344
6.591237844877362e-05
0.0005978117048632825
0.002280367439946418
0.0030212866225020063
0.008057613285439191
0.041302776520582896
0.14706055713681399
0.9980543513467941
0.005084372739835752
0.0006864207563302971
0.0025698598986514387
0.0030544050718402938
0.9976370974532189
0.12626137400098847
0.019058287280642183
0.005360255500501898
0.002750105214635701
0.08810607320107244
0.9978586688935219
0.9981258060607886
0.1234893519588608
0.007952486864103436
0.0025261780237624265
0.0010088145655416936
0.00010192173021050799
0.0003158026312489737
6.334982650424426e-05
0.0002675853504670034
0.0012998138513070634
6.747370308313183e-05
0.0029870291357886325
0.9999999969318688
0.9999999968237244
0.9999999995663674
0.9999999999988007
0.002987029111812478
5.6175061746044364e-05
0.0013134508227853336
0.0002652466920591845
6.332216009319325e-05
0.0003158312236766214
5.3495187548158185e-05
0.0006402599821401234
0.0015439962369178106
0.006148239746164741
0.12438363277557496
0.09021674211364172
0.004703421444814726
0.004430750963125174
0.018068880060427284
0.12361115463154959
0.9990588521909675
0.9999573507776586
0.003589285629070571
0.0009555105134360087
0.005787940683283255
0.009530238941113378
0.9833488667635306
0.9998216677814185
0.6576205785974301
0.999875824044321
0.9999477885621695
0.025000645358275175
0.9431401660080618
0.007599122857004592
9.129284241016222e-05
0.0011557999744646885
0.0020484767568751394
0.001177391468180522
0.001141877197033847
0.00201369225916348
0.0015911599415199262
0.001145304512092049
0.0008365059628031579
2.491828975648147e-05
8.816151880641776e-06
3.768277796545316e-05
4.4522097991661624e-05
2.1615905877903074e-05
0.0022103674939717433
0.034390491328215034
0.9999226459475519
0.9999031995554549
0.9996775905174432
0.9851201604942398
0.9997055349030411
0.0070538168969709325
0.0032996827513092075
0.004270865645328192
0.009190167887702771
0.9994998434386109
0.999583967842465
0.06326358775805774
0.0025034319157076768
0.0025863112372800368
0.0025435915368753337
0.9999734296513606
0.9970659717104614
0.9999286040964636
0.9999305374892581
0.9999659302318247
0.9944284440336015
0.0050936910554759685
0.0019856023463588057
0.0029790974475419896
0.06466809428847131
0.9987405281293155
0.00950002527096161
0.0033899819625513583
0.0025929204452056487
0.0068522482666819595
0.9999677619184564
0.9999681264151655
0.9846709480517029
0.034920694989346024
0.0021232194066300725
2.170894728115158e-05
4.453929337233653e-05
3.768287404914972e-05
8.818380746067334e-06
2.4916331209046128e-05
0.0008365283172784288
0.0011453739523481499
0.001591563127355311
0.0020451580421272375
0.0011985367428171134
0.0012424700561932678
0.001991741497735955
0.024072684480802575
0.036816849818643194
0.052339501142437905
0.966585389140747
0.05232274952784999
0.9531729433851445
0.9435228741005918
0.41932256238378196
0.0034661365731748495
0.0011471319787274004
0.0003223436874163488
6.526679315610462e-05
5.077116445795227e-05
9.6293801203573e-05
0.3678924260534552
0.018128084399383626
0.6293951282786812
0.999999720722272
0.9997934685154126
0.9997647220066159
0.999763905443565
0.01411336728158541
0.0010422137690018207
0.00010099886539438607
4.839320413807524e-05
0.0002456097989428363
0.0005560652248709497
0.00023966514189621702
0.003132255232757397
0.9997596891486104
0.7985329907692811
0.15789892641124892
0.015079424275578068
0.00023418613202108585
2.9515711789329657e-05
0.000510815755618732
8.519417636332349e-05
0.0031808410347184957
0.9999634537713366
0.9202553266807285
0.9999985582261217
0.9999659511044546
0.00841113453668485
0.0011058013077256401
9.657728848000424e-05
7.913745926679816e-05
0.0004822278576057659
0.016644285587561036
0.028092983400686
0.15343273301687232
0.27695965058565164
0.04126958743703357
0.00026569784531249585
0.0001463710603705204
0.00045004297867456966
0.00018967230143240865
0.008166137327306311
0.9999208472738162
0.0008165502570611771
7.635521728510675e-05
0.0027169325796443378
0.18484342271687804
0.9833255533580015
0.8375117109057522
0.012736095895269028
0.003566017965796031
0.001349387438152827
4.054911744910683e-05
0.000506351501130653
2.4449784773672434e-05
0.0005357600808948426
0.012840117633696635
7.09997807409879e-05
0.0002466462716862461
0.0006328246472482313
0.000543981233368851
3.8687576056073425e-05
0.0010144017977038455
0.004778904701424724
0.05691371991830707
0.9985318020505289
0.9999999878629311
0.9999999703521499
0.9999812046577574
0.9999999326449616
0.05544632440445729
0.004797651982983209
0.0010134775628407588
3.928149761267541e-05
0.0005435620045181055
0.0006334523063044051
0.9999998807398435
0.0002453396833014265
7.450255728513877e-05
0.012842180440334583
0.9999951929994788
0.0005341095031521359
2.5750841832650195e-05
0.0005065538201408648
3.893304394797514e-05
0.0013019538526520824
0.0018902920019915337
0.012732750362863254
0.0074177875991656705
0.0020077748946232266
2.900048020670898e-05
0.0015945945392794592
0.00803025268905655
9.922603798617757e-05
0.0003241089273748887
2.7344251559258126e-05
0.0001641273628858464
0.058218246899499504
0.29354079846741665
0.9504767257565477
0.9906616067476403
0.9942071972680554
0.48616260544006695
0.23359792736289697
0.2109897861531389
0.9950597948213251
0.997850316423914
0.730427102956066
0.6161227924309147
0.9557447348003076
0.9679596917407984
0.934163993203009
0.10761918898419887
0.01489440403929465
0.00014084056076746343
7.614949249634684e-05
0.001528405906684016
2.564492720680267e-05
1.725021946707983e-05
0.0002705811209937625
4.5050607411778465e-05
0.002964638852653634
0.999999899044358
0.9999997156131113
0.9999999773744432
0.9999999407834771
0.002975843373481779
4.723851048427097e-05
0.00026644438630130107
1.5081976494579763e-05
2.4350334957068398e-05
0.0015234244151953735
7.466807085665383e-05
9.729319225415534e-05
0.013556964412229311
0.10903927003729896
0.008007126165150202
0.002548935325226487
0.00036327924164014647
0.0011337666000800217
0.0011773524926019796
6.669767929667891e-05
9.66929476289291e-05
0.00040439397612601624
0.0011791337138612468
0.9863887315279665
0.7934351560442819
0.044463744570807595
0.00014834639966432306
0.0008566509731069427
0.001839524269613757
0.9999991498949309
0.0036551328444385245
0.0006542033965872829
4.1705941802416824e-05
7.803012174922852e-05
0.012793218710642873
0.9999999992322581
0.9999999988344974
0.9999999647708782
0.9999999998690445
0.01265103602030293
0.000144104891115715
0.0001279121374851977
0.000643298087827815
0.0036530059298500728
0.0026836441002097144
1.4665638129462977e-05
0.00014849523944981957
0.0444750479616457
0.9863882916696184
0.7853150480854485
0.00701407275929844
0.0026975012468043458
0.00015724602724920267
0.0005890392617240447
0.0017518276003591904
0.0017897798203432291
5.69474956101379e-05
0.0010527010528570413
0.004800529834424694
0.45405667289872786
0.4107232834309743
0.3530533661470905
0.9633161413053317
0.9830382043133458
0.9708629042682771
0.9517356478916441
0.9821129009136609
0.9982603275672061
