0.9714672480969112
0.9845275075721008
0.043553804769759896
0.0037753566539100447
0.002910378575038841
0.012785201802618884
0.04993862838755503
0.1439539153094671
0.2670861734450355
0.32300936930281243
0.3627343271047794
0.02566593089754876
0.007886917507417657
0.009658221344774454
0.006580159896689364
9.416619308721952e-05
6.322053414675732e-05
0.015159596513197648
0.1792019875336215
0.9999490459929489
0.999947134378384
0.9999470252630553
0.9991639243637733
0.17999287448101786
0.01524696760254629
0.00015069436352599386
0.00016323822787744913
0.0001781371955875688
0.0022420540695234914
0.0095190210537196
0.024080351715815684
0.7281128603593718
0.7401225066233633
0.022754013562705455
0.010006006899604847
0.00027773878291748044
0.0003449415611079809
0.025247970390848695
0.3270305542429164
0.9999871327750894
0.999990265817972
0.9999646866003788
0.32752067297577236
0.024771063530724002
0.0002501915796271348
0.00032450281636564604
0.0032004898699812268
0.12165231967476031
0.8472030925570758
0.699845375010475
0.694122082558606
0.6759939225933083
0.6852514470319813
0.7868270442900319
0.9755987007758864
0.8387551539783696
0.7848959307810728
0.8360397701379353
0.023334055674045673
0.004544743375433646
0.013386087245614742
0.0058687233516321324
0.0005281337827287569
0.00037096599577179923
0.004316904028578095
0.041646068971126216
0.9995926526659543
0.9999477989044976
0.9997040339902633
0.9996278142403839
0.04137431993055041
0.004018903401187712
4.6794196350452566e-05
0.00014868375079302165
0.1838897650155482
0.1962274827707634
0.21547281773462623
0.04933646867838126
0.41007759140213307
0.8832635733481675
0.7989962126590078
0.6263830688834262
0.41550652913503094
0.4399804428587958
0.6322015119232984
0.9233059766379463
0.928471780117549
0.9495965045342016
0.970562343984567
0.9688625178445246
0.9655846675299552
0.02737823161278352
0.007340743727712873
0.058112793113365924
0.21864779208150675
0.10851256886878069
0.06448197019544188
0.0400556339238084
0.05634799000616819
0.11127991962951789
0.9711802668464995
0.9351949895097914
0.9747428920629286
0.19725978180706294
0.07386634566942285
0.058894435600005735
0.07530014924863382
0.21877693291973244
0.9973018976419364
0.9959726059767499
0.9973675036788265
0.05863946709121537
0.010636185278355859
0.0019023165634760586
0.010195478117740242
0.0074846976602650495
0.3407670373939331
0.9835341941925958
0.028547656750994133
0.025672259045537715
0.9978241851979867
0.9975801726786789
0.9992762692361565
0.9829561611308459
0.008712047753796082
0.011520308572135485
0.980242364624371
0.3401984428443722
0.005678331555174165
0.0018285169986997918
0.0004941451124953478
0.004987885264098879
0.06031154774215397
0.9966463439984607
0.9934460050256132
0.2644741179125589
0.11746684223809378
0.006110033190988684
0.016797340783009984
0.1132382735129317
0.8555772171473841
0.8049134853858363
0.9467243823047347
0.7136826988004493
0.6197904018300076
0.920443354421298
0.27266819818818644
0.05779807167369111
0.012103664009007864
0.0032546689023117414
0.00457302293776074
0.006937058846569255
0.010859288140984136
0.06239817278330051
0.9983795137037235
0.9937984625536807
0.579477207078071
0.6227280367010783
0.9988610752143384
0.9961233596726355
0.9922216776074453
0.007675316176803726
0.002723197233218344
5.009006751588441e-05
2.1153908818738465e-05
0.0002927646039910803
0.050431224982179
0.792069075376015
0.9998234036246906
0.999893404865234
0.9998282840115803
0.792083772592768
0.04893929371361594
0.0017346006599465724
4.579540832705398e-05
0.00014093788081781522
0.001130624462981733
0.003222392969611021
0.9847008122183466
0.5997471807499879
0.557494032595067
0.9826557044248997
0.9843647537844804
0.052907020111798264
0.018656193428531642
0.006845363320572839
0.0032518226156216246
0.0028146722415182124
0.023952312562779188
0.06137849431863607
0.16691051900071352
0.7789913487030229
0.66517748545969
0.43639433269727745
0.10702136788223493
0.03418644951775296
0.03594543237656189
0.028577654119225193
0.06624853194536295
0.9813181449110837
0.9754258018644472
0.11487102777500258
0.117774931209921
0.9490065211169034
0.09410228051222946
0.05419547973142702
0.8629361360392387
0.0341113661489264
0.14016423647892773
0.169037249948101
0.22538629046024738
0.9795513878193005
0.008548998602064595
0.0033642195258218877
0.0018862642916438466
0.007714285027786372
0.013999084834619202
0.023892758684598503
0.1083707620151032
0.9925999606769327
0.20078426686016182
0.08317633139692715
0.02850862901963458
0.01772580519640976
0.002436113492677361
0.003794647269677487
0.06096487016917107
0.9723955978183791
0.027615464959650837
0.0010248956425864542
0.028054844924486955
0.449309646627678
0.14988053909336885
0.005622189040496051
8.369319284717847e-05
4.533308079135434e-05
0.0036481342159766506
0.0461090416131098
0.5225501567242792
0.48766911464354035
0.008225028315551053
0.014498802729157378
0.1343951996128273
0.12515997334522777
0.18252837228150476
0.011202946420239335
0.0008230576092321806
0.0011755806999944607
0.1479007287325378
0.4092133188229443
0.8658933324372147
0.5411358190936775
0.12053753733585049
0.23674634305557163
0.8681522417609493
0.8561799477068517
0.017330158312391042
0.1619598799719183
0.16310399148700727
0.28090896925702247
0.9306668057421635
0.42030634366761666
0.9992368156405723
0.1902830024485903
0.015481826433489276
0.009172584982226839
0.014648762189090947
0.9992856470533613
0.03198888944233491
0.003616039925302905
0.054531726850800544
0.9998001494949172
0.010380863712646682
0.001151150483512664
0.0010175908476669493
0.0002146005397859474
0.014971981899973286
0.9999837975327569
0.9999785076133358
0.9999780093877555
0.014971406392591757
0.00019490865095805887
0.0011409493761086464
0.0011510768177943609
0.010473451893593388
0.9992582711521749
0.0551828282695811
0.003920183427477575
0.03145903206287448
0.9993181694645269
0.999294289115045
0.014121405210113513
0.008838149391558692
0.07927644821054491
0.2714664802103993
0.75584725344979
0.833104939743221
0.9416149459405282
0.8820916478764085
0.7161512052440386
0.061003839958369666
0.022537114977988604
0.15580928355344958
0.007724147577208296
0.8369419021965643
0.13056638571316026
0.19106838021077133
0.1663472977076179
0.19069245247991962
0.11964194481906365
0.11964821655775215
0.006862476219073654
0.8760197096514768
0.0583419790871057
0.1206706248252628
0.1295374064151138
0.992764203815518
0.014296389958904032
0.019756164100961593
0.022390247361107507
0.04791406219418226
0.0019783397825900995
0.00012258898396222406
0.00016959800916671597
0.0057729814256867185
0.14944451253327273
0.9725622166407082
0.422299806767955
0.0008663692132124812
0.001023681161895107
0.028177230693729127
0.9735544092774389
0.08895965797614336
0.02781272314928729
0.0249099968244596
0.015434271390168286
0.03113928504055541
0.0825217904566995
0.1956331202741648
0.997391124289682
0.9954120710815435
0.2614963244712426
0.13379033407883767
0.1550211093835041
0.2862380007098213
0.9847435511639996
0.9949246877056659
0.9929451770917679
0.9935646457140384
0.9984757341658107
0.9971482533128682
0.996853720518366
0.5582078418171801
0.48027313913686476
0.4878804025626239
0.2774507866156588
0.6721427494573099
0.6743564472160753
0.7026647116246043
0.9857717669275539
0.9952710581345
0.9940406429273032
0.9995820610379386
0.004596950355170604
0.0015765187886148668
2.3772073751149314e-05
2.6370430387889776e-05
0.00025565816335060276
0.16730003245604164
0.9999590984491975
0.9999931243825874
0.9999928144977018
0.9999842809444244
0.999990417560081
0.16729212932524917
0.00021006880728591248
2.054014916508251e-05
3.325861855552059e-05
0.0016217379972872648
0.0047336128579503756
0.11288311393908224
0.035426851885690724
0.024714111011720052
0.011805245283898369
0.009415598767173461
0.006359538459338565
0.010555740244441725
0.9554126127058492
0.9854499073716647
0.8748813827288329
0.12744862111504485
0.07106961609877882
0.13808918430376083
0.10295169517274005
0.9636185776366427
0.033715101223126265
0.06929224505393639
0.47470801908955895
0.40039169596065727
0.0032324328887975984
0.001050580826291836
0.0007848857517391838
0.00027034534655978604
0.01803295565106433
0.999567835889906
0.9999070726360689
0.0034422386653740755
0.0015500074832843769
0.004028487939166325
0.9999664972977177
0.9999218189526922
0.05988094827118284
0.6471370536914303
0.9630403395520216
0.002474237836564197
0.0019936523464476608
0.004206521199743185
0.0066657741695230754
0.04973244144990796
0.005430969994964618
0.0040621957239813655
0.0017541304321819773
0.001193413858055381
0.014803541026940925
0.9988438265320594
0.8505270080752866
0.12748559047797403
0.08485598650302228
0.15229758145826766
0.9952684654823548
0.0799581169209953
0.014275823153683032
0.01878636449545279
0.9990327054845342
0.9964729430079903
0.996323197279746
0.9927818055015083
0.9980740319791865
0.016833670425692837
0.01613162128991885
0.010108271294731352
0.005248051420892019
0.010423812994688086
0.2791299425816971
0.0173781388193317
0.002019578973068814
0.0019083494211117324
0.0003157241094031704
0.0054238948745789495
0.9998748797540924
0.04969797141699195
0.006628565909824524
0.0040671159257864575
0.001731719495287165
0.0028151654216782562
0.9997690296606941
0.038956394733745014
0.6353002838600642
0.9957525393326063
0.0041881705127865265
0.0017807590776482973
0.0039427823948345875
0.9992906794507542
0.9997786243622805
0.017570932041579113
0.0002488219325168517
0.0007419365408914969
0.0014813632434320656
0.003993415586448501
0.03643097570625908
0.11406498202919846
0.5815021848323503
0.3982845271730914
0.40133756874249704
0.12538208442008203
0.031497357356898736
0.03758094112818666
0.11531041716698809
0.9572405149329628
0.22482222266784502
0.2581259428076389
0.957601550704436
0.2765863266845293
0.3839165978198327
0.15697152427973637
0.22366749826016052
0.20860182795549387
0.11490219102698784
0.045771721733971926
0.011559960791578616
0.012019890065898542
0.023269718793087923
0.9487749174677788
0.9469613542556998
0.9837857497855271
0.9969009320322108
0.994905316116132
0.5183194912583995
0.4726159476230466
0.9717633819918898
0.9006630556092577
0.9754245315100701
0.04499831316113545
0.007644170333721334
0.004006693509926551
0.004377077057950651
0.22568108146380939
0.9744837976032746
0.8362286190262913
0.09242927657110545
0.0007366243995848842
0.0003614983285760154
0.007187097320452085
0.0056108669058463345
0.004973234175208896
0.015409020568119658
0.07192867185288321
0.7606355746459603
0.9999230828057781
0.014946217512874727
0.0016026364271601867
0.004887684047585661
0.031212154566199413
0.999800586365268
0.0009455227109281816
0.0009591042355220347
0.030926455344827963
0.04352475404800249
0.03295073127577852
0.009531694005847302
0.9253870315041197
0.9434969531470386
0.8410760870257534
0.8723451189539463
0.910293919839542
0.9994924648350622
0.9998518755264744
0.9959334448101548
0.8928879257827294
0.8577925511221052
0.8830979888379615
0.9576091685310054
0.008185186671572087
0.008185524661706745
0.0037227231502786617
0.0026292456490104588
0.00023060807364627678
0.0010770355708150658
0.03242522971191775
0.0036997680921172504
0.002085980425238665
0.015701949323168707
0.9990325133202332
0.9960954028552804
0.7559483513440248
0.9959135585258255
0.06221631162472685
0.006515119872734343
0.0002275964104564432
0.0006839410231633813
0.0008380399991315679
8.171673023293913e-05
0.0004936875813629227
0.0895495786407966
0.09036162357406041
0.010877008950258449
0.007416408492789239
0.003406970093864259
0.0330497390352783
0.48630382260726956
0.3444448510413789
0.017583693695096825
0.015777082267747655
0.013644994836578772
0.022128790982212432
0.02658407045975153
0.06004936377493264
0.08265201354416984
0.08088847300242408
0.2787082356043393
0.9175362665956748
0.21398702844324036
0.1697029749443556
0.5064138580096924
0.5239485852947662
0.1663237191938879
0.15027885082292358
0.44585287000102547
0.451862262487145
0.036964757957641425
0.12398670151939484
0.4842242836102856
0.021307105267380666
0.03070009840800747
0.022424680011643883
0.02957374680251923
0.03598560451432886
0.9988263055866851
0.006415834863424785
0.0019267187975677835
0.045339449177182356
0.9974570340141087
0.028392538652476818
0.000568085619279235
0.004209249653358005
0.524694990617405
0.9978073617139483
0.997722565333598
0.8261210616341526
0.818711482080291
0.9859480818166173
0.9568558632149935
0.9919040306731824
0.9991933442313577
0.9992399257366579
0.9966369465063234
0.9761516855125987
0.9792604082604078
0.985922603513164
0.9890561417846613
0.9986101736747248
0.981321659921661
0.9989455735116372
0.8374022198476139
0.3505509096180287
0.9960962167022938
0.00565494512878062
0.0039019454126164588
0.03015849632404277
0.9988480953335235
0.045877143125591546
0.002219782849535279
0.004095031022567475
0.9839926759537254
0.019359703405516737
0.015402871731658996
0.011848509233183147
0.0066371764240589215
0.011131153242434522
0.3947609831111304
0.28529801245044273
0.30780187953445226
0.24127438535773305
0.3587372079510278
0.7781232265118678
0.8552137272275736
0.9060508640630366
0.9083384717625956
0.8970744962641822
0.43881902855102717
0.3229321645044647
0.21195594382255611
0.244325385549521
0.38056872359530114
0.8728778497033407
0.8414503010417306
0.035556457648522666
0.04675782671443862
0.846278688319433
0.9541014089722959
0.16057792819676253
0.17547000145068192
0.17818115041217897
0.17377732524597467
0.18769102892173306
0.5146753764997825
0.9035585133271188
0.8736691495780369
0.9559741255836043
