0.9922782497686907
0.6816121613621645
0.252596438588641
0.1740835588105325
0.1737412222584831
0.5023852269223767
0.22141812476168066
0.4249894137741016
0.14388509165831542
0.6490895357036339
0.7385337948148738
0.37645953130509346
0.19297698845073308
0.06994426757375005
0.43535665975926896
0.6990382767980068
0.7401118425680879
0.664680248326533
0.6971008740828486
0.7684648409754133
0.11585849200304565
0.2978138810244002
0.17210892640249587
0.32945999227431044
0.43006800968070724
0.06502965317552878
0.0055183946636380155
0.005151156945704782
0.0010349580400653702
0.0009068481623522029
0.0335762243306621
0.002947220312523924
0.002020700743591064
0.002035072615553135
0.0010755058319608102
0.0013322393469288318
0.05128496933151938
0.5994224733456488
0.7476078075929804
0.7206525800210992
0.08580334656966382
0.22979726324354988
0.28392074275353374
0.31455492095241633
0.2363035066019329
0.22467928865759768
0.47790778009738666
0.25358506114657764
0.3943104301147936
0.25108232679818165
0.19499408302023247
0.20493903207867226
0.4912822321561826
0.09028293365170792
0.07751825431698434
0.09410054936164691
0.30022514106354015
0.3377538294701522
0.3359150489948034
0.16907056348237548
0.17743571651548928
0.08958183897592442
0.08054599575646837
0.9158520711982814
0.709063851216437
0.48523933493273763
0.5222417183563361
0.5979273836424908
0.6027548421382176
0.620995575499936
0.6204633156700649
0.4496744332383913
0.8303764955328596
0.41964444451704097
0.4050330028088919
0.40500838512588855
0.9813100211334532
0.9554901751294717
0.9932521035418338
0.987389910229478
0.010559499827224816
0.00939084600021789
0.00526014010327247
0.004651875826213181
0.150325668120333
0.22855662665623855
0.03351199861296894
0.49878541713794156
0.3457836184896784
0.8056276358636953
0.7862349227527368
0.5866978774516884
0.42459371955691094
0.12553304031087065
0.0331175795073293
0.16378712170879983
0.8857169003500309
0.02657603129319408
0.0011125861986162056
0.0004277040760880535
0.0003057106606392246
0.016678165630917285
0.05816683266617151
0.9856329210605039
0.02031069450863776
0.002680227297223281
0.0017274806325670022
0.003437394888506806
0.7783944033797857
0.9912807617945175
0.9297202567622166
0.006359158261517672
0.016015396264003834
0.022000898059816087
0.9999258170267495
0.9947418109893913
0.9941529783506464
0.9978318520793338
0.999196456373357
0.9950595853326925
0.06395062197811974
0.0019338603017362566
0.008683960139097224
0.9437813074681791
0.2587252993114669
0.014941202481309368
0.054468934445285666
0.01873197125566295
0.7391269522960959
0.9448599357507023
0.23105870182805321
0.18982171492181898
0.8978320884748437
0.3345301078507108
0.25816655798370103
0.9897916736339294
0.8792491156451044
0.0603020903258249
0.17993967996002636
0.8894249708160801
0.8830276029745202
0.9312737652025866
0.9743318443936456
0.8702692653466684
0.8194864118258942
0.16961063766646545
0.14724174574087334
0.8661853342437685
0.889419675275042
0.37165311294729597
0.41670632612544956
0.9559493702342623
0.9266084839031208
0.045781186560972076
0.025127919221871742
0.6759562415860285
0.8858751019403784
0.2531134290567344
0.10663546156691983
0.15950373586511846
0.0945146751856103
0.01126026039354966
0.008184548497842892
0.0014104408985591288
0.004619982826923219
0.9844107845439899
0.02781251402333329
0.0004132880513189052
0.001188520023753692
0.001718772594749396
0.001968138366229444
0.04108467479136846
0.814020681254572
0.0027446575758808267
0.003787335632665534
0.02229176218135054
0.21366578758556443
0.3907820517842655
0.07340231437108047
0.17920682621061523
0.39291562019993753
0.1424218469358095
0.07237704759384944
0.30203329158927583
0.31194040763056907
0.6463711212777452
0.08452488655084478
0.2851197728927931
0.04260029517699271
0.1484356818552649
0.35197469335167775
0.2374994356346889
0.21563062084714035
0.29901401765179636
0.8483138164438928
0.8896058341617314
0.5826221092709238
0.6449255561582452
0.5676610697309802
0.7646646167041513
0.7189973478453769
0.4962179983761904
0.4827599256920405
0.021718397747779283
0.001822802551706415
0.0009436252168610881
0.000353391113525503
0.006259183642846167
0.9991788356078696
0.9988028027281363
0.1451087444092829
0.00026298703999372286
6.290025667288202e-05
0.001212120934696137
0.0007819561769897287
0.0001457043408449321
0.01296546995776926
0.9213105312258533
0.9998250484902138
0.9545363495241629
0.0032877053081856733
0.0015332327695970482
0.10250347326057674
0.9999647060181862
0.9610209742076449
0.9998309745219881
0.9545638537906915
0.9539856521767701
0.9141206137869736
0.10387785850023412
0.029888547346709204
0.047806498568724654
0.9999598767664026
0.9400328675710906
0.9999962796782011
0.01288088194365089
0.00011597154813036692
0.0007754688187466829
0.0012169004004134454
4.1720514738385894e-05
0.0001878244184819744
0.14569701865247975
0.0072925991736573215
0.0012718133588904834
0.0022411390840748613
0.002093745592117724
0.21253333249738837
0.43265273059758724
0.19579754698531837
0.17472353521518613
0.27937750427908303
0.8009788891775544
0.7436952478798186
0.9324914981312353
0.6616557520097757
0.8123852444483601
0.3297786948987047
0.0860795497720932
0.7803143645115059
0.8414588657648503
0.022058429552703762
0.017247059276830345
0.00042529533371682415
0.0004475623883003488
0.0015792876736097083
0.0014336278090242294
5.4482470225325486e-05
0.0012232142188561834
0.0012233080403499796
0.0031634415265717752
0.7486156311510964
0.2622643691099257
0.001324150904819743
0.0003164293648629801
0.014116240745724928
0.9908702639907505
0.942722536089676
0.9919625040550051
0.9502725194446278
0.047987934273723276
0.025361737556919173
0.611105286084729
0.008510414940626765
0.4196602914263705
0.05078996263186353
0.05210534980201187
0.3776976778760356
0.24447972875345458
0.6262098815851692
0.5660827258433014
0.11987624467927926
0.9450168873254555
0.31880822010344967
0.2217644924593909
0.8753725739078939
0.161500624610032
0.1608197106961956
0.22142596807928328
0.19886506131826975
0.16938433638096873
0.20805484371421246
0.2928235373119843
0.8340111695500902
0.8884981769108913
0.36336517064569573
0.11040638629935517
0.21395056017705316
0.7174054112724555
0.251733284861797
0.27718410354480627
0.3646909596751915
0.6563055311342441
0.3486700168838839
0.2730640266611124
0.15658240264534418
0.9816710107558833
0.9907966671893548
0.6172024642307062
0.7285718468557247
0.9211178988391914
0.7012998763249387
0.9265077899100672
0.9626374039630392
0.3753464951378812
0.4478676406484988
0.9290348336465439
0.28212055242281586
0.2987531428171927
0.20945441531721443
0.3594491311632547
0.08809866032960123
0.052549379075650604
0.031076222779438778
0.10022902645897858
0.9416937930962034
0.12015559491329042
0.04246120600331271
0.06962898652100602
0.3000860531287721
0.9673336031832862
0.9749109506405025
0.04549891477149259
0.06570170583970514
0.22990724826798004
0.5466175047393915
0.8621538799644017
0.6884133201071304
0.582218275371129
0.25228984448825
0.05064296643978383
0.015688582667318318
0.5614853547257553
0.9645137051741369
0.2172572888882176
0.40777860176338465
0.3495606670983402
0.36445639534493024
0.6547641561733724
0.11840567019149806
0.043959255543348785
0.01472474977079119
0.059772382091852094
0.6131269006024913
0.9987357882216747
0.9986231729101351
0.005009938125934199
0.0015350471660970921
0.0008761344538807947
0.00263947632108108
0.5813012876449734
0.04130182980324992
0.023973609923168437
0.9704047748052858
0.9732691037674562
0.7720353319360114
0.9430580478246522
0.5224106184189977
0.3150920913451005
0.5763635327034518
0.44849682590484496
0.4348151846284537
0.7420941687445974
0.6516416006502013
0.02488333646451757
0.5971831853184966
0.027891438053288642
0.022991891547481824
0.31858166976887903
0.9596413550065714
0.18691499842693804
0.1692255965607945
0.18693043153765854
0.7316647300873325
0.9484529024725911
0.3744457837232801
0.27195839520997434
0.095107002772012
0.03995528707997398
0.05328781873973509
0.13468189135549458
0.3334970967786748
0.9355664640115392
0.1212060094343912
0.20607011474958925
0.32234708358577513
0.9978287764405362
0.998354006302091
0.3375810972156503
0.9080670428160135
0.2256840943738092
0.21630120443056045
0.2150300121984472
0.13205732016503458
0.20778156317362595
0.8636874766677998
0.1413602466645969
0.15026941614552625
0.6525401961664152
0.9267034356431708
0.9284072909340173
0.993585139891195
0.9968799894198823
0.015042666557676831
0.010410253900080324
0.0010951129440136542
0.0006752567675926135
0.9882967890994443
0.9961879859581748
0.010569583487462175
0.024744493469313844
0.1884664508661119
0.98999697167055
0.9933460508971518
0.995716527922366
0.9922917727910138
0.19426210449607895
0.03693651291404687
0.02178794877027357
0.9997937065235002
0.9998209038125244
0.011593577557237889
0.0118944434668109
0.010330314861651257
0.02000475049214545
0.9544254151039333
0.937261147758439
0.934801297671079
0.9783129491958572
0.9967694656394629
0.2672351160771451
0.1750328679188916
0.166670313287824
0.05498948737757636
0.8300609954182712
0.9784124714817857
0.7956934480105713
0.8173796262606641
0.8059837655756803
0.05796399754219006
0.23216911403511065
0.07391741323246992
0.07872460465866138
0.01802439290650537
0.011711189766387409
0.07128882625277289
0.13932681655474677
0.9929554022508088
0.7746418939069636
0.9989342455575013
0.9976812223642143
0.91594941721827
0.8629941154074431
0.9992110779012865
0.8786801469582829
0.8931854539859471
0.894420845341977
0.6213768854364167
0.9956934088251486
0.9950676939962808
0.06894834430074748
0.056352398288139205
0.09736095278970613
0.024666093571160563
0.9818425699018386
0.9139911432120317
0.7940973038780872
0.7361474397943847
0.8570130306319287
0.17978438154709275
0.31196378911764533
0.2150993479078115
0.22105429217462602
0.9408759068806235
0.8612843744794045
0.20621903680304032
0.34479469566126353
0.3358062570903523
0.4270599317184063
0.6872947889173631
0.996198220148202
0.02472000996998025
0.024403112232158075
0.02799479591149856
0.01596423208331299
0.0026257847273780666
0.0009717319209119335
0.006555704835170539
0.39229718759741516
0.9682804893453246
0.8851477322217048
0.9632639771172832
0.9950359547476405
0.9472238385645624
0.9586215394823644
0.21482748045957323
0.037223118168728475
0.04419959886473346
0.9638158531057983
0.006840433557022019
0.007809251458958388
0.9939910208159322
0.024195670043395512
0.001742068669741803
0.0002944143071901273
0.00046929971611808785
0.0027866431950679393
0.0003348713006969817
0.0012579295140897617
0.1538860377578174
0.225107817710393
0.17633777442355336
0.8977179624018277
0.9715794283589975
0.02403034245516711
0.023714194271444722
0.03233329382661687
0.0816570901926772
0.03065502088064498
0.2736764497939044
0.270331133221445
0.16965515712006618
0.4285271191338311
0.9313216760783839
0.9419690065842294
0.9739807748427596
0.8367995048677217
0.9362378004395095
0.997531381408402
0.6946247485727223
0.6787438837844033
0.6817339406832157
0.6456738853855144
0.6871354178617688
0.9469774863300899
0.8187308125439305
0.984169293966968
0.9438570978222314
0.8232923857724768
0.8997427598975032
0.8879139177876546
0.9529741220014084
0.9811751289098578
0.9854436732421273
0.97775692618876
0.9932507230790151
0.38639747160856597
0.2918802991087086
0.010553194717115133
0.005807857916517611
0.045430984522666695
0.9527361923559768
0.9807137013232565
0.328983687110343
0.28320596632630424
0.016297863471391838
0.01876907097703917
0.7119940706085068
0.9885307541850189
0.27024056631096804
0.3058282163020092
0.24923259279574994
0.006559101747487861
0.005312139096784962
0.011871638213153957
0.003981379340104674
0.029034054533773057
0.006390717944544599
0.0037913337325093943
0.0263701997579997
0.01934325029488071
0.05290886925008664
0.051909626611466586
0.2242762020397734
0.9763295323479843
0.9846692485389444
0.9900761654008483
0.9714862219504175
0.7831921465892083
0.8002584341077137
0.8000265351743665
0.9072066664547795
0.9480969038003477
0.8727703286509476
0.8156295420766962
0.5812615619386436
0.26782053344275325
0.43889541294083223
0.39589897714301925
0.20404148474607064
0.728611330992597
0.7641041733530765
0.21547880660473717
0.1277959195738727
0.04386532268746879
0.033351188762283934
0.4511956176277533
0.1660729264700569
0.031304014801328606
0.0384693251041619
0.04154977943203253
0.03856038163924658
0.5625556142115005
0.10190918539607652
0.10678165268580664
0.5909957022003904
0.5296368220947139
0.5664963694894016
0.991599088497908
0.9739397022665517
0.2008682096353026
0.2132942578914342
0.7010052901739384
0.128810849748613
0.21780696302613722
0.19297531004802881
0.33398434190688864
0.9060745629619987
0.8532220009727314
0.7480219874632935
0.8350365816415886
0.8496602308001603
0.9224379976700819
0.9970211851143869
0.6932668324898654
0.11799471392036065
0.5866009432193204
0.006029357936485402
0.00042389404263787345
0.4175198912449044
0.5933666381497347
0.02574852183909826
0.03545721658182466
0.9978987171096485
0.5039737911289661
0.5339015244164376
0.9725115057077016
0.006702196277215244
0.0025895308167080966
0.006584113923571722
0.41912130114063484
0.016524856890190676
0.0067093473394784775
0.5455244346317445
0.007346442815284182
0.02787173134518872
0.1818773837638914
0.20584425305131904
0.9097654881093958
0.1670986250926073
0.16183472463394832
0.09479282462361382
0.10358330162421736
0.270116331231926
0.4903115583422505
0.47276087562015046
0.9519278433218605
0.633852665210014
0.5855015345734214
0.5075938131860627
0.5697535872408777
0.8656727709557093
0.40772411674201336
0.07341204059292972
0.07153705571739666
0.3711869152860048
0.005233726873883349
0.5670758268005043
0.07533514904210847
0.0823541383370281
0.42773812163020164
0.9478547021863252
0.009801032764436557
0.000951440164675188
0.009067516233224548
0.011013240831009519
0.0051434545847950375
6.218938786750616e-05
8.95510609344452e-05
0.00011704417910896048
0.0011553022078658604
0.0010820405198966876
0.0007945269831893809
0.0008648087258754655
0.9995437441644744
0.017886342264370803
0.03174000069945393
0.9995545327340147
0.7057547022280872
0.0092114975180837
0.016718902403368152
0.4861270055219118
0.7324574351266808
0.6543194536834613
0.8828235747258771
0.43676940558686506
0.36726608352598955
0.28852516624037516
0.36636542161498475
0.966293074513379
0.9868248516686041
