0.9260012432189482
0.7975654459367076
0.7550348592245348
0.6130345789829269
0.686135365039923
0.7506538663599627
0.7387709518814998
0.48593053715137713
0.5109161456621231
0.8856826854950602
0.994360748522967
0.3030054498535544
0.00867835583643417
0.0019023086332204953
0.006066816448168089
0.8471658972074698
0.011278230426336244
0.01817377879783655
0.15564776132275693
0.8647624082342353
0.28992817965440654
0.8489252470918056
0.2659881507679771
0.30858416023411106
0.7880617965971332
0.07057400857354168
0.003914234551987583
0.0028288661289521677
0.0028515135376796508
0.001532033643571018
0.07065558284958529
0.06801366903489559
0.8601238885037679
0.3989432478440915
0.38907840075144473
0.4432052778616453
0.18713791988574413
0.4840799397068366
0.3087582855008466
0.28744613931494123
0.0543723265256526
0.2588439721998017
0.30360104304550994
0.2631609591492109
0.7104135209366356
0.56423981557907
0.839687050060842
0.6817522606267131
0.33355934315442104
0.3012684931045415
0.013511834893241703
0.05008196556572342
0.608047298745122
0.043484769969046155
0.04036609923740575
0.371525032337954
0.014561030021730259
0.02033682849277718
0.16558001661201027
0.022135684891610552
0.4241324664044973
0.4168371084537261
0.07155199640698373
0.12086583054828781
0.7967575024220743
0.19083435646826497
0.7707666184048603
0.06697048009327322
0.00596019251678126
0.007061059431681893
0.0071548565303555245
0.005164969714471557
0.9825027286136784
0.9876809697031376
0.9918281972892328
0.9924717245136807
0.9975129258315751
0.9796390495466575
0.9996306965079612
0.9990549116474421
0.002606687578947775
0.004440175650430089
0.003698156733980662
0.004333162349394626
0.14439102939071335
0.2967895029092896
0.01477801009643942
0.052249444610810936
0.03215037527833886
0.05881825554887976
0.05202678009921835
0.03541829854078671
0.04372181879743953
0.005316012629034694
0.000792562806840591
0.0018616975796652557
0.9981826903141757
0.029462621455666915
0.004122925882696915
4.03888168576394e-05
2.7385861472994932e-05
0.00013839120798830873
0.03274984232449585
0.9945668088128543
0.0008021300007240439
4.59387973950065e-05
0.00014951817832553616
0.004721508366522187
0.773222843562872
0.9935228582896954
0.9345608392362715
0.005718283666198087
0.008456195749954931
0.014539465458151768
0.9999759340557798
0.9953813184067587
0.9951893016980061
0.9985933450665666
0.9996109643053819
0.9964653900053368
0.06506879162101176
0.0009876292548016696
0.00826585074929076
0.9464695103236039
0.24268988154803106
0.014461003510283232
0.05508315753088777
0.018659527911675355
0.7351353142039725
0.9437800953282794
0.23840722921036706
0.19481441903373087
0.9161423497936324
0.34097109574269446
0.25581604816656567
0.9878972246832041
0.8745820865375108
0.06077142154712323
0.18303827738005662
0.9049650839299055
0.8986511397621831
0.9460451656487566
0.9870097522760318
0.867138768586188
0.8247665279606617
0.17159582438697563
0.14899176365816502
0.8668958438279394
0.8959667727294174
0.365216438559241
0.40942166507654065
0.9620007447151716
0.9318172304087969
0.0394346166036994
0.025770674089951262
0.6844976482123353
0.8933287481562121
0.2532751192124322
0.10683799300768193
0.1610239286987325
0.08600292889192573
0.0019074241431045191
0.00039383359505063
0.0008487893153654724
0.0033131120708814743
0.9919454510136185
0.02753359426474611
0.0004316314757980555
0.0013576121244116557
0.0012696135883443205
0.0013928759696536508
0.020856846227714
0.7801923724838324
0.008775265561215329
0.012207497509921561
0.08128499848087245
0.9336122212687571
0.4470055354710648
0.288310710012707
0.5982023846593818
0.2770304996870593
0.2136501821409622
0.030372123762738457
0.031674867412217034
0.16064821270235508
0.29321804482892266
0.24819868290067937
0.8272574742265216
0.2245286727952337
0.23909484561136551
0.40190940092828575
0.12214705973505091
0.13478281203504638
0.06294615622794919
0.9806430889450723
0.030323629276095554
0.024647193050395533
0.025483194403831955
0.1907764771210917
0.6967848195092392
0.6841265430788778
0.36070965762723595
0.3914053274695276
0.02651855774241263
0.003194652191071068
0.0029790683725821054
0.0030957039630942207
0.008219810809022898
0.988682454369606
0.9880061902467523
0.14477508083861068
0.0003319260818701597
0.00010647733647795032
0.0014180420525659043
0.0009863878752423005
0.0003497228982575207
0.01316969680241431
0.9210949069494638
0.9995932133092678
0.9543670469628568
0.003488049401791038
0.0015559072253360506
0.10249454653667744
0.9997289118610316
0.9607972103984888
0.9997961287110264
0.9543736408992283
0.9538010155566081
0.9139543496137683
0.10390594168787615
0.0299203985698403
0.04785710336941007
0.9998271991123139
0.9399314705311125
0.9998694371073124
0.01294353842746121
0.0002795192313342909
0.0009293763699192992
0.0013663367236355084
4.318464829977664e-05
0.00029817659795383644
0.1509557111469788
0.01841916793138665
0.008946372406823833
0.01107168179931195
0.003921961240334393
0.15410968253375523
0.9056525355176264
0.3440682127633472
0.3793513275550724
0.5534440147638402
0.6462126623022055
0.7038208193396853
0.8959142400480492
0.8706384246564193
0.8902667110792744
0.3624120936537423
0.21522258280396955
0.5513584880811648
0.638371414447531
0.20091801110383256
0.2721737230374437
0.004144717704569367
0.027105447942109118
0.1404156919424241
0.08489816606397538
0.0006811580044241428
0.0016413683076690333
0.001382974782902835
0.029730356368446897
0.6564732535054144
0.37847500456202754
0.030472333602000412
0.0067856023396600795
0.024684951024545043
0.7927460475898569
0.8080103563486745
0.9905130029689275
0.13422414513853187
0.023496275156109858
0.02337796366920175
0.9011220196016853
0.07832546841818355
0.9934152968418396
0.06923070641257179
0.0037196530493524005
0.0016180889831028944
0.0003027225196554628
0.0016572090830273556
0.008847419112140487
0.008694980887471226
0.2536020795353464
0.9992140413383815
0.9991448885403729
0.9998460145762861
0.2464586462772389
0.002171589945510699
0.003794045005293678
0.0019960070606619418
0.000852791835067479
0.027196100863609463
0.0365583267867432
0.02396988239750142
0.9984688113494395
0.9975990386558455
0.14339755584165725
0.9512944886646005
0.08546561844168832
0.027670765548569953
0.08092398322807282
0.9809237693862146
0.31758579622619254
0.043968005516583974
0.05564275252925066
0.5505141572544989
0.9940043741016775
0.9880948898710267
0.7402888207128504
0.7949477972604397
0.9783143158302385
0.9659703553280083
0.9980708096839918
0.8273980721553873
0.603430487080538
0.9363302816891407
0.719898774190665
0.19045723601564823
0.264508857458433
0.17391701712595853
0.7438870050113635
0.05841904981926316
0.08573380043720225
0.1299573188214591
0.11483767075211415
0.9864992732372787
0.05872144160202253
0.0449348974465813
0.05282127200742526
0.21145900261410733
0.9817627100702663
0.9975076695557458
0.014605047116454384
0.010511839966945047
0.005144159159612527
0.007409728140927219
0.7538459658868949
0.25501276866502276
0.0008396648549494623
0.00017653060096389783
0.00028932777019841094
0.0030180789127869367
0.005069748373751182
0.9997463555682665
0.49029272809493996
0.9981465882413495
0.8528101978510987
0.913142281782945
0.12421448422780823
0.12132477577553857
0.001045884092663374
0.002005866540135126
0.016195706416526123
0.011671926295552137
0.9942891936025665
0.05303477364155773
0.0010920679481445372
0.002136531266787367
0.0004075214106881164
0.008924845959241257
0.9572567938319722
0.2510094508066876
0.10538549019280641
0.09693524897216943
0.11522724102814763
0.09495487244355805
0.08439273671761349
0.04604284192732955
0.8837007973336733
0.9082866993667484
0.9080527870459424
0.8805606799337612
0.12536465888262138
0.09305113203988025
0.07358403038986006
0.9581424510290988
0.10340480108910977
0.08493913166412825
0.11108927912727207
0.26646565072767747
0.6124683999526386
0.6195675091360312
0.7106207451440917
0.7101191780967029
0.9432866293135121
0.9412486141027482
0.6691592506197713
0.7246428376658076
0.09656739079932108
0.0017768148932716388
0.0015758263669822803
0.004850049103647391
0.002581015256367447
0.0022470894194234203
0.9960794751069721
0.9961964462072566
0.999604009235056
0.9999406038602304
0.0028251160490851968
0.00374519873273238
0.0039859317873570665
0.003793680931148846
0.0049148361958980535
0.05022946240286463
0.7843137164206406
0.4105532033159447
0.3954965361221908
0.29150320891218684
0.3246277941722784
0.7243287566255019
0.9089376762553821
0.9833432805349877
0.9802125103458014
0.08125881239629418
0.07636472907042546
0.0025069339222245635
0.004841098843625713
0.8772330369500941
0.9557093074572484
0.0141348838250972
0.029570145051001973
0.20421889718421227
0.9145137308663617
0.9431436967172642
0.9765080779221336
0.95134651448869
0.2733436160007833
0.140672850822658
0.12512416316695973
0.9981889217782065
0.9968293446279988
0.12220856431152605
0.1231991130851896
0.10534305738579985
0.11821693131114253
0.9155837466335618
0.8444332899989986
0.8411956546180692
0.9288762409530362
0.9969694813424261
0.4747995689374249
0.27559319733206333
0.1483549151209882
0.08236867939409276
0.7848795989827547
0.9139295128611314
0.8772605923228317
0.9660543768762239
0.879349405916285
0.25997586406395523
0.30374294275446767
0.08326835002027055
0.03214648430908329
0.008993771060224809
0.006430104595634534
0.034641711074638315
0.42688652570466057
0.9544473516193409
0.9411683310469396
0.9923713902508335
0.9786913779732057
0.9392956600732787
0.8820985812190486
0.997140824836219
0.35186228790283347
0.36904872301064173
0.3727295694578576
0.28347301327096364
0.9958357062852424
0.9823918290024988
0.11208660443289897
0.1189523338577887
0.37815442410249733
0.43420633178625556
0.5715018487079884
0.5532590959212808
0.5452585232222343
0.7777763458952168
0.7385303577875695
0.16994289930428397
0.6253985986066555
0.47299194617881546
0.5522780687740307
0.9720967269400493
0.972294597335875
0.2396099994346378
0.2602205235631819
0.1335961725931516
0.34411812999779356
0.9581117508183211
0.9873786124380551
0.5068245949630928
0.5663402825230666
0.5107066195534302
0.5398955536064812
0.14880333321945005
0.0434082306436363
0.4175904953290409
0.42154844132588576
0.9911525906325921
0.8917022722183863
0.9671283202755635
0.9960750245011077
0.9624638729018133
0.9928055619653583
0.2564003651543514
0.11014922768234348
0.09160161077327
0.9906832313778521
0.011949960786351244
0.012396841612204335
0.9935777307350705
0.014938649671919935
0.0018774230922076196
0.0012507745273235837
0.0044239089930997455
0.008957734107793325
0.002875039990747008
0.004788851930227378
0.19841472242484082
0.2526006131282038
0.2239339124672679
0.9167067867265346
0.9877283595446463
0.012290999686002446
0.011965818284234375
0.02202471291341246
0.10575544811198134
0.054562127572734154
0.2611424468691659
0.2579338338461924
0.1619254179730969
0.45108126177626573
0.8888644628090153
0.8984491129326667
0.9739402780010957
0.8364115675456435
0.9392091890348524
0.9992924649403263
0.7018330311027614
0.6768236324002539
0.6598454078775657
0.6224282862665347
0.6606754705581717
0.9441375300349577
0.822515413162458
0.9865360098273986
0.9404658118547329
0.8321198329933069
0.9144330570520117
0.8787921049924715
0.9503562218587186
0.948641734695706
0.9672801098119637
0.9594118538790298
0.9843916099489844
0.39629930066401053
0.30746124301794175
0.011906134560832338
0.011439558628560165
0.05087565454749665
0.948657038826682
0.9766222467298696
0.3640108606444509
0.29772518084337296
0.020547639095921166
0.027060542420663247
0.6910824561577995
0.9670848584034939
0.28281274834914794
0.29164578561912413
0.25893054859307485
0.02394991503217825
0.018032303851182485
0.025260980077624784
0.016005068654157628
0.05386737399602459
0.02144482823679983
0.002979439418828944
0.023203478310750314
0.02367892290517215
0.03390965831624726
0.08481542293061106
0.25442593528582746
0.9690064485718466
0.974085051839216
0.997683671905337
0.9138680086371604
0.9149641207165281
0.9912973656116562
0.9809505578114128
0.9603253378134249
0.9952633302093815
0.02183228220553468
0.006580922291659519
0.00397037721686333
0.00041980688176768144
0.04441837889559308
0.9892938857553865
0.022599045724886913
0.018687309630093685
0.29995661090678016
0.288882638485237
0.40736704914286304
0.12349436219531207
0.07648333935737783
0.9984753442398274
0.31288852519012367
0.0030634929569182123
0.00011419309737903394
7.999863019081399e-05
0.00013818697079548414
0.0006008277340571189
0.010091568751671498
0.01116026835347217
0.009706432970954748
0.009084948936236792
0.006337802802991788
0.9817550535986662
0.9865523087918249
0.20163569385117075
0.19133499550565747
0.29081187605836156
0.2589774390609948
0.7689475957456977
0.2871006417336983
0.35864003090348395
0.7112859118246015
0.6410674281531675
0.5770856636400514
0.6322638873985381
0.6431678063538417
0.8383724520847162
0.9950209395881775
0.2719465644203669
0.0038755204850504654
0.013534260258421305
0.002387921314289776
0.0004367066066166547
0.9859862645398246
0.01938111335660131
0.0020778431969048494
0.004848403291172088
0.9997386276006497
0.9952848212613055
0.9918914752840694
0.9882298432049775
0.0031513381860441836
0.0002691506187247894
0.00596851232843798
0.986224071008423
0.0010254379880411113
0.0017163627618842492
0.008895234822744014
0.012024462003810799
0.05164993589574873
0.42976868608146424
0.43062290382386814
0.9904793493368946
0.3774846503175048
0.22596976212073216
0.04324675603582062
0.09105614276544682
0.5306754262167663
0.5201127793426548
0.7994789062076562
0.9426471255305304
0.9057903024358172
0.10093444498921877
0.03545144866413974
0.06526840168296288
0.05343481718436549
0.7665209714722959
0.7909830245523762
0.07178472947906511
0.038365181294410244
0.009838916507279638
0.03600494121856945
0.9159764611944736
0.6662010885965147
0.7184678885545199
0.8043104056638076
0.029173254860879072
0.0026035170935195806
0.16735234761770135
0.026660114287893055
0.005717569265668354
0.0010387449873103805
0.001195499940178535
0.004475488155638141
0.0036750763631764327
0.006406779571310861
0.1432178936462506
0.11531876693883736
0.9346970163892389
0.3569975293014379
0.3999386183789364
0.9948691697665535
0.4393738399886894
0.033010230191182544
0.0686060247203989
0.7089255436273402
0.4958810426263288
0.6567170459832028
0.6242030101518883
0.9221139583413571
0.9838682556722872
0.9728474316323794
0.9633077639608012
0.9727839754675897
0.9803314523883291
