0.9964578504475377
0.9215923457746118
0.09304617488833888
0.08386534754760178
0.09470018079425324
0.8428919882817486
0.9543025599787385
0.1101436559838489
0.027597786411563963
0.9364253908978825
0.09999005902147917
0.03953170951802931
0.021399739321201094
0.004460353407908624
0.005988234985441987
0.15511453458423197
0.9291403115060635
0.3853792104923697
0.41778707316480834
0.8150183049654254
0.07823593954733143
0.19576028639235932
0.7151682265981005
0.0035372606740535772
0.00656643631048337
0.01770703943004792
0.032191255583785106
0.08642745628598114
0.24197792344538538
0.19337782392211766
0.02928009980905788
0.034653013264908106
0.033910585524400405
0.0005690552549444394
0.003111573708543647
0.03933992553843557
0.7441838137438805
0.4194710494293228
0.025475928327498676
0.02694480693892498
0.035205396927314836
0.0464459671924925
0.9975838694554034
0.32684979052428975
0.34007257238692956
0.6453305261015675
0.6199645235783071
0.0067714782800692985
0.0062896521182710385
0.9567271959522847
0.016045988871814076
0.047750490071055696
0.9609795466767109
0.00428131968270784
0.0009742004528827675
0.002089177351086713
0.006233408807577279
0.009195784170493049
0.025563040445792717
0.026074549965818483
0.026193981036034653
0.019934549148332814
0.028237421296630427
0.9095345872372194
0.9983229931926333
0.756683762868791
0.761318343002323
0.9947980677097163
0.9997488410286091
0.9966115398082502
0.9958658359843965
0.720553862972177
0.7394806088832906
0.050320857343215564
0.025667052610757857
0.024043760483267507
0.9994905885694055
0.9870530417316143
0.9991655171161736
0.9743463832123517
0.0057958135611059225
0.0340369098506631
0.006482363259143198
0.004444865542359122
0.005460202510423118
0.0014685097162890903
0.036286861625752675
0.9342343119666218
0.042793106682164406
0.02178594435060599
0.9759716278198081
0.056769827500441794
0.062315225700775634
0.006938339635082502
0.0011181221614866566
0.29701007450716166
0.7092916143682442
0.030547808895863837
0.0016634347016487583
0.0005270894627997791
0.0003058130328653652
0.003815907728115686
0.21085569768248158
0.8456975142686537
0.08978010693460059
0.004569866177337234
0.0036075345601376263
0.0609914270385743
0.5256405074209707
0.987123849859513
0.19199319984083818
0.0037024493173124506
0.00589644311325932
0.007434216173721198
0.9524081877729924
0.997069091014194
0.9954784895262917
0.9571926981562073
0.949466512718728
0.9450034901842759
0.1509211227379259
0.0015604910173102615
0.026113984063657614
0.22611523042781156
0.43869194140875367
0.1964720558380122
0.2857822365599505
0.17357129311347008
0.6045909339808964
0.8057037228810071
0.36254931219746633
0.27752947792419635
0.8403626900649069
0.3454634564668402
0.28691115259607725
0.7636541606463302
0.6636430453709472
0.06014858035759141
0.1682435904511992
0.6140026236584208
0.6332649557643251
0.671362881240642
0.7551153965116978
0.627828312344819
0.5570638987203945
0.3219508219067245
0.32396729738944985
0.9087597731382212
0.9171472451242416
0.5702685908342616
0.6049534812616106
0.7594356322122908
0.7550373871146943
0.022181398308473543
0.22060460904030088
0.6599086954122244
0.7569654729652091
0.495848997795181
0.4413019103594624
0.23324150925472276
0.07807005982166082
0.02046109866021051
0.03239029286113149
0.21706294853714514
0.24920756354777562
0.7114283798076946
0.022557284749868622
0.007951284875795106
0.053773785537164276
0.054025906851830174
0.05593876939606923
0.02370335880806973
0.7362416944093242
0.015137086975599123
0.1929438271664825
0.24097346877547765
0.204344440325001
0.2825718665225485
0.2012244119485046
0.8529772430538001
0.84890775152659
0.7916502094054174
0.766315387024884
0.14510045795218685
0.20425505817401546
0.16860451581053448
0.8312573485891868
0.7779333923334241
0.7594849467042236
0.7632177582490087
0.7857764096946652
0.7617830432798699
0.6903180973571215
0.37178765976131034
0.8165488384266761
0.28940035494874017
0.27259768417584407
0.24593489976050964
0.2665408122694203
0.9528267085394069
0.23564036180374104
0.04824714678161102
0.05775975435601477
0.031998221131852356
0.0032181324211909557
0.012889179789041139
0.02341033023306438
0.33786888298149953
0.9953915615974597
0.8693408112075478
0.13887839673142732
0.005155609478494472
0.00423431587728762
0.005893444690178717
0.010797751172705206
0.012262296875265255
0.03844193458538003
0.7839535047568541
0.9818586659697188
0.7901816633165413
0.5886164198989097
0.7359413316474094
0.9475663948760381
0.9997887316326902
0.9826240288202801
0.9925559289117766
0.9910497038464018
0.7990400896796341
0.5125806407512582
0.956259232257482
0.7713536196283542
0.9363929869701093
0.9975556731551791
0.8814077731855899
0.9973967669772175
0.03862924682954538
0.005019382113965354
0.012010600750111178
0.016184016930801293
0.010578798490973762
0.019624286083052445
0.19731846235629624
0.19983123677857872
0.15481625407081578
0.38296409492589234
0.3724029554717828
0.05343491821019852
0.3029261652831309
0.07311058112482793
0.08162155645829117
0.24072014815030152
0.7019106353363891
0.7054556829389622
0.7480062969222885
0.979843707776302
0.2840881590294737
0.05009436206971052
0.0025006573386617825
0.005579671388559859
0.11973192385049525
0.8781153230897535
0.23293436399489165
0.3973011187627248
0.47615656797529715
0.7682409050239211
0.6205804169493623
0.20659937445909438
0.21439046810694462
0.21130764747697772
0.7304527605848431
0.988699912810184
0.9531894385015657
0.9492578258216487
0.0214659663911676
0.005139204658227037
0.009967326347617989
0.7000261548465825
0.9940948138144922
0.0724958221781844
0.015244397602525162
0.06566514757926711
0.010281063474293584
0.010779789338723256
0.2601024891057382
0.1376902290699763
0.006779145782718765
0.051578425394505745
0.13682155116674466
0.9351029467635857
0.8482937832041371
0.9339432739319669
0.9528579935006732
0.9126804155191586
0.9003567342837382
0.9809408388513863
0.9066024745469202
0.24800156647523142
0.23404295569463118
0.2187980530005591
0.14745460653677667
0.1440800060313121
0.685707841974659
0.7360997901209705
0.991679069692531
0.9859960467039176
0.010505610506369223
0.009475632921289834
0.0961631176722797
0.016077750541958036
0.04817144276404972
0.9590359056669071
0.5406656855393539
0.05847180308449884
0.05677396989232675
0.3085957583949289
0.9965795372364677
0.9735935993720751
0.8356956721268258
0.8709276861417846
0.9987508615972482
0.9861528070536627
0.9701995833065439
0.8764398632376527
0.6800628892461564
0.9537748656770166
0.8152196719329127
0.5925436197348812
0.438246164224939
0.3492953293804022
0.47855970964412586
0.011120951086792452
0.00956127711543242
0.004628308870791353
0.07908511735797275
0.28851114040519343
0.03305897989023565
0.03527490866892391
0.07835617437025222
0.6621183890022633
0.5399771068847763
0.8308197386423728
0.36148394091294644
0.6139355271142154
0.658102040401318
0.6442353847847809
0.3539491971170048
0.36677497742000065
0.04659403864795697
0.03862257718973039
0.0044582605146400445
0.22127404809677353
0.5913445658807972
0.9948362038085472
0.24263431500772892
0.251522088222331
0.05169978469835035
0.04989613675808646
0.0630342679999264
0.05771853122745574
0.22479735767977949
0.18382190347572502
0.08433007867250586
0.03617322485900076
0.10559453950116493
0.1058589731558559
0.09736406782087448
0.9453327903987139
0.25443534504509424
0.05682001576225515
0.7878989203554633
0.18030095622123932
0.06206990416875058
0.3528382888849799
0.1768184097237515
0.10969101272057324
0.07908867154854371
0.042715226774838966
0.8566428812633482
0.8623186008175362
0.8593425242722142
0.5964795035600658
0.1632555197166876
0.14149811457303763
0.13716847376504493
0.7382355749237743
0.20484325821351157
0.2426378720092225
0.1555350169925933
0.2933297069432197
0.27581622023403674
0.2695804808205067
0.3213265535122436
0.5835235180174525
0.659291623686982
0.6118990195828683
0.47851674907884734
0.3113396239110473
0.20526518217729284
0.11434848993415092
0.3462336795834129
0.575089463342461
0.7953499426132619
0.37036985590413174
0.6856824101408961
0.8222703998830942
0.9750270456978943
0.9982330786113681
0.5002137136572324
0.9401317842573512
0.5170759974460726
0.4776979481038396
0.14655063061606077
0.1342989191835826
0.07395754897709328
0.04368570557673823
0.04925291791030606
0.027679376544114787
0.08940394469045676
0.7619601854466383
0.47624035883836335
0.7538642472207693
0.9968466542588698
0.005616434217897814
0.002081256515305774
0.0009107539879489313
0.0005021363890607144
0.9796354385474197
0.9812458436889552
0.01086802962141753
0.02595284500317674
0.19679778867590814
0.9932666227565865
0.9997585167834055
0.9969484938745741
0.9945399426028745
0.19821003074022314
0.04297016446741797
0.027337809177499728
0.9994692826483195
0.9984940839774149
0.016605487138629416
0.01863312555247365
0.006797998091270685
0.018293110097608034
0.966737339291814
0.985298797104286
0.9741327492009179
0.9813581381645914
0.994198452128462
0.7381317254025535
0.4404370063169536
0.5464146308232845
0.5008665691930532
0.7756553403617263
0.8923775566731613
0.902663404725206
0.9863001954358566
0.9372689369421531
0.9182324603793812
0.7769258502149052
0.5944244016367315
0.34002121973909527
0.07305995749088923
0.16546192558752615
0.38292937993145615
0.21572998354158257
0.8203637892284017
0.772617193705501
0.9868240563978753
0.9965839720382567
0.7209793807948224
0.6915153753895551
0.7574096775020267
0.5750596455064301
0.8175080293021125
0.8196109645897218
0.6396098789050667
0.9626428888256076
0.9651647136142923
0.11974287109171267
0.06870040889087414
0.13758540186856627
0.31968141205336253
0.8553728754320177
0.8111207857109074
0.814515244734403
0.9149242050353864
0.7064914681356689
0.05677006240113369
0.18399335786633364
0.13411794790865783
0.16373502266006212
0.6609634494464376
0.7088442685464368
0.38560908938322136
0.4085829005883693
0.5079689983628773
0.572516554739785
0.8278985444149723
0.8476566181090397
0.5457494879705571
0.8601037067293462
0.5130473545113508
0.6532050413693995
0.39487049725179324
0.12618030163907568
0.19904448068176228
0.23042726271182234
0.9009537233031435
0.9459370152663322
0.997781927655599
0.9941635503630202
0.9801809897680256
0.9880565070772046
0.21038017336611614
0.06176983235498246
0.04537549921606143
0.9929446506225357
0.002416802544325747
0.0018630868111123577
0.9873729006349402
0.00382672288026209
0.0017933690265361513
0.0009892364543305776
0.0011515390234660972
0.0020750521644387065
0.0013719453884967203
0.001425808780298632
0.1349466720144118
0.17952401678499685
0.06829777033440454
0.9651099809232314
0.9974657305680277
0.02173662909262497
0.035536169336196965
0.05672339096654899
0.041595988494313896
7.150380966280956e-05
0.00020120647442067874
7.120706969676593e-05
0.0030385517225236525
0.16334205344037311
0.9537751483185309
0.9676220719095076
0.9913184062853048
0.946799834693338
0.9503547562546122
0.9998274603180732
0.9852407932067627
0.9709573296097666
0.9745379416544816
0.9285275045507289
0.9831312282376746
0.9755027274558619
0.9184446666751847
0.996105459362438
0.9992714300870261
0.9753013779138118
0.9972102584554439
0.9869121844177424
0.9806242932131395
0.9823294729706884
0.9859462549971519
0.9855548782200765
0.9961617077128182
0.1491748163464821
0.016400976500242748
0.004800504572261222
0.002246003062018831
0.01029132366548402
0.019040138740867962
0.40592473147027275
0.9555295631737012
0.614786750831096
0.0333949119318121
0.017434133984968736
0.9705280668201844
0.971101522271845
0.07848465202064092
0.15279970067499182
0.11694212096557044
0.003920050814213427
0.022077488489851027
0.003982547440590678
0.003022546962316741
0.008466246955185386
0.004497490023899986
0.0034728590787428404
0.032816227205838766
0.00547141897562442
0.018303585368600106
0.05080650257313324
0.212559075458981
0.9624619965145548
0.9868418978079542
0.8279480505605548
0.7891430510736683
0.7454124716453066
0.7629604167513802
0.7778798560634475
0.820245558596571
0.9827611437999404
0.7963283360870115
0.6243841868562883
0.29682097695460863
0.20915973639948082
0.7730825181940246
0.2137017314741062
0.22599180151364884
0.8030233117152553
0.34435940855242597
0.28246847651222273
0.13459278500195504
0.41975098441547887
0.46681976219482946
0.5852108279724735
0.5014000331743276
0.05518123119949181
0.00737393036053402
0.007693688969700685
0.007941423300543149
0.01550242369767818
0.016627923261316457
0.9026645648490124
0.9773001710281151
0.14792924076817093
0.07558961315350787
0.92983726406131
0.9970779627580582
0.9761613113955014
0.960092488911799
0.2002164010750449
0.16356419972514047
0.1629598477815808
0.7437408665099362
0.759175914460956
0.8803328871154343
0.963760606989162
0.946672453636427
0.9668806307979987
0.9825202114160021
0.9606548658537245
0.9967469619257768
0.2595749432027348
0.03716008293342843
0.04060150848086341
0.056584156433878596
0.967874348081741
0.01265346244408927
0.03608913440049599
0.010631076721325572
0.02486510766443062
0.9756578014730127
0.9734835273895003
0.9985538659961424
0.9941022555533852
0.031434569952823566
0.027749103942123376
0.002298646413152916
0.006696361715375465
0.9308840112586053
0.09425069009260945
0.03158109990023539
0.03604767121896357
0.07217785051191028
0.3092993127986422
0.8595974172219274
0.030806934241365047
0.02817570375666989
0.012857850869875898
0.0252700274491775
0.02499914576964668
0.002026760575543074
0.11999860869336709
0.9733503601162672
0.976420460112124
0.06504980973608221
0.03272324193484377
0.18978512348962473
0.9574127747510437
0.9702214813703705
0.003795931257794982
0.004959317243869221
0.007878587310302332
0.0005871594231344757
0.0015089974627866543
0.002448941289323825
0.17555649272727092
0.9941446784662811
0.9940438886702095
0.9996451690539676
0.996241484937981
0.17031603215953817
0.002260596954397731
0.0053506258936721895
0.0016000500805209983
8.10198127847439e-05
0.00011903473190022495
0.007864212902668144
0.9990321875071396
0.20726789980898608
0.026531570453239506
0.030798055956859027
0.13812816394953664
0.014690337173515533
0.022714063067648893
0.02959999712865824
0.007830322547218604
0.009581989140790337
0.028971485040241718
0.9826983089197554
0.4266138461160094
0.8683909903674621
0.9465543160581422
0.9801980809830401
0.9726602310212992
0.9406982444926998
0.9461659392925447
0.9857337146501819
0.9997253937475281
