0.41378798825934726
0.3017876548571601
0.28477550417355313
0.12044919933520137
0.15006645397739882
0.7692458310274957
0.23141846103669395
0.21800612847617196
0.3554653031586291
0.46015207873789143
0.2587139644143669
0.11721628988921529
0.07432676518986991
0.069490989154118
0.1151054375143743
0.9108153545196547
0.9481867082043673
0.9427339214548031
0.29404055910026605
0.6894434122815605
0.36452912645345037
0.030745298089594808
0.031237038876591128
0.05303200234469119
0.0232815593745892
0.044436630412389544
0.11580726700356814
0.9340310748252172
0.9219648611213976
0.9714657201144826
0.94795677200611
0.13000678626257833
0.06336833535920816
0.07138140372689417
0.07389990974676108
0.08050877563662107
0.03308143849345668
0.0533161716986178
0.37266224266353876
0.7867418910523288
0.8546066591399271
0.9337592607677904
0.11543297171950895
0.06424626076959616
0.04399120498014375
0.018917614281410144
0.15611067142374868
0.7415659141874689
0.7516070556243324
0.3031483566765759
0.22905648182930793
0.21197155007480084
0.47642868131986205
0.7576410933734877
0.6718926156891496
0.5161270704993602
0.5792572146527096
0.7862452030808398
0.3398439239732558
0.0408965148298408
0.10147508794050764
0.020386313201325112
0.10021990547475013
0.7470262479639715
0.776078822646342
0.4037470686294773
0.45325684839790803
0.9014661614898619
0.8448196404809055
0.8718096006138836
0.8452023763151524
0.3759446951494595
0.5091784769440861
0.17170379803470504
0.11133926045835785
0.09794590740113052
0.2856736592771598
0.38950403540349654
0.9884728837055782
0.9239515647639723
0.7044158498820665
0.20750170838652982
0.10805285981775059
0.14048894412368307
0.10924674592145145
0.08593337422078406
0.31736334364273067
0.8805984290565798
0.9071548580939348
0.9687549035805606
0.9677441631005914
0.954629979266504
0.1852778121403439
0.1565976918257248
0.04720269600507221
0.10171019345724552
0.1595652569143079
0.37470490528232714
0.8946473645541959
0.0022871358334005665
0.0001479915535663734
0.005579337592991118
0.9880338166529855
0.005556343086709159
2.8828539784031548e-05
6.557226861714227e-05
0.001402055510182243
0.0014170302687416259
0.0073635722884969335
0.012291110599826127
0.002786209664689343
0.0015745893667360455
0.005238867831671379
0.3786765725464849
0.2792136864864043
0.2681686400132922
0.2800175526648373
0.28262502461870476
0.3159806662451099
0.9449485311052424
0.5297266420879492
0.2345171587811895
0.2714849806494939
0.31187283032288504
0.41847993296020547
0.33237466684639283
0.6215933633281714
0.8301234024203792
0.5605186956738428
0.5610168600097407
0.6696622612490897
0.718289063657124
0.5567242730394912
0.446229129174329
0.5072751928901948
0.8380222743256825
0.5625031024177993
0.18944091595639667
0.0787389913111829
0.23926613567487665
0.8982135883289628
0.7807446432822759
0.15545855730184377
0.2951620340766872
0.03013792237892221
0.017177849576633486
0.04203618060684555
0.37627477719944746
0.9650462863314001
0.9899032030074557
0.07338799946760877
0.0010338102815462547
9.80291585314097e-05
4.900996626477916e-05
1.6440609415413476e-05
0.0007474990276484794
0.24667102336306113
0.9999973740816948
0.9999973442364651
0.9999949997656488
0.24665273764401752
0.0007588831087788073
2.589417407494743e-05
5.787673492363421e-05
6.673839788851055e-05
0.0007617728744405694
0.07064481009101342
0.9362292806780573
0.9685702815306234
0.12642326151642602
0.10432155929735931
0.31252041038994927
0.9816286195076798
0.01381300299336996
0.01368591015295928
0.9851007168167817
0.018952008436020407
0.014436240199450778
0.010069382335176402
0.11053359365420179
0.9340494033968811
0.7472911586780554
0.002382923332535869
6.348457255711537e-05
0.0010277623890553311
0.003047314209091323
0.13282098698391243
0.9927903850530426
0.9586035813838398
0.9901890239723993
0.987927897137946
0.9880257211357054
0.9499337341104291
0.12183119119123387
0.0002959913094494615
0.0006181491575494302
0.00605656067643312
0.008050882783492752
0.9772000324405453
0.6925108097969541
0.997232058512443
0.10996954028075812
0.00534573512385228
0.003032710907412417
0.004611088762229376
0.9969001113897853
0.007611989786720286
0.013209962360873795
0.9954418712202217
0.3233786373138158
0.09096300159006931
0.06744431275369911
0.9294933331442595
0.9715937243957207
0.9937997482580545
0.998840609596251
0.9818903060381948
0.9844070072384935
0.0027910128173911364
0.00035049486022908916
0.00027610175066727916
0.0007440065320384326
0.0012842001525467106
0.0014626513581132983
0.004952952393953658
0.0005275674446503231
0.006441336512104989
0.015738977218343053
0.9989402516966174
0.015286229870695167
0.0014384682381860525
0.003633601570730449
0.9813187035849984
0.03755133156308488
0.029263364301961525
0.0252297356334511
0.029616568756952066
0.9943514837778561
0.993140624385523
0.9899992884437898
0.9901962084986704
0.9925468444682438
0.9960539661746641
0.030859306770055994
0.025387009052016407
0.018938560752119415
0.02935621292121493
0.7907326450230651
0.7050221148298714
0.6602755827500228
0.6608756556822923
0.705833673836668
0.8755171723265104
0.8940062420118515
0.8956810733763092
0.8323246002221073
0.67707338734649
0.6389674570935986
0.6691092846563471
0.28359362143149003
0.20022455389292826
0.609420884582305
0.007045255613224111
0.004752982428871455
0.01662321904790831
0.007727757905581889
0.026052787709350267
0.03359900191002485
0.015348438894718042
0.2572141658551297
0.13442757857056942
0.15548371406596329
0.15868836197832525
0.15314080258791896
0.007249307267679805
0.0029944015881242514
0.0024153663631515387
0.01196484258776831
0.010466122819230317
0.09974736510142979
0.1276276307836094
0.8424364310866009
0.24247405320822102
0.8639189544685908
0.9972413978745058
0.9637975338471234
0.9769878159289964
0.9725489299113037
0.989904556914645
0.2534601432296122
0.8517641153002228
0.30406199555748425
0.16262655135349768
0.5016710547402246
0.39211502384481567
0.012063231117302564
0.0024896994783336623
0.0016942506565451598
0.004342597577703611
0.0085107405939846
0.004716988401704425
0.0011505838127526813
0.0007957100969339104
0.14411555738621507
0.9110898159739802
0.8743835735252911
0.7934929192161798
0.8009244334881196
0.7440566545499123
0.9192657850956675
0.9312563518854078
0.06720026899789311
0.05748004433272669
0.04292321179736036
0.12168126439767946
0.16210683863088593
0.15751621115899517
0.15759291008716214
0.970129206639976
0.719069606242098
0.4011305542325049
0.74302367801089
0.987531126565957
0.975201807580893
0.9802471117160042
0.9789028333901185
0.18205171051607583
0.06346765748966599
0.034330367002998075
0.04655307255797869
0.958771885121968
0.9199647127991835
0.9987190223208972
0.05005102601312372
0.07094570374082376
0.13588690648162483
0.9513392858230356
0.9521426005123657
0.9596779347193788
0.9993359661239726
0.9889568184599746
0.9526750247677767
0.09150334922714232
0.03406254082618143
0.02756840071189015
0.9457105961377592
0.9827215631415567
0.9982942103223297
0.9267940055503839
0.031004246132893765
0.012645853921089745
0.006360566465350548
0.1447180150684113
0.15577828725380838
0.1550339211574263
0.1376727387061144
0.1017663545157399
0.1020218815318712
0.07134771855585464
0.8726589401616359
0.8865202279970454
0.05732228645428772
0.06475632705979018
0.17895641409011875
0.9929328600312249
0.9122073727633289
0.0657139887265542
0.06746538890468101
0.09929510253712681
0.1054934419471496
0.08841941930677677
0.03573065419074195
0.8571092324483983
0.9347669173287075
0.8704916981165377
0.1415776418285415
0.08490033370296513
0.07854263725027932
0.18844654004808425
0.17170513038536228
0.03443108824657115
0.0076789821866019015
0.0067837162658906935
0.0314137261443479
0.06940767329958719
0.8289959819371779
0.036917161417807765
0.022613980017358815
0.18743582671650483
0.1787454254535521
0.27032803108013614
0.4638484813258782
0.4278554545851141
0.9706167882603375
0.9828012267057944
0.6072700466919214
0.6061286175544638
0.14864197790136136
0.014356539708241245
0.004449713124971666
0.011812711828286249
0.0024892337638561246
0.002676604895748169
0.9869977584646767
0.9916725510430839
0.9921436933540857
0.9983977781422848
0.014091490741413693
0.008105612663780182
0.0036888784804516295
0.006974587446742064
0.004788164609170753
0.04848180071636865
0.37611777944256075
0.2518502395637713
0.5958232417528387
0.6790138021888203
0.7116317162930947
0.6008384219464742
0.791423834829898
0.6271855317393741
0.6191734353761551
0.6625859275959376
0.30290778963493814
0.15707208909410386
0.1120128944719454
0.04769177603452779
0.19202676602316626
0.18154297181005308
0.2144295505185937
0.8700484640693804
0.8392356484227474
0.9440970306955685
0.8373708543543812
0.8002646734370492
0.819643230226314
0.8658329138481239
0.8197994247084026
0.8924685973081613
0.8109457069821393
0.7229230399028603
0.6477096810948392
0.7554192433088497
0.17952829689489636
0.15543202169349535
0.46429557128946075
0.3432116026303639
0.716847263683356
0.8831250212434669
0.34190162695999604
0.17639892156071224
0.358179213712976
0.81305048371873
0.7851752602889658
0.8125475012679706
0.2915028841288765
0.26052477589411793
0.24959228352529017
0.09702572917811814
0.7816901800435012
0.7373259298575794
0.6488989872558137
0.6741498937345983
0.6120043884621578
0.827958686126352
0.288217986797642
0.313257256394321
0.3442258632821039
0.4581562821500563
0.980460139524693
0.64919997885565
0.6104119199172089
0.6861698218845556
0.9594406647157342
0.657765762678806
0.4217246246646096
0.3846007394675939
0.424962620480167
0.6951929997063166
0.1122713825814734
0.13680324092165208
0.12076897000573006
0.07256767123443109
0.7986991750289097
0.7522279265368651
0.891349208062578
0.8800173296815064
0.8777475961317359
0.8656711703836213
0.2509692042249979
0.25998866936510057
0.32859522033152744
0.460366413115735
0.8389227028870536
0.24324087703481512
0.19848128857752567
0.21740572285840254
0.2954686762872075
0.8619989417703069
0.5419777169943092
0.34773712888871766
0.3834704406888795
0.9474604743152911
0.963839923596945
0.040608082803636814
0.02864739352317358
0.024125244397705803
0.026029563605274086
0.9906998229649021
0.20793357390331968
0.9977097317055926
0.9982255546051999
0.9735310790164262
0.9744537182126392
0.9705787484294397
0.9712152063445048
0.7297802712821335
0.9747463098598559
0.42737959426866823
0.02274043416167515
0.03229139468103104
0.03325335238429972
0.03742629525723795
0.745969083725768
0.880934530100261
0.12369747645871221
0.09794101905272401
0.04853030314842688
0.0897086030445885
0.06356840335454916
0.09372971014631681
0.4327656035915758
0.9356713678530035
0.6112584764342148
0.6139780592866372
0.44316472676226215
0.09669262494522302
0.3537984707511058
0.04400079041803573
0.29901666719832287
0.06932874716787085
0.41601969758903556
0.7180410571244689
0.8353637927069504
0.9702706221804046
0.9486755596935624
0.9450453105361726
0.9864681731172676
0.6939482521699729
0.6912786100024048
0.6859062627222019
0.635371160246988
0.6264378614719909
0.6243368998056167
0.62376693059695
0.6252152393546357
0.6271507501155109
0.6427165214866469
0.8124975166820463
0.6290891029051355
0.46138634908562615
0.42159089686355977
0.4264978208363771
0.6982409669509206
0.5827042790573055
0.4642017844640307
0.3357794572232321
0.544229130484917
0.31883563655660374
0.41993351975059323
0.6070395223463172
0.6425807518829421
0.7957813876390991
0.5060847113277995
0.28507910122260316
0.7603076309819667
0.29463598998314455
0.2834355439657672
0.23935315279884495
0.15124055662788993
0.11484839930424795
0.15717740978994688
0.2698007010166058
0.1101192727237521
0.06072421609867529
0.08540107867818991
0.3136298947881757
0.8373016521993224
0.11137714485385142
0.11271372467169427
0.7483950769682235
0.4712757972267979
0.5175506961221206
0.8256032153371614
0.17524457758418355
0.051770453967241004
0.03629804650118518
0.1611855180217281
0.2041358917736361
0.8288680787638836
0.06796531887080537
0.04121262653397628
0.024709347203835108
0.022153097927416376
0.18230632836656724
0.2681372972634155
0.9212337321833008
0.2496826473140985
0.26200794484163414
0.9604855978957153
0.7113443223476514
0.821072112966163
0.8105073702108326
0.7937020968727433
0.7293765034246015
0.775826612653267
0.23503825280207802
0.4734197091130007
0.48876020879903925
0.5075056366938023
0.7992190837567348
0.9205912710370858
0.7761841441782364
0.8401474441488495
0.16540456783923818
0.2172697454109327
0.2568282345665357
0.3411003567294233
0.9970044606460313
0.9990451013318503
0.012864886581746449
0.00966058220256727
0.0038264076802823066
0.003970556517682078
0.007961892237991708
0.015469690416802906
0.99803087639857
0.9949220678346228
0.13866074402288586
0.15606693521890114
0.16206477635961025
0.9689290794479088
0.9753141612398974
0.15362187488208712
0.15842124448183637
0.0073948421018877886
0.004698288020902219
0.15596301615955155
0.01194349332893374
0.6952777960394207
0.6678787152210753
0.6534587249681079
0.8484143798845032
0.8258269105151965
0.8457612189883132
0.7229411924397793
0.35710892040503894
0.39753743538137143
0.413829361440633
0.006059825427563004
0.005347810859064106
0.006568279388558862
0.15900842951189942
0.0015014801513796305
0.00332995099785105
0.013682090968591631
0.15669013793716935
0.1689718874758288
0.0038367932067373545
0.035045909317473756
0.6963596844994049
0.07445174957845047
0.07138701762859934
0.623442212569627
0.39338060952934384
0.5072071346205588
0.11624812215987546
0.39719016727054157
0.37119325153252636
0.9190533550175531
0.9260287686239115
0.8243102712070864
0.3103822474883472
0.19650810706915478
0.3935523467700853
0.43556074359851515
0.4224394474751716
0.33644530451022514
0.9257712680159593
0.3197529261185492
0.3231791203493951
0.9820440540136914
0.2510096674233542
0.22349127698511584
0.22857609221082487
0.1419865002585433
0.0029684045919746715
0.000863842948953697
0.001111416083659611
0.17532707375720225
0.047365137353957865
0.045559252491018
0.030742262905639417
0.42270894056018804
0.2003500123005697
0.6200495259811535
0.7510555059785121
0.1466211842602283
0.06823420459446905
0.07973696185506829
0.14094117409560458
0.21689861300136015
0.8268900501751975
0.7503679036278841
0.9276781900095492
0.9503637919245171
0.9776123750336648
0.9707076362069702
0.9833818995899559
0.9844137890726581
