0.9543829666074592
0.8087768782957115
0.8999187298142065
0.6892519585859003
0.6987745641163439
0.9686184640400882
0.7462492282090636
0.7022524570367623
0.7319668522196131
0.9290493050334011
0.9833126480529284
0.9175259635256059
0.8532377363558956
0.6297339301603464
0.6103650482776667
0.8763555082125665
0.7578222762138951
0.7757418274434809
0.675678360956719
0.629491089972182
0.7086913410118234
0.17934351643854596
0.07209968615350903
0.18190247334019904
0.18067401146371764
0.18438463939599448
0.2777596936570512
0.3739726359043316
0.004432946186479381
0.0036935533783591934
0.009524860501188837
0.03153930751186729
0.9913118757446198
0.03397153859209745
0.004249011830080085
0.004942848261399457
0.0025077747976771647
0.0014149267715487523
0.001961334630605216
0.00029745897193245163
0.0028755879491438874
0.9709205555381226
0.9917010200499561
0.855702352745196
0.8451331525873695
0.30655729832991574
0.29585597070959413
0.061327105982109775
0.027064695453994814
0.010230241257627282
8.584963712632288e-05
4.734080363211213e-05
0.0005986687127272905
0.015060518393135491
0.9713319711063586
0.9714128968778275
0.1419496032477756
0.021626488885322148
0.02919787249289474
0.006188449636458593
0.0010442950101567927
0.00015371783451034737
0.0015929833424590534
0.0015559997371814571
0.12987626583258305
0.936965990348157
0.22118622127948984
0.13928149066244022
0.6635046214276183
0.5600151096988027
0.5455644447931012
0.5197633808292605
0.45214638943494423
0.4294946448839223
0.2514114671423906
0.28205077954321867
0.7108532429450783
0.7049438406506632
0.9064301893742596
0.17372545734740164
0.058230817197140405
0.10749457839588472
0.10710439747280465
0.09676351866804789
0.11542194233660386
0.052721129042544
0.029581343702229757
0.047731836387220006
0.3297709535654759
0.039404917166364184
0.15692420043561117
0.838699671449771
0.19963517301898415
0.20556737604902686
0.7614190884691023
0.09376341438281888
0.13684822088164783
0.9612711294625018
0.24950458577964418
0.16687694541366171
0.1654330512123965
0.03158446921832636
0.1298757771974416
0.17132851695421603
0.5741705772357121
0.019274292188893316
0.030596385399156656
0.4742029219776648
0.40192847656720143
0.9706810983668585
0.9745466658001274
0.7319976990287729
0.9640270899534209
0.14737381107727543
0.06953557078425399
0.056872972610659045
0.04084009405596356
0.04184312667768708
0.27487402991532595
0.47744638017706054
0.6330441478307471
0.55575297504441
0.49419308710795085
0.35027565006212236
0.1768696169730447
0.02034394360688463
0.017332275224005156
0.02191698921241758
0.9884854280509203
0.9854410324446017
0.9815846526602908
0.9872398091881551
0.9961141360118396
0.9949675788818888
0.9839964676720316
0.9960552686671394
0.03124569989967818
0.017499696882785964
0.020481893379779348
0.02723387721289372
0.026883904506577072
0.0233916904465733
0.014151456623324399
0.03639631630512308
0.02165970084748159
0.013065852297528435
0.04050512406954809
0.16714396907707907
0.768905669084769
0.07901923073469486
0.15908303081105246
0.13752650888662055
0.9480337990473356
0.0026452736492157403
0.001585157399550341
0.0418555063713234
0.2236605552909402
0.8949946730925178
0.8805978313022801
0.9900525016504419
0.33152889823685294
0.1502660201373125
0.1511919730615312
0.1298668577082257
0.9606305244005148
0.03888657993672773
0.0366003610036737
0.047986948241248606
0.8769679212929004
0.8630911468722873
0.8870315519123593
0.23842513398671672
0.020935302143605394
0.08916321014268147
0.09522491892435136
0.09957689735953679
0.26681357249020876
0.9904697975067284
0.9076507237284882
0.9239034343420446
0.9538878160992352
0.21730214720555163
0.000778131544366456
0.0003445665784503893
0.08359838008742593
0.017507533281844068
0.23188298414074449
0.57729855315712
0.6103004653018358
0.9535487706018562
0.4590188427266343
0.14809334292616572
0.49172054076127103
0.10743750018339349
0.10407059213437597
0.10842392482382024
0.08675900826601379
0.09001770184105784
0.24358795895391272
0.9742194090117818
0.2636472808025343
0.09039928478199388
0.7810028863665222
0.013831710287505405
0.007829183058604805
0.6845943060378541
0.036015950763227944
0.02616341571012326
0.4612553537727705
0.9922474630036638
0.17605693198576644
0.0007196156169131385
0.0005443333494846714
0.008172685874186403
0.008083747680044717
0.0026329716939268444
0.9545529455438885
0.9614807698518796
0.9500736138475139
0.9996211905043605
0.0530824414873472
0.06922846803357519
0.1365090636023646
0.999736438849904
0.9618810432047865
0.9872416934179713
0.9952851975504408
0.9629297600364896
0.9226719956789481
0.10193351099370396
0.07466394836744461
0.07616176638196936
0.9900332340243928
0.9935067751167019
0.9838653804894194
0.9930469631381964
0.0023547579225655646
0.007297824282591181
0.007487673222455138
0.006046370582058036
0.007398670395619589
0.18288756429423025
0.020510801628266906
0.008253289391073282
0.02604373630256862
0.04080357036625393
0.34280214283407495
0.5979922964173054
0.12831489931347473
0.1493702019449371
0.2020471196170508
0.5196349418212074
0.5637434551372189
0.7513146163151303
0.7874265792413989
0.7231214646991098
0.6746569284769607
0.20522227195748421
0.29479757655541794
0.18436173353652918
0.2319532153291226
0.6146320868315205
0.19867388445198686
0.6620662118771754
0.5104169856535693
0.30970305078750926
0.1374448785338218
0.13618905094479672
0.01270264820401168
0.13060083242047293
0.12515124348074325
0.13478923920399333
0.13307356354460098
0.13294926808971597
0.13283333694873078
0.10160161791340705
0.16146555546395913
0.9442813634882149
0.9184931088352052
0.018343893004224454
0.017617177295648045
0.018228049908816213
0.021473736233183716
0.053983766337562855
0.09348929881391166
0.9315549195467658
0.9708200746470711
0.03155447569069103
0.04780066922694137
0.038678326432887045
0.05092170584053801
0.9920102744528262
0.015679098828980553
0.00440441756376142
0.005726146928904274
0.006821110570439104
0.08560884953814052
0.9935104230309737
0.028077582526910394
0.005428372731937525
0.15144721911781855
0.9950640895774292
0.9964534429703445
0.9991624491548808
0.9983917415075138
0.15030271438378706
0.004210283594595521
0.031234638129258085
0.9946928807534147
0.0885463919166607
0.00956427510173119
0.0018501188739301622
0.0007030101178533421
0.010700356085213025
0.9444875095248515
0.9955422238449584
0.9982909681463626
0.9701441394906332
0.9628172002312092
0.986005579976687
0.9798066114024155
0.9986870018733769
0.995501611439961
0.9849423707466439
0.984254843959273
0.5472671064998966
0.5230671746057787
0.9633752609965365
0.12032081181890997
0.10912793168010093
0.06710719138421362
0.05799467463898189
0.054807813300762454
0.9522532464770846
0.963292925472294
0.942928170675673
0.9308230222514172
0.9277811623459253
0.9543453292128378
0.964825859268962
0.09962547069628991
0.02169508168045442
0.011370375937970634
0.012035206625086836
0.0026433908156264785
0.5135282899975022
0.6602653810197261
0.014277998691321847
0.03317650222288182
0.03583829255820592
0.35990155122809686
0.369721777906044
0.687444594812265
0.9930710237945156
0.9938645228224847
0.4283246335387294
0.12527295218825252
0.0045012994384937555
0.017870477951974162
0.020789520482778157
0.9680993401910345
0.8243113692406655
0.843960386485171
0.8582054499831061
0.8936978212811257
0.026478808405378307
0.0711226984452783
0.03651785355028758
0.009833631460184455
0.9594373202218615
0.05706395413720755
0.0327689659969459
0.055824241969004706
0.07317061759834387
0.08150626857020493
0.0676298950765779
0.9154441388484992
0.9561341328354211
0.9866241711944873
0.8886212788663278
0.8520065405162364
0.1025368203693876
0.23032067240690512
0.22001142162280307
0.36463792234959413
0.3458164189799783
0.3036083631230163
0.743450244416532
0.41672082335109384
0.2562976228245276
0.6889145092863554
0.711821737020761
0.8097730380608325
0.8675250523626571
0.15651578757693174
0.018432920379613527
0.9524562573653332
0.008757856088716376
0.0015948997053258918
0.014126860776362271
0.008960083736531677
0.0016311510705053767
0.0003956387881601797
0.00024813159222736303
0.0030703477508373656
0.3240482840444052
0.921182568928024
0.35041077030670087
0.926736007746906
0.35358998038057043
0.29589284929333104
0.8276562583239675
0.8444711912153227
0.9830536245797923
0.004461086696673666
0.0011999905038444503
0.0006274003434045827
0.0008246382121948059
0.0021009744618113446
0.004829717651124721
0.027048959874814593
0.16064233533742733
0.797825991239018
0.8471494569278847
0.8454735728393239
0.8478140484347519
0.6425874019916666
0.8193265827725671
0.3239284918231454
0.22386221513002047
0.5404191185537599
0.9709511259077036
0.9936049467423657
0.29934282184074024
0.2724458614371338
0.21452248947452712
0.8293838395039621
0.8131619830393516
0.9757489651280814
0.9678501158865577
0.9582951083146315
0.2543474227956135
0.09372894577931279
0.12500424407003186
0.9813832903755078
0.9518233191769784
0.6089293008707846
0.739958407022099
0.5975096248620083
0.35898687291166365
0.7722910353337609
0.7487033458737697
0.8045642946554917
0.9122894322897416
0.9239419455333944
0.9542935602952773
0.9940536192455232
0.1773176072357281
0.0327061879791003
0.014259042973779779
0.004558379984900496
5.321812211744881e-05
0.0001152691050606558
0.0002000228347397437
0.008338449991446617
0.8816710421311226
0.8796596395990572
0.7949082638433408
0.823356212692811
0.8152266908423121
0.8007438314921776
0.7575607013907881
0.7809442779680053
0.8168301900645304
0.8782906211514625
0.9734896142715459
0.973709593398635
0.9445416407416776
0.9423626304566738
0.5291274696018667
0.15097910637172596
0.2371000918497368
0.27295863091353967
0.9574426773110191
0.2917560512647259
0.3237987786738815
0.3065973165850845
0.29631847092120345
0.2798566386549931
0.7975488905909869
0.7559126033442005
0.7480881937146064
0.8546564764435506
0.9221443091793744
0.18240463782432448
0.15725560060927957
0.12070954903532582
0.12344165622933134
0.2105292847514193
0.881097185691134
0.8606615631079462
0.9054429162859878
0.20227846384010473
0.2470915754456402
0.26125828101275783
0.5989853461105348
0.9509373539242104
0.7183895885008091
0.7882573129556317
0.8861768419840239
0.9264290385530521
0.9156098921734369
0.8552383355785261
0.8654855090875755
0.658242243224445
0.3163442779837782
0.34421208961629013
0.5942727779250145
0.7916956668380738
0.1435187151999705
0.21610944394954046
0.09002741847403184
0.05503304457307767
0.12767605961936812
0.13241818808115224
0.15101726260140613
0.44800052790941947
0.4510635007501913
0.7827997506859243
0.8292073070977326
0.9836515581220415
0.9727025419687917
0.6479366694845787
0.4512483451963033
0.8213005248798569
0.833696036867526
0.3181458521092293
0.056035038058761755
0.027657952863245572
0.033772078470201694
0.46344641857711355
0.4332032414774889
0.09463294141659828
0.19675820181679804
0.9480977631559383
0.7492582736839984
0.7465398016056364
0.8769999241669759
0.1663354119905095
0.15649922181166054
0.16420072145550157
0.22463883155568376
0.994846737776796
0.21061883411085036
0.15583912070594874
0.9871340852659592
0.9926419731764278
0.9891782120713207
0.9940150834479331
0.9885373059166516
0.9827773505717288
0.9609673366465855
0.1633350737132644
0.20747031958088935
0.8912057831713875
0.10394456184982681
0.03822295206296733
0.004299798200255389
0.011958810374984918
0.8601450580143453
0.23868931597921217
0.2469278634906662
0.8201681595542217
0.41481249859001557
0.7098427531704214
0.1823938391429868
0.011496290864617342
0.010953995937345029
0.006251642448060868
0.006539381635006003
0.002203345924062017
0.0002968761544112075
0.0005412483590521155
0.008063091305883563
0.9600099363407761
0.014446550631870392
0.06445912998576397
0.47028213244432027
0.5262456178195034
0.5182497286853704
0.9417118852850199
0.8678297668916464
0.8123305890324477
0.6688933136055834
0.8068181226439405
0.9582965190065016
0.1574920627251073
0.028729019870513017
0.019925907188345304
0.010792611127664609
0.01230754801759093
0.024443059960747582
0.02607226009201502
0.02333247723889542
0.16740203393425812
0.031883179581698506
0.026165360533673798
0.025788197466641294
0.011840498038367286
0.00874597470303673
0.24544188418162327
0.23796375692625404
0.42193796473472267
0.19120453976751084
0.1492778393293669
0.8399372614192522
0.0143940944595492
0.018750827426072814
0.021383529478854912
0.9784354604022328
0.9835002903655687
0.006894703666377122
0.0009545082109221337
0.00019510075404949312
0.001275832423161205
0.012818737138850622
0.9544558612474471
0.9999572630496499
0.9999988727291284
0.9998290364284472
0.8026174264221717
0.9997552880691385
0.9554178423485388
0.9894644197323813
0.984327699020225
0.9996886403368005
0.9999984539862635
0.9999469574326026
0.8037520167014311
0.9348920885216327
0.9973656957838467
0.9487088745639152
0.9971643843798875
0.9963355232475256
0.00875720175302519
0.005893336714778874
0.0021609569362962544
0.007980423359640554
0.005564581849458294
0.9918435076081531
0.9927019464728392
0.02746433052981556
0.03524682642385424
0.03714312924812957
0.9989036509321892
0.8867333092446193
0.874873691127217
0.9250781794446388
0.1887349859801014
0.0018052728589285083
0.01679642815512683
0.01686281659176947
0.016876869370780367
0.018258204504637776
0.010865481776972885
0.013972528124408856
0.139547212582822
0.16732117983933026
0.9418010229495043
0.9814858509600644
0.974688902732698
0.9703258493550951
0.9701146682661214
0.14520944661162138
0.1109814276492902
0.998921393921553
0.03913364598867175
0.002776975507299495
9.328882208814449e-05
5.283656552856897e-05
0.0016740291954533415
0.002065963278832905
0.00045802337163658446
0.19066598751195207
0.002751940124076202
0.003758786254670632
0.01556480912074576
0.031536292816066624
0.021533366065122572
0.021625892904124977
0.015318539104021811
0.0189144448708769
0.8923922918398383
0.018418172084782913
0.09742615132940102
0.02320259929935964
0.013781585701372667
0.9282583247626686
0.9458635460143646
0.9307428426106034
0.33864038197865753
0.2994494888481035
0.08887578827664122
0.0800530245815434
0.1417690439481697
0.3525010723601649
0.421393026054528
0.8469925459102141
0.6240910405941174
0.6337128148169231
0.8906715945277802
0.8691855096302905
0.977840005730705
0.9694821454716288
0.9935849607196987
0.9894432701191497
0.9477227789169594
0.9368853571106859
0.9505465868556786
0.975516731150773
