0.9991198788102418
0.7657952054838415
0.49400060711591287
0.45588033308029685
0.4049647324005442
0.44245165711641965
0.933388114544365
0.6099172940003341
0.10595052773477875
0.10507865328638533
0.047427959297067446
0.002439820782325852
0.003199622223676868
0.08206596155299961
0.9368704424851149
0.6417106485390538
0.9993229565013975
0.029139892145891633
0.002608293847595644
0.0006170393487580084
0.001506164681880584
0.003980500093748951
0.0020910110789230663
0.0011392710358697489
0.007631073057147386
0.04505714148141515
0.9923092518091465
0.9921743701516792
0.9991252946362711
0.9921753605166496
0.04490137707866215
0.00816262403217094
0.0032673343345085426
0.005661970694479157
0.0109718910580896
0.007775163478436875
0.007054197265689011
0.013943097812952332
0.036081331536954364
0.9622230674346656
0.9963062355417899
0.6633813513379231
0.6026264017645264
0.41216292964481005
0.01350180669512202
0.00662781576821303
0.012405807745595854
0.07535481537093391
0.18419865946450165
0.6411916717647383
0.4116871197229619
0.546158199623364
0.4295273301746486
0.4348619940478785
0.07057462361820721
0.0202535792252595
0.34109817291664346
0.4456327053017518
0.5337384694316809
0.7132876204746047
0.2707130428232105
0.290566564761909
0.49801188475606306
0.7655571442606235
0.6252910949262314
0.4936272570701081
0.783843510993463
0.6295922348242813
0.18415937512142522
0.23701362744144083
0.9467211992732557
0.1967110447863889
0.2246494898237653
0.5210042707866154
0.8287101799493446
0.7112015986412846
0.6760131872475212
0.5648275909719586
0.5605913561718996
0.7156174350588006
0.6221631694462493
0.5912149302832979
0.7578003900740113
0.33104657405531224
0.32243013517884733
0.4410575615491078
0.7942851952455828
0.3390839942209104
0.1792040218683657
0.5387788594026621
0.6756075465282912
0.5860352027888327
0.627143779434703
0.5065775474773997
0.36581576109768
0.08871676144380669
0.09398465664860378
0.15569030008338525
0.890025141209683
0.8970383863953139
0.6291621719789677
0.0715799308841597
0.060437223010699315
0.13321889861784464
0.2637439993834306
0.33225123276870405
0.4411463547830796
0.6830015427580417
