0.9937371345320183
0.82999278068611
0.9524482416862438
0.5969117816073148
0.6848197959205347
0.5256558733440251
0.9978901504590554
0.5688138716316656
0.35218961344278
0.33869492298408477
0.1261559156027423
0.05043986967272973
0.39199696563342
0.28842347280618275
0.6763095993271983
0.05834825542637734
0.0009543199341481845
4.231219066952452e-05
3.316991765867083e-05
6.784440637186417e-05
0.0003121299519228682
0.0008605350389747635
0.9994300250835945
0.999949727151121
0.9999530958331744
0.99999106219532
0.9999974012767827
0.0006266999718776978
7.806104711260975e-05
5.514956202667953e-05
3.2916883267009034e-05
5.4203270048458485e-05
0.00033371630536926933
0.049158107936428275
0.9027248303553768
0.9963538262127682
0.8003654974639778
0.957133040858299
0.8739463878327284
0.04916187389053939
0.0018045606734732322
0.032191279782917026
0.01720690154569282
0.027891634743926308
0.0025539785086622357
0.19514110996796508
0.9342348121576513
0.9435568352700299
0.9514150967587474
0.2088429983256752
0.038766829092983124
0.00903568374406849
0.03673082387868232
0.01286510478074332
0.007898154097717547
0.007408884801135107
0.7870218027047089
0.8377615672795253
0.23902132751989813
0.27345590364494266
0.5482410173407334
0.6033838682856694
0.9486517145358725
0.7924001638618512
0.7303714989002413
0.846399570968115
0.8923466001402309
0.1730818201471147
0.1707637978018799
0.17389874005538575
0.8300283571302628
0.9972992702725635
0.9373491292593774
0.2833752902732434
0.16094346553625816
0.14369404297820254
0.007412931836415115
0.6700514381217524
0.6679098480844683
0.7219492661315177
0.9926007326368808
0.9382935225664387
0.9347023985372287
0.029710550786294032
0.02231128689599926
0.29299969668635206
0.009744876613774545
0.684194799852144
0.6891192820570036
0.7696048764366992
0.3375114545731056
0.17581873098538914
0.2066900372743523
0.5827460906242449
0.7180671222895814
0.49076580862099706
0.03471459091638307
0.04131503714476592
0.022459261848363776
0.04717915319407073
0.9343540629304844
0.9293963202971216
0.9328357629173241
0.9701833954764786
0.971185616853455
0.05611418205406393
0.007240896909165073
0.003258423215949935
0.0281786741838993
0.9950383605249971
0.948326426448519
0.9701258383089046
