0.9676498696119208
0.9021458658578781
0.8810022000629611
0.9030064713277445
0.8383868605182829
0.7891302597137918
0.8801436002838012
0.8646112544017932
0.4292740931786331
0.16384607816574048
0.06401074498114201
0.16685935922155515
0.0601166322419141
0.36168585410151965
0.051789799160754435
0.10092091901819789
0.13607530412454294
0.09794121653976218
0.8366003630640964
0.17395780034766228
0.12721785135962316
0.12288926896352925
0.011393612476788495
0.0035076879599692523
0.03049175057703979
0.8729362084245951
0.8756100004929133
0.9080388529096567
0.07222388274688951
0.06366168355253221
0.10859471254016617
0.1260112528090589
0.1260863528892857
0.08676204677043253
0.7039188127463192
0.12106644228669361
0.23619306238603366
0.676294743638189
0.30369868906683317
0.06116629855661804
0.13041357650994356
0.6462420868419823
0.7209991644672062
0.29913044890497364
0.34532433030919296
0.4238547199828532
0.14179513733746174
0.17646199179781707
0.21065817481898907
0.05721435538830866
0.06265067231862487
0.12148072419835854
0.8348409833582305
0.963901259712102
0.8897630411992434
0.8699645321209344
0.8898245160970234
0.14206892922187786
0.1358266849393931
0.11627511803282131
0.09007713811452633
0.11492924282917272
0.9691512475413475
0.9709169316143611
0.011721220260835663
0.00992261658482807
0.011905047380037614
0.861160533427478
0.9975315828907367
0.8821472333815258
0.9831908871576261
0.1312301570655079
0.040714644508807796
0.028793373407952738
0.9760293052578453
0.1422944551664267
0.06013383662593352
0.07584998153390143
0.055061358432551555
0.03897449577307055
0.8209976077058062
0.7968065303274048
0.7834319054340895
0.8057344629202006
0.7981589697941072
0.10495365913641619
0.02260740114568871
0.2209812426201797
0.22994961239189649
0.3458388706023575
0.19608659147397012
0.186956164657891
0.12761674663693923
0.27082329073811784
0.27342376503095445
0.32265376179336624
0.46529687591552993
0.4867749484295276
0.6115689367862692
0.3544553176168871
0.461185948181715
0.43095547216080177
0.39608321980555183
0.24423639548231102
0.0757465767830372
0.48875307047169825
0.6764865143265613
0.672888355732467
0.7970687586030887
0.5472236228640848
0.40178923988458504
0.38002828154411383
0.9018306109306756
