0.9985327863637651
0.9916225945016865
0.9864129095164235
0.3030318033721976
0.19104167806176364
0.18109063962503358
0.13959531963568983
0.8482606933911441
0.9489512678671551
0.950169774945804
0.7842682205251723
0.6872559080242759
0.7169836510595378
0.7452209270394801
0.7713101934135249
0.19510570724317322
0.24118093147089703
0.3094942233894509
0.3122708024470222
0.05489206408131442
0.10198063752065023
0.1139407080190109
0.006882248789824574
0.005519067039419845
0.0037268819107243445
0.6284692652186186
0.09542850015017679
0.3736979441901629
0.9209891755983384
0.9811399049010219
0.9976497597918155
0.9963278620948527
0.4464298966396535
0.3839153688093998
0.30447621485112464
0.355521867435481
0.3621324530929797
0.11878449607632757
0.41938974919606886
0.6275101276671438
0.24934025079552224
0.006065740348673243
0.15051894387512255
0.23067107245226715
0.06974214958214431
0.1437343806399285
0.9244785637709025
0.9220378098792001
0.807397541328375
0.8863410819379018
0.9758754425642269
0.9619652151864364
0.9581281430957802
0.8422373160380108
0.7685196502507057
0.02661695344479298
0.03366346441999757
0.031364319611503544
0.1415812379669782
0.9195216262037207
0.9733961426371486
0.9724854125256597
0.972853585777391
0.9886383769671139
0.8986560110347998
0.8894362274648784
0.8948644982926811
0.8960312354267873
0.9079848423558354
0.992049566394386
0.8375803414579753
0.7588985325613214
0.8015762622159457
0.8294970348841646
0.843855658291605
0.8983952028997516
0.7682654934631474
0.49073814146866723
0.4879505366789215
0.7108104539254962
0.3400923562999646
0.2633062618972847
0.2223550038526343
0.21773157271526355
0.848515302357611
0.7783152747108029
0.8780108008568446
0.2955341022183411
0.30159096407351216
0.021116253135700203
0.5854588201648399
0.05301732791960578
0.010143141018720936
0.007419429972574942
0.00827083360090608
0.00671257693374383
0.9984857328454304
0.9939579281651925
0.993182076708228
0.9921395671821889
0.9919640899218741
0.006101941663832933
0.0013817742205333161
0.008275610466962013
0.0057364277194902336
0.046601158698291734
0.011095645981838542
0.027547197335805795
0.4057242227764981
0.9624295033883244
0.8218653150399735
0.8295279657250625
0.8456496118730632
0.2707036126848211
0.3070556249795682
0.44670957997792826
0.5487755094939775
0.7717360030388029
0.8975800229819273
0.9419805420771743
0.9528111988664806
0.9956933458489057
