0.9915300304674747
0.9819034531531108
0.992603202689417
0.47089108770542853
0.05442860132379557
0.009232316906835791
0.01427870407129661
0.004874572994394644
0.987456632798332
0.9919185099854566
0.9957018740349128
0.992547788117513
0.03750036657406375
0.006826008988889187
0.007999581574934522
0.020719910411557074
0.9982865723974391
0.04817641168781428
0.0749400089741552
0.1760858031437288
0.3824443806319878
0.8240244374174435
0.7041615324220498
0.842462862939205
0.8246831317968931
0.9846919256424304
0.08912936370524105
0.002732749613538976
0.001151656292767811
0.0029304167332753206
0.018912232151397035
0.13933609546398917
0.9983576379533403
0.028336804474151656
0.026562639875031824
0.07543336847446414
0.9999874019088417
0.9973667872627298
0.20821684604390933
0.0065077772816797275
4.708021488397662e-05
2.2336421900637227e-05
0.0007064808280170531
0.009523038712624499
0.009645538984080937
0.012782017484401664
0.971980717054192
0.9653451285679729
0.9995207340313346
0.9996381178856282
0.9999993942466132
0.9984810546457639
0.9658308064898249
0.001836754578853017
0.0018440926478976438
0.001899587235336897
0.0007017752445950265
2.1555831002939563e-05
4.808591092253511e-05
0.0075693679980600725
0.20966131221376272
0.07389292416086302
0.024739304125040662
0.02676001330926081
0.9931345278034047
0.9855133657080043
0.9783614673971051
0.15540073034010604
0.02788300708326208
0.0018480801061055985
0.0003875873719157985
0.0007493932066110487
0.07872727567809334
0.5830693580911868
0.20999885951993025
0.0305748278041158
0.03874598303852983
0.048368744988423695
0.9940893527406897
0.018553650522732945
0.009629800101741859
0.008007498507108357
0.02765200782957289
0.015984023409980508
0.015337515266747759
0.01092697433205192
0.04848213347464414
0.4218389874299693
0.13590565643371488
0.07725787302734666
0.06538146600794592
0.23129230796042866
0.31133940537406213
0.9774832494988395
0.9864800710707843
0.9938940229111021
0.8376370369784
0.8246965208554694
0.8180890842504227
0.314913441682368
0.21301159853453855
0.2500830153426241
0.20893608158925958
0.2065494060531501
0.883124662536209
0.4663693261328018
0.473377128089165
0.5017711304567104
0.0723309455920369
0.06676626000760377
0.7029582947964459
0.6916261059217375
0.7783027326717854
0.946144714421177
0.9281580352227816
0.9855779035543163
0.8429271414141661
0.3779202956013411
0.4351258566438637
0.21929878537388825
0.09373121386204342
0.16045528241200147
0.6136793521063806
0.6495599422995717
0.9790360832198564
0.9987514534521067
