0.011366503062392952
0.005556770709506664
0.0047751536677898
0.15122067755125812
0.8302934842579361
0.8462758559172388
0.9961131586419235
0.9911560943837865
0.6853101901171108
0.6721910710021937
0.6771298043473171
0.983348702219771
0.7757212103680188
0.7353274536007437
0.7432643106887373
0.9830187109527869
0.9862138210404389
0.957533608623565
0.9514205865052355
0.9467474750456437
0.9416036823220623
0.7273432682247307
0.20602258181764055
0.13675917721574926
0.3133688617479998
0.030353970634573235
0.10104923505182561
0.03825255226219837
0.11314064390450884
0.018873036644071806
0.004390701193057955
0.002047295561155016
0.0007593420806449869
0.0008936251138306206
0.0005429498110065545
0.013996181683670672
0.06756385599672887
0.20104186527652912
0.9640528833679448
0.9175295450562467
0.9753969318866951
0.14211306258792566
0.0013781876084076883
0.0008276180400615951
0.0008546752750088205
0.00337476830230099
0.9995462773987493
0.9997610171862107
0.029813695128274365
0.0024951992892555674
6.292732963386616e-05
0.00028433864935872855
0.0002523812714947393
0.03920731394539534
0.9999884744115181
0.9867467891981184
0.9999857188532795
0.9999651286284604
0.9999975239443475
0.9999995545404233
0.9842161500026424
0.041814827474018545
0.0002353456000211418
0.00029827887327738
7.460465709274722e-05
0.002496652056452442
0.03370383999035653
0.9958436594401645
0.9999891515262657
0.002886436339955556
0.0008139110930698301
0.0007913856548085185
0.000986704195472532
0.1182139045094367
0.9525818421469415
0.1829068970249741
0.004668292480536573
0.004420368338894143
0.00659405265168489
0.026202507368216943
0.9998285614318188
0.9997946232274771
0.9997808524943498
0.025691681561147872
0.0060616003185496314
0.0041978716892074885
0.004606404754084359
0.24642443478197706
0.1979422535095856
0.06243364365396953
0.01123390886518194
0.00014645028686643968
0.00044893230728171307
3.701122600219264e-05
6.07260422991196e-05
0.004087620998001307
0.018304656806263697
0.060860306616884574
0.18340994396816068
0.8025140779231199
0.7078915066275339
0.9686503440145734
0.38089574188167596
0.3477988939039013
0.3428722317166003
0.16165118327333128
0.25166117750631245
0.80984639617918
0.17002384237102242
0.0012706086188427612
0.0025926136598121152
0.002016443955098146
0.0009434469611809826
9.101778371600755e-05
0.01861933009224226
0.12350365499427585
0.9861150261553413
0.9842967115008817
0.9863079753313668
0.9812215079950527
0.10945514828246805
0.024416788404668988
0.001136303729066812
0.0038817734599144726
0.018040508589201476
0.0028317643726986086
0.0010930342819587269
0.24198558788969182
0.9714581954801174
0.8707115175636989
0.8983422462355225
0.21563725390099076
0.0924955540347534
0.08954819765735422
0.7564363425613199
0.7726126368549123
0.011340938887261176
0.01817143460191417
0.04768108034847052
0.16532484183036367
0.155148163255732
0.1509476059019732
0.013917156978494605
0.059456645693067744
0.8164444945201736
0.4923784820517294
0.6865834704976448
0.6244713078761817
0.867829206536676
0.9391304064763178
0.7584874524364725
0.7665100988921489
0.8063999861935192
0.7407932662475757
0.7581722688233459
0.6430459570490222
0.789497712621514
0.371685622402528
0.24077070569440295
0.24092047616628998
0.639147233636072
0.3962553718313645
0.47062479513655575
0.44778060043466617
0.42951152475300847
0.32309684593453203
0.30299475998464453
0.8142160325319528
0.3651650697412937
0.6777817546555596
0.8616719018226617
0.807371116315389
0.8184456006826998
0.6642641270637248
0.6024870103156256
0.3246287515484719
0.6607090326593761
0.05738195889634057
0.055505687310402174
0.11862747535705864
0.3089800213473929
0.3652994380832896
0.5257034227514081
0.7154236691182881
0.7754333036261383
0.9377949756820282
0.7380968325424047
0.20320026884426956
0.051132598199634005
0.05091726525432916
0.07537284512101616
0.07271389713650178
0.058851195970876735
0.055492536881236454
0.056158232603083946
0.9870742423296995
0.9787100320504818
0.21921878454504906
0.24691397162857898
0.3926041746691803
0.25470021106075014
0.18430989090805427
0.20254597232901428
0.19005722298657213
0.007101941926574651
0.061336350433531694
0.6310035126274697
0.6510041636828798
0.2904301933295803
0.23355191593749824
0.09139228746621508
0.7569700622022821
0.7857987731248824
0.5835825637274928
0.7168859078872483
0.42973089846148727
0.25929598621247263
0.1047253241998114
0.16374397321429301
0.3203264022976129
0.8996257524297376
0.9143494135430611
0.9179742654617907
0.9073979849048578
0.9533325649788287
0.9400500153912454
0.919307444562519
0.8932624032908084
0.9171598683135936
0.9496024234249767
0.9600634006533387
0.9099593379141764
0.7444744426792297
0.5567362089450991
0.5963422402788641
0.992934294783221
0.1014233342575841
0.005681322911608833
0.0008995605543639096
0.0006070977482015572
0.0005656044639851254
0.0006171109817718623
0.009521228735226983
0.06117735366292254
0.9790003161990373
0.9736380970722065
0.9862802648035428
0.9931812061594284
0.9992983759823811
0.9818699979234242
0.9705235836345639
0.9766476369994016
0.9710222892245608
0.08021902079353438
0.020008260723303195
7.049556094629317e-05
2.6131945338625506e-05
0.000490174105497343
0.0001979310629435238
0.0010567859704624372
0.08564455282285066
0.7592086138414254
0.5522423098551769
0.58603522175419
0.9425776161779422
0.9402451911723851
0.6039580167679945
0.4785325987044212
0.3903753685845609
0.5645804162450823
0.6894429022431614
0.44066381409563504
0.5316610710942561
0.6292044862826891
0.7027985205222894
0.17996774170525764
0.11186017424311101
0.026673341241852055
0.014386125833344199
0.013697575968809939
0.01322773651150222
0.03789359939550163
0.0027099281637150696
0.002433377360188338
0.05738731490265292
0.2784930008685985
0.9232654066339928
0.9870703169777039
0.9680005781361815
0.7626463136887156
0.7576965876622737
0.6943765702465992
0.7000156209345045
0.9890116563253429
0.97411455869412
0.9733649779469592
0.963261017423618
0.9534118761979913
0.9045170408442009
0.9486028496720783
0.9933903749719429
0.0033173122660379306
0.0010430020693202868
0.0037798793665105856
0.008173001614570574
0.005342683819600902
0.9940907065127617
0.9904101682021763
0.003920996276791433
0.00047159775610172705
7.810692176080103e-05
0.004752723726747177
0.006443046079241621
0.04425549180805055
0.16158439987459428
0.9999973917052629
0.13769910485387016
0.012819098862024592
0.0006851871342884452
0.007744811883633962
0.014257629000267058
0.026511176890850918
0.1189736929723808
0.9999959768705994
0.9999963472625788
0.9999816283660805
0.9999965800338528
0.99544260825877
0.12576160861153196
0.030370814775366406
0.014461685553685877
0.0034135667225888566
0.0015373021645764817
0.017393711544210988
0.13870231500925323
0.9971985547673191
0.9077586688313983
0.18132776058917854
0.07668046772825154
0.04093017794156584
0.004749422484334853
7.940658454674843e-05
0.00048133533580141385
0.0008935798916472892
0.9999932315447607
0.0031631291765378267
0.0022849405484351992
0.0021318231516288533
0.0035724993838551766
0.005682015594329126
0.9775917857578348
0.7114739660593337
0.7585114543518381
0.7063980500501069
0.7051648838027101
0.9431010493095071
0.9577809571963493
0.008350408334117376
0.004615128549869119
0.0063015738681269085
0.9994910168849772
0.02339610410850934
0.001662666901833032
0.0010743831230382028
0.001959408634014559
0.001621552209948196
0.11465445129097596
0.9803273129054421
0.9714242428542614
0.9988508088721767
0.9992499335537092
0.9999032967749221
0.9565200550438386
0.999942832894582
0.10749594978041666
0.0017556166815683172
0.0026594494671897673
0.00088289011953957
0.0010560378579875795
0.0189560800450429
0.9959336317510152
0.9956349499851477
0.004138049966915358
0.005311640456293731
0.013407409874263698
0.38888391364653474
0.08882801817743036
0.005487854278007909
0.00034256142711708293
0.0011886311020076201
0.004715768713313029
0.03520102519391188
0.0031210756245476645
0.005498843129289721
0.014480402816770543
0.07760831035533489
0.7007521283654106
0.8331424061277768
0.2567036146674906
0.2730122017878509
0.8814867493342767
0.9148620596105278
0.49420482945794764
0.3500918359357693
0.29808693604472314
0.4962675548123464
0.6950564308477802
0.9489650598644768
0.9709810186528703
0.12187939729777542
0.03557270191280171
0.01433545793932145
0.009751732277086256
0.00383877083693418
0.002407003225644022
0.0021043973786702974
0.005177173731345297
0.0027458752141445997
0.949196268890646
0.9290896081211354
0.07053031732016313
0.07237208537466566
0.07314994933296548
0.1727783280538605
0.9616765208830637
0.040206377670672255
0.10369155118884454
0.9413601989647389
0.9466466082569275
0.16925240734442604
0.12194932074305775
0.12147448792386706
0.006464763628036163
0.013934371866068496
0.8478676351291469
0.9870428415852744
0.9948240797671439
0.985847068206722
0.9894878646624454
0.14541036145636466
0.1477270111894332
0.10717813321708813
0.12394029846386001
0.18127365492624536
0.9711432189220289
0.9651954110120337
0.48443126153565486
0.5282970385041438
0.8383851747211559
0.454044248751025
0.45161164590359615
0.9654744246051813
0.15899728628950383
0.05745891422613336
0.028857636147591625
0.02344513315346508
0.9608001206497935
0.9471319529657287
0.050731105980266644
0.017959458553366114
0.007597674917147135
0.007798301562365606
0.008276358193709532
0.026499250982219835
0.02972903709362984
0.009536877956400791
0.11242429390710129
0.9749791563575076
0.9870532103344074
0.2965448121815504
0.1339593298470131
0.17501541258065556
0.19383477172732466
0.18106739056493093
0.4053687876922514
0.7586651665340721
0.8629185980671003
0.2968603241692296
0.24021420371487978
0.3313973818786272
0.9063247754449395
0.7150061751479037
0.9050854920421256
0.1927410358960483
0.1513774255023268
0.1534589611252969
0.14629529818473774
0.11452391920177274
0.17928056381179114
0.02152309268714414
0.01550372048330495
0.033897017981629696
0.01284428975368801
0.01802523788233301
0.052613001692578876
0.08258582191053143
0.11598096762068955
0.10718930267336557
0.40869533170696715
0.9535218843148991
0.2708946381369297
0.0037747001780571443
0.0414877322488153
0.3831843977022624
0.9985294195748691
0.009766675947587289
0.005277375644149873
0.00472566979842115
0.004923667593460634
0.005219682828438099
0.2597336445926117
0.953460576251346
0.8838623526814728
0.8677466780422535
0.8822406071861034
0.2661723967077042
0.06698969261517851
0.020564895747014478
0.01257498123298173
0.013571895837560355
0.030960228522569078
0.8502722880112726
0.3797204113719117
0.017571150487651566
0.019644674680608487
0.15935900794939895
0.8752068512527845
0.2565243653219561
0.07701454612112335
0.02856931322108347
0.007628191966897235
0.004255542149033453
0.002626429790965723
0.008381373301558193
0.04907959682904295
0.943265123148353
0.957440607766376
0.9439384649384674
0.09225113563296661
0.04894090645639082
0.017272465643406676
0.014041509912240513
0.023957632164074538
0.06147668465248479
0.20678880227279506
0.3755147784389127
0.8262543498591406
0.8566174901332151
0.869171960014937
0.7870132317920976
0.876228721417023
0.8347927735105982
0.030095503666272116
0.004736882020749511
0.008679177391179738
0.008778553965431923
0.06418752863326771
0.08448553789063973
0.016180924207352843
0.01704522136201847
0.9163894405733704
0.9158475976846505
0.9208753714700548
0.07804441945633112
0.06707512403047355
0.08494945723017455
0.08872996919373455
0.026085782251483502
0.02252727732641191
0.020519578348580203
0.011003773382950333
0.8051198574739933
0.8022313344584187
0.7310835295371036
0.6922926015568057
0.7868977225969795
0.7871342401273166
0.533978647916779
0.5358232375483818
0.6100025649125148
0.7487416139400088
0.6629024111883421
0.6559735139546563
0.6700210569735244
0.18759123681761947
0.17490459586184737
0.07665659660725499
0.2939787492241671
0.8113256816143883
0.7643460549836701
0.23057005299947053
0.12394193779347717
0.20858845696629635
0.28346711924527923
0.25830938077910837
0.3005427348108445
0.30418434093153546
0.3740014135369869
0.8480406447687938
0.9066117984099721
0.8536386151494773
0.8590633869328261
0.8791194290900867
0.9087041450528613
0.9285844460299015
0.9373719749816742
0.025490465021243525
0.021109388912237792
0.0371686041695638
0.014591873537007527
0.00809362396097546
0.01886182191088781
0.9598450150634374
0.9661026094856396
0.979677968230974
0.03829360514540581
0.02122137805617985
0.021160116481381497
0.023456871821408654
0.014913506285070932
0.032095408782177315
0.8991829407183582
0.8998373045347042
0.9581261388773522
0.9505211364238659
0.9397597865045224
0.93919372152695
0.903375486887409
0.2686590578106851
0.13506311151127737
0.13672979716688793
0.15303466710684643
0.1156742678172944
0.703188264009101
0.20121424224040896
0.21953313884444614
0.2856318007774117
0.17040900795649216
0.12235963589236598
0.09319057288351995
0.4385702644103009
0.9316320965328682
0.9070510903665963
0.419917777751764
0.12072882031559973
0.09500851690997392
0.08865619079582499
0.08801344682788581
0.08916273434389566
0.007259371065052367
0.006918972980096805
0.014221894774926302
0.12203941600186374
0.869831929055949
0.8470420802480316
0.8952985456591385
0.21175093033273407
0.0025810077023249445
0.002145491961398238
0.007834346362703859
0.9586051104797071
0.9644991438180651
0.9820945643949889
0.9807516985560062
0.9827610139287134
0.9963247287453315
