0.9788714263193569
0.9865306025448595
0.0035006373280837
5.855020810607847e-05
0.00043531159348886295
5.347962926560701e-05
0.0013095414913927295
0.007779419167369572
0.998702962409666
0.9572495269538182
0.9999996323903236
0.43339626300762246
0.9734663769552598
0.14440301613435658
0.006808455078362918
5.126791394005625e-05
3.7546268740196176e-05
0.007878774679461964
0.008322608195516001
0.0011753553732930522
0.004177178814065763
0.049112143772538364
0.998758068616266
0.00523107940686518
0.004255248193385741
0.010751807370725452
0.9995442345809967
0.9674149481778673
0.9983679951444205
0.998311226837535
0.999936122357563
0.9683708749813882
0.985665163012507
0.025379098699458424
0.004251384624242571
0.003636718222968849
0.9983696478349782
0.04678965852865147
0.0037254552541313712
0.0011455947820797618
0.008287021253540416
0.007832183322508457
3.873112785213184e-05
6.916317385874393e-05
0.006966656939275895
0.14429327388221536
0.9005323236005759
0.5606773072719704
0.9294196841894812
0.9729924927367056
0.9992014130953192
0.9830992385643325
0.024608920223111674
0.00131434223319149
5.2999797444108765e-05
0.00043525905461105907
5.718695337808555e-05
0.00431842104995539
0.9957484965393504
0.964669620850423
0.9997728020148655
0.980171871681735
0.976633140332807
0.9963051955850313
0.9947187545899638
0.25726302989637695
0.08316745154912264
0.0020177735889436166
0.0016747898560171004
0.0016764402206583817
0.00169359484606868
0.0030710803586349034
0.0060928044636502365
0.003996333846919886
0.002703907284014595
0.003867917655823283
0.01077254818234541
0.08442018768694348
0.999544287751272
0.7928264263444759
0.24835812456618
0.587030602378191
0.2746807282727033
0.0026343518123950194
0.0005971113398741679
0.006174378918405332
0.9998617084608764
0.019447870811458268
0.0012542998178075582
0.001638594319971931
0.9998686168675978
0.8920675925578121
0.9999003732273694
0.9999872200707545
0.9999866137629656
0.2554994792233559
0.25615483840783737
0.16611723731679973
0.9983132732534791
0.004144179919241986
0.00012123870630753597
0.0016901794410981719
0.2748857993905861
0.7458324405964919
0.3376518828697488
0.3007115479319338
0.9744433585907322
0.9337546631203344
0.7760257874850371
0.7869188331601813
0.08588946376738493
0.011399666761515048
0.003932327102237232
0.00296098179280202
0.004325647698076307
0.006139199885432878
0.0030993825394703967
0.0014796816522283374
0.001192577619866908
0.0011936542913605352
0.001613200856114605
0.07858138495123967
0.2502334061499336
0.9983096503347603
0.9790125559820008
0.9743395516679003
0.99466231220878
0.9993649464566536
