0.9362761253139477
0.9550705707545821
0.9485225074225903
0.5372150958814028
0.3660133124559982
0.34144286430450166
0.2284841554936573
0.3546387493040851
0.9222483483868583
0.9099405721758377
0.9489601220759323
0.8227105550025282
0.4840249498213457
0.6273108901461479
0.6498284740765714
0.4229804743256911
0.24097711535276956
0.0880979535614479
0.12356978144084785
0.5667484438494357
0.2940052352121254
0.3007119658246138
0.35307553891140264
0.6232628976072669
0.9225455889454057
0.9321204372380836
0.753134126816855
0.683695397765344
0.43916494504397696
0.240030668630982
0.06756794162697122
0.1663107524604912
0.6070988634533554
0.0030217826812926063
0.003259972998575611
0.6140591411777725
0.5573849954206326
0.6017627759707664
0.7644650548897032
0.5421055155214087
0.6352519207985468
0.8468384722813378
0.5809794281566274
0.07704546777637789
0.09755245775285626
0.3561923886309033
0.2983870362284683
0.42929767492049864
0.9068503326425882
0.9734361935295328
0.9224657730007383
0.97426947591326
0.9744549563464606
0.27772545230917434
0.29551260799463175
0.3843252983748111
0.5723340716381127
0.9446062473300489
0.9040643369642076
0.564650088124537
0.3450715010138454
0.33078374656135723
0.9881325584681484
0.9390741673725728
0.449618132395761
0.4923458756327659
0.5106362612607681
0.9028490466703134
0.8884918419552704
0.9103397158859459
0.03030763730784325
0.008104461713397293
0.025829704876211723
0.7713888298539981
0.4594246420369843
0.05098112252197795
0.3337324743620922
0.7877020314664608
0.587565545091439
0.5387471260990554
0.5417011114567006
0.15459505614930413
0.3881596017408312
0.6112875762890875
0.46183050648242807
0.700853349174076
0.733597437362964
0.474247112697731
0.7370901893908857
0.05349210139894012
0.17396804649753872
0.6736034883957694
0.5568113964903927
0.21116896248218842
0.11158457176140524
0.2005428895962893
0.3093981942322168
0.2296663445963152
0.11497730825712849
0.19294044869618132
0.04216979493172046
0.30137514660765286
0.6884019554719331
0.641208773333144
0.21014707249662967
0.19508411399710412
0.11571442927910869
0.883424214334062
0.8559808692818099
0.8052259521211542
0.820735481820874
0.07148130813009712
0.14949060120772073
0.19042231219796169
0.895973910044761
0.7905022828891143
0.7587770697318116
0.5861276641347318
0.05483064109346747
0.05653931078677399
0.06647845897777915
0.15811270332458038
0.5231274047486425
0.9696874168719004
0.789402663062111
0.7208252407623459
0.7241818923755672
0.8802638271284631
0.6624526650366016
0.6591350821585094
0.8815575716887261
0.7976788386370388
0.9990566441617349
