0.999575660565566
0.998432049005612
0.9986202247586303
0.9975046754033576
0.9979169885332191
0.9980901233765049
0.998661880993444
0.7911371922337948
0.8125498284016479
0.030982509314427142
0.1772696979115378
0.19659961535948256
0.9021674567223834
0.4848076795790005
0.9995240812060259
0.06523009147197956
0.00012061133851415384
3.382073345137293e-05
0.0011578364174696931
0.0009895316170129842
7.640895932869984e-05
0.003920817781383867
0.009874705318244414
0.08857372614931314
0.9928856855384559
0.014594937184644441
0.06409025052436745
0.999999943778913
0.010136267584730851
0.0003317567085896478
3.518164985527594e-05
0.00031224441351140886
4.167600724436227e-05
0.001376586013490333
0.017557404605512028
0.9999052464391184
0.027584494910910307
0.02246189403800125
0.08145005990262333
0.9905142708596588
0.9849808190513194
0.18966346312745797
0.7234841321091665
0.22887254166934
0.2281690333689611
0.7917031311350897
0.15352465983378272
0.080393852247018
0.07128524457873309
0.0004815256661121481
0.0017254847438710197
0.0011189820385830718
0.0008319155993933292
2.9608868896024987e-05
0.0005832328038709589
0.002469905330280353
0.01569996836528642
0.9942973246567521
0.03334518437746403
0.13034931756171897
0.9992607062648815
0.1668820329195171
0.0006906283581257222
0.008827367609000936
0.03183087502696702
0.99898434724288
0.9998731166655247
0.9998054897785197
0.9999925863657494
0.9988289179871189
0.9987981213371491
0.026410931498244472
0.0024994187693402337
0.007132621118518867
0.16684277872824138
0.9939682959303983
0.13031506113940938
0.036756249258406926
0.9998767746723493
0.018428912670718
0.0024660762005873638
0.0005843651281363105
2.9784900124396607e-05
0.000831924994491251
0.0011277194840102478
0.0017252487373778935
0.00047315780375756233
0.003728827141310287
0.011449498826241689
0.0817992532845615
0.7210934391480633
0.2201101660388748
0.23975090524204978
0.995146996806637
0.17563596358053568
0.9995729263220893
0.9999977827761788
0.0812986908037624
0.021990251639362746
0.02656701642907544
0.9959509146226886
0.0175151692612856
0.0013299449151574771
4.165440263648179e-05
0.00031226587950206053
3.5160383277110796e-05
0.00033173386813856176
0.010150900311111988
0.9987687195723268
0.06455367582488147
0.021326517036525217
0.9939918927202902
0.08613274692058459
0.007531605494720872
0.0016203153669038795
7.640499736716322e-05
0.000989539170762721
0.0011563705516647316
2.7528386086994594e-05
0.00011222555073431284
0.066160941272146
0.9950163170764805
0.3952145055876355
0.9979460733138542
0.20418688265043383
0.002596515454293069
0.005897226583262194
0.80803060494737
0.9763454518912779
0.9981041287409566
0.999484647889022
0.9983890891718212
0.9978033323802179
0.9990842473108444
