0.964574888525619
0.936904046578735
0.09991269985706142
0.15182528574571919
0.14902322175560556
0.14308922938227264
0.09459534572318296
0.8770392440324195
0.8641635562048274
0.08260244047478571
0.08223923344929363
0.02307849920494265
0.006126849301164916
0.005311543237286442
0.002925056643847901
0.0026478414152515395
0.012597293703181744
0.000479100967492041
0.06640314564962557
0.13541396434105835
0.24320278612049362
0.2912387681270865
0.4877185711890887
0.7009055640074955
0.4573149848439597
0.592509058168485
0.8159917465667829
0.2884293896421668
0.1896228939502992
0.2928071316506219
0.9438928760054148
0.926850016494579
0.9212123189411195
0.9664880867818613
0.9557951543534517
0.9391905822360154
0.9329066975734324
0.16170411037560317
0.19916715613200275
0.2503705306604854
0.8244711751865302
0.9406938810325765
0.7340912011516001
0.5901503305456575
0.14135561491108684
0.10983885412006644
0.5586436899368947
0.48474102698203914
0.09012396073637885
0.034842137348189084
0.06319393746009427
0.04508012986735177
0.043975628330156113
0.08218352518487981
0.08097961836217005
0.07215554637729693
0.07287485209102418
0.04031844376351623
0.03856206031231124
0.9470990718156354
0.9452372076174883
0.40626025648325403
0.21349218529948455
0.16154591501272753
0.1372903484752861
0.08960812081763903
0.8033604420234185
0.16918795813429988
0.12601476098820652
0.1528856718549747
0.9151256796280405
0.9153477224973892
0.09281485459798933
0.05969261003098525
0.051374787257860266
0.0582182657630389
0.8659333267488527
0.9107118464051198
0.16597946063157987
0.07777214758350182
0.10295379751646416
0.15198188374385113
0.17476032801194596
0.9832837101668199
0.9004132949738461
0.7695721429481934
0.7101992844473525
0.7528948013250276
0.7978165165877806
0.7242400810159912
0.5905669152940275
0.5461301558433018
0.9397725586975496
0.9279042846314156
0.3048271419159452
0.2778444558074403
0.27175243290643025
0.25746537760032007
0.269508020300566
0.9510748444352995
0.9567905349403938
0.7713585671654873
0.7708771158018659
0.7808657335054264
0.9661018117776532
0.12204863948862388
0.2596711294192946
0.09394575138414274
0.14029457714439952
0.33745501247762033
0.898216558167206
0.06572339480970157
0.13827993854660248
0.1397263561729991
0.16641871988790435
0.16189311039958065
0.8942304818434507
0.02226977477048553
0.016915026843293712
0.02616979325304125
0.08907525403070571
0.92605669414616
0.8631100903623904
0.20954712736622716
0.121462000513471
0.10185285229696017
0.8225935435937597
0.9320487160638772
0.11568026441802637
0.11571835618110493
0.14156747119696278
0.2581068395619648
0.4213065020217006
0.9423205153186096
0.8543007576830853
0.8836862595901626
0.9164711894300502
0.13734546221722976
0.14238934693602734
0.11370094756644289
0.09386377297820792
0.1032641822385888
0.9708230421499108
