0.9995142278153957
0.9641848947078496
0.9715322896948683
0.960949203364053
0.972581546662947
0.9917507359515843
0.9907194437164484
0.9898303803745918
0.890726794720864
0.5801415035423343
0.5946716286897041
0.7013019888075134
0.7091060320164404
0.6229769710783863
0.2824687682243947
0.4157676279196659
0.7285577112859228
0.6896489413490232
0.417780649680232
0.4173045885501281
0.4676230237710062
0.3960934421401334
0.4801644997027228
0.9707460759716784
0.9889713332542378
0.949399671067785
0.6583467675872313
0.9906240373606553
0.11532410852461972
0.03612429645201354
0.026194025560736467
0.030230812956033914
0.08331558209245404
0.8505834736813345
0.9912772938186979
0.9912318667045242
0.8894707230339594
0.9565045646974105
0.25103010487905586
0.22749250162151669
0.23028959577192298
0.2385707501040849
0.11239380630662821
0.841598947190817
0.726265746305242
0.6566286418517775
0.713228359302396
0.9639170981197088
0.10784678830874395
0.0885889379063568
0.29894663221937534
0.8953786654141133
0.29173466084059085
0.1887222010845735
0.2963290620289176
0.992302317545639
0.9891058116927436
0.9955689840795094
0.992645832663566
0.36180454479242585
0.20542253941267574
0.19874690585315136
0.6925861130680911
0.9612373930090851
0.7888582635388584
0.6495114545127822
0.7263600450066978
0.6517598575204799
0.20235093474821564
0.16679546378594567
0.15600296651185996
0.8102129304960323
0.8116998075882759
0.6977465456429552
0.21094449546324734
0.19612286077846997
0.022120805655985287
0.7164986138179066
0.009605754341305062
0.055380510249974146
0.07589154319487468
0.7049654326924466
0.19191958707780943
0.11455384370109589
0.047875500333676935
0.03125612902884767
0.003404070096757583
0.07339824000248385
0.022197531336301757
0.024133159364147616
0.017842961997216467
0.1005695887739928
0.9975964487842186
0.997120025591962
0.9947080108528573
0.9127040841004344
0.9054291673004116
0.9125559896333555
0.9714654691106243
0.9047745120920142
0.0008334290944304046
0.00045567933006684935
0.036625149262086265
0.10247227090024802
0.001862250892648687
0.00046704078903903046
0.007384114175218559
0.0005052322485536997
0.0009601965933736523
0.0023903294058503777
0.7232716756292275
0.45262879144595936
0.7963711456484353
0.7707814436082776
0.3324782414296037
0.013475450233039643
0.013362152159017149
0.018258097516208993
0.10011066718897288
0.3997386300475505
0.9912096267390796
0.9912678323977832
0.9908649459306316
0.946666801641354
0.9302919266409095
0.6726674114290405
0.810633347033233
0.45080340459008283
0.0518853041502374
0.0017591770523648353
0.004440334333553397
0.0032344439867970642
0.5554945955655708
0.6211348819182967
0.9447726581392577
0.9783208067012412
0.994939310843079
0.9948053867220503
0.9947587150594731
0.9912179020255267
0.43006592811810285
0.008227836430896307
0.0036029017947522
0.00334981137369339
0.0017141038894308291
0.5188915665702988
0.20057733705459102
0.3671562218523101
0.6382349712527297
0.9933680137670917
