0.9976273762933235
0.9983033976548968
0.9988109870899111
0.9715624025161772
0.9941199993414183
0.9949347095387749
0.9996491202538375
0.9854999655769506
0.9815264734105392
0.9778658577570105
0.910234902407298
0.9801321901121617
0.0418579093145417
0.004447564776743684
0.012032092039919062
0.020813240668277833
0.9627172292715209
0.13631505596057758
0.11888894158412933
0.9930847522893463
0.9690106852080814
0.8834203194442987
0.8550906253456217
0.8625618266333679
0.007283668195138371
0.00401786456351283
0.015304636906500857
0.0016708826525108078
0.983491838263271
0.9996943289174371
0.9840101925123929
0.9834319488334397
0.9841006137680447
0.9834546626699369
0.13637233956245853
0.14424766814245094
0.13965212324480702
0.14281109458525698
0.004339481839900516
0.0021071597375705853
0.0065962117916638086
0.11669937209278514
0.7744956817740305
0.005256113650168093
0.04911787256350508
0.08358688527305391
0.07882569475996082
0.10177735953532008
0.4646811085003104
0.21413184384800033
0.12251618450472401
0.03739358066203535
0.5984963528302086
0.2320952691021303
0.14680214185228324
0.2532918780908624
0.16420391135546553
0.1624213296951078
0.5025198276141412
0.7018738100733595
0.8600871848315174
0.8061443473872997
0.320997245630098
0.35494131188927114
0.5967335847184201
0.9740461462983537
0.9281166624170598
0.8976645929211011
0.3579160907865694
0.47360559650322276
0.8836074429741823
0.43244707510260993
0.4711013925275903
0.436151532858152
0.42117403937204356
0.15725174451330748
0.635679041458181
0.070456360870771
0.39118530393802886
0.4698597914408411
0.720339087978556
0.4736712141010566
0.669624343194302
0.7157250639772067
0.22771376212364514
0.2017163548817109
0.11301526025929509
0.012662238176632257
0.01578960615555358
0.13320486690456157
0.019924648423489844
0.009937468623368861
0.17337545444222002
0.15014695943040846
0.23217659315115136
0.10249532827525587
0.021941196369238747
0.010469276848350528
0.011088715979575503
0.004811783519041102
0.005698990881771171
0.37825743014527
0.9982335620487929
0.9996307903581026
0.9997293398663007
0.9977693684257294
0.39449515480553443
0.9974371292449443
0.0018591684858054736
0.0004351150980779206
0.000896950141359043
0.009497746539773644
0.03589902885619434
0.19617684441453598
0.9361256222759189
0.3534192246866247
0.35654686977943606
0.020436256637480832
0.021756373958545128
0.0046817419670166505
0.0016728574279669672
0.0057908197482420265
0.01881381967416329
0.9993182774734836
0.16094201631555693
0.018204713854327204
0.007545354194048004
0.005082744492400204
0.0055421957172068215
0.007897529073374154
0.0007840193344984536
0.05621379506223623
0.6316406870807545
0.9959533658209283
0.9997644384490119
0.9997681321026481
0.9915037609744412
0.6359728211437141
0.06037191814092091
0.001543906445519383
0.006651745145783705
0.0037832742322169155
0.0022845315057758997
0.007216033188652937
0.0184492510141534
0.1612422610901758
0.01862631124178138
0.005760601772302865
0.0009169832277016177
0.004309530795475469
0.029215736664746195
0.011160343461836031
0.9184004568177389
0.879438861352453
0.9060219453813029
0.9051757133029983
0.034602007247392264
0.05562588136548152
0.9992079364135618
0.031550118834995367
0.014238696015411612
0.020423836835827158
0.05440810658791695
0.9963693114192905
0.9587959637780258
