0.9994053746239988
0.9957804175774876
0.9996632065754463
0.9392129187982695
0.9404096411841563
0.9335230608959363
0.9365539287923389
0.9752826944002447
0.33195685191469393
0.005133235418377735
0.003664031445935967
0.008051456861588369
0.8305115461973713
0.006797251512795199
0.11404419632217544
0.17444373981105976
0.008004735173792077
0.018235273740561997
0.1270745090816664
0.2598293748342021
0.575527712479663
0.31177174481504455
0.1025282013614498
0.4641335672478263
0.8585870394991826
0.7525006983309972
0.9356105031275201
0.39048434116425657
0.3382719749721228
0.4245901557910521
0.26483009853177575
0.27800954535763345
0.06435627765507146
0.31227297747542604
0.810921993355453
0.6147466424132328
0.5745774187003236
0.5561208669240892
0.10940196711285788
0.09558829729635354
0.7012275001261461
0.4253293478857685
0.13970173476178827
0.13550643624843928
0.1371630686654759
0.5775137388868066
0.3497458462381877
0.46744503990687336
0.7386623148459309
0.6568685119811302
0.8402597515382522
0.7729125229094593
0.1106253207152379
0.08967281196836452
0.2919046105434897
0.6240505713509837
0.4751519183625009
0.5496865624309524
0.479932874558915
0.5247454565439966
0.9992606041830775
0.9951442975833994
0.078332856807111
0.029751607233219235
0.007004032752519707
0.02927964185191745
0.6633601924569147
0.5246981354633612
0.4228658578982566
0.07250700334399629
0.1920559339411707
0.18850062217270125
0.34970228332540876
0.19117038498291838
0.19305249208981656
0.24047782466187195
0.6222610628598041
0.3101809471152671
0.7522517751978555
0.8518657124737309
0.37234377055036283
0.18682478125381063
0.0535136739219656
0.0768060041642864
0.5420136759714889
0.5652460857863291
0.7536858276790915
0.9187579887673674
0.8222228589216938
0.8382983698059099
0.5319900019837241
0.5210289365511849
0.04585731884956101
0.20044285026755948
0.38567898301010506
0.43775423653633916
0.9544712094428214
0.4827228002958268
0.1311736923723006
0.2686819915031644
0.17028149254737213
0.14502734166470854
0.07098907185643122
0.11679880799362596
0.2657419336496486
0.29198973618978985
0.7880821934280032
0.8087873097693542
0.6640438305295557
0.6558865427205877
0.6454213857007098
0.6563825929734397
0.8242721685863664
0.4364133149051712
0.15672963968533193
0.12431936900995655
0.2421871483051674
0.7580034368948879
0.6360232738156583
0.5089302666414688
0.3470961114816893
0.06995237108103858
0.18777707930410414
0.002234283299254236
0.007186170844848072
0.006930588088857714
0.0004470924569657253
0.992951015166081
0.9929437626013933
0.02455790213371223
0.0020075633927079117
0.004699723713973425
0.007088067378141605
0.99950572678571
0.9994579837262626
0.999464562296609
0.9989325539692169
0.003599806338102307
0.00034941190375703535
0.002244331763956886
0.024597415150600876
0.9947226858127282
0.9936238845641122
0.001172493656140139
0.0003838098572707116
0.005016802799179043
0.02063323949847473
0.9055301975753287
0.6823343403413111
0.6731732630447986
0.6939448900375553
0.7169641719327994
0.14047339865056618
0.10559307086627856
0.12889565385122814
0.13606106434294818
0.9272299049504689
0.022699759468572944
0.011289352055473212
0.011614735296223033
0.8876642124987317
0.014878409623550026
0.019024757153159433
0.1044987613490247
0.3271864864439865
0.9974206886154378
0.9985469060942695
0.9997186043909732
