0.8424908532378032
0.7747635327844069
0.3366521313663875
0.3339000468211708
0.1650035254343999
0.8047193661526657
0.22462841529140076
0.7247819282131975
0.919963687807092
0.08109780553584678
0.09754307911068605
0.09797395096251393
0.829469374362171
0.17947818819850014
0.08010383922774011
0.7351830720980919
0.22120198184559803
0.07743307706290514
0.01670575151768694
0.45457479543197643
0.1869344691165834
0.27674108926882524
0.6906854272410897
0.9990964027121539
0.9969490519150025
0.9947710081098858
0.6077579880737316
0.120398986859929
0.0008214368623371548
0.0005821493736656302
0.35501795076191656
0.11864994391818784
0.7147574928355385
0.9963563789789246
0.7384206887827705
0.0925909203350006
0.0029135640598958457
0.00149459708331523
0.001520459280332287
0.9988614516416368
0.9995939149024943
0.9997414386442962
0.9995362644667268
0.0032910478555627787
0.00012856779563485965
0.0006283219333437229
0.08003930478100718
0.7206913734385122
0.18765378024117485
0.0058426361788324055
0.002528273006619619
0.8566070431823688
0.012015473166195889
0.016426184252840703
0.033432416029731016
0.9824501270864673
0.9871358762175322
0.8728496708981486
0.014629369206215603
0.0035681149704684945
0.007066493593191447
0.8562476131692994
0.004338926284314648
0.13861379145574182
0.1794735081534995
0.042439587688137714
0.032381930103608125
0.030306057571533707
0.02725597709467953
0.9755999201890864
0.9822595840773485
0.7074326148527528
0.8594493381541259
0.15241806585006634
0.0021935295305994806
0.008559791054100208
0.002238578043943229
0.0004580043267152778
0.0005533358061400317
0.9982498155934477
0.9975781103549175
0.9974925193951292
0.9980552176946812
0.0010791532500554757
0.0008532981873601297
0.0016001537663482557
0.007262143413249822
0.0013784326068155828
0.017638667124710516
0.7386353990871322
0.9763658911841614
0.9983807427287115
0.016031478656734266
0.009642945375227474
0.0059674943475328535
0.015342725611919295
0.8649817042203801
0.26095476530288564
0.05385468279989303
0.04260960927237867
0.027120956016586262
0.041290675153982326
0.12929533990632835
0.12392079357511654
0.12679763260883792
0.10049887177903083
0.8765254259571229
0.8657485278890892
0.8592379757468972
0.6911621766642618
0.8926228239055188
0.967325708933854
0.9641382056962085
0.9871640368405054
0.9964050205507489
0.9945953854354495
0.9607037851202017
0.9643123976343916
0.9909674191749623
0.8190332893582203
0.8633465621885744
0.860782212054584
0.8144280236824258
0.8546274214469498
0.057925274423023754
0.13670592562857065
0.13314848684389147
0.009232443602383622
0.009052776277802543
0.005302731518496695
0.14346895386467073
0.17095585429162918
0.3773256562496231
0.9723917635794205
0.9737884278644611
0.7124441102796704
0.3692749912372165
0.3659539628119911
0.7768483638212262
0.8905055253235217
0.8431158949032067
0.3839622746264122
0.04238285332384062
0.22529676603195736
0.6084130288571069
0.9495656351376653
0.9544137865204632
0.7382777463687793
0.7289982797969582
0.464754678993037
0.5888820080563659
0.4316541256159616
0.4171508608008565
0.03558357850704241
0.035663001822466844
0.24611949839964575
0.9779882099691489
0.17496588835311866
0.15464888144544964
0.9554064974866436
0.2609666863560933
0.11138475730354525
0.1208631387467951
0.7575151806580747
0.30968224809771017
0.7654789503901004
0.17362838286530313
0.2929535185519865
0.3774718067804218
0.9956660535679851
0.9987061981983736
