0.8291548834689484
0.7840966870457851
0.8054445838560291
0.8126575382296789
0.822824846679871
0.7004228902382612
0.4726263148585862
0.25594165900065524
0.26715439512850137
0.20132558747979035
0.19416553306093942
0.8414618089258171
0.010022032703723482
0.008430701426112575
0.01068623102513655
0.02375701754529347
0.06441572667635542
0.15785028055028472
0.9029572014125704
0.7734750290127228
0.25431140831347265
0.13818693278275096
0.2516511317139949
0.1049702039374858
0.09217182605614971
0.0996372558700177
0.08043932249246966
0.8292433718796774
0.5659201825786051
0.9080459032329385
0.24980220848982493
0.21750911478621748
0.763094165597769
0.9099137622648282
0.9105445041148931
0.016202047813993814
0.09211825273994223
0.010009465699509223
0.029487990322075164
0.2011916065758701
0.26630772501552635
0.07403785587942135
0.7371726914683341
0.04832967339010985
0.05187588588294112
0.24919697132372687
0.48315154686345174
0.6676372226093108
0.7352856384642633
0.7950356085102654
0.9419149928275369
0.9968716557588428
0.9618252250152057
0.8577398243140768
0.9328379647555112
0.35180062958706815
0.9352932492538228
0.2171800558752196
0.16197469870377068
0.1519813999515668
0.9945384396122288
0.9943250068400297
0.13661879370901064
0.14141859999208994
0.09655368356103677
0.6329651017657241
0.38878546390811286
0.18018652053885154
0.06631037042236265
0.06765650422078506
0.9088101921034943
0.9551008079174936
0.465225139532205
0.429060855209767
0.4729962282056589
0.08220291856734008
0.21874907855590364
0.02435720041787759
0.029398486905446775
0.03647477973311031
0.04597990755518866
0.14331458786711915
0.13202132817282963
0.26960860835257383
0.2549872507395815
0.26806093962376554
0.26848864229128977
0.00683358307864923
0.008715047005076304
0.22710469140431644
0.24031950824397752
0.24000586703805216
0.36036475355316766
0.13522783244210512
0.25271719252995295
0.7457754879507299
0.7350157399210252
0.7179437960848271
0.5990170198285314
0.6305687954769149
0.6840399403986548
0.6483545780432499
0.7671871801666867
0.5246597984126461
0.33418413679739767
0.5441663156177855
0.5363417133375128
0.04291354956720428
0.06991565031019975
0.052571158954633934
0.28940625935142905
0.6586453330394735
0.92309799358637
0.8053577805918195
0.47718922072622916
0.39941089392693474
0.5577863984147209
0.34570825980476694
0.6434910462921811
0.5978507609105594
0.623350064088039
0.356493459598364
0.3294985660071491
0.575563078782902
0.454406677924156
0.15448299349773553
0.5501544104075277
0.7831942525865494
0.6295529719195843
0.5340382329624076
0.9133167808343592
0.57983165724008
0.34428405775727544
0.4034189172521089
0.06357510281522794
0.03644231788274177
0.5382803222621588
0.9281638650969529
0.23270865794600581
0.24325399407851533
0.997707719653978
0.9987830078129378
0.1706551875516763
0.06202233804779478
0.04005262182761482
0.9123347757311133
0.0021325054371273966
0.0012243713453146121
0.008326907221712143
0.8552791314512589
0.8935166056781684
0.8955431180744127
0.9050302071998791
0.811475154844526
0.807137419283165
0.11320707285820852
0.021172498938605955
0.17225956656340435
0.931178126648698
0.23410243982595957
0.2106952122245509
0.258061784882911
0.9903180243254094
0.9940771024700988
0.045876766325577134
0.03879228819009484
0.8587394869878278
0.8085784108673848
0.8790692988626239
0.7200979562544709
0.799834882504485
0.9728044857211424
0.9853022503394062
0.9858263803047689
0.8993504456658327
0.9682803231292976
