0.9941941073679743
0.6907501573523945
0.6476871676048184
0.9603490159354776
0.9972819755747626
0.9956556545589728
0.4754277674766103
0.5119653679213692
0.8812461026637873
0.9974507249033754
0.020352318946882608
0.006057909096515823
0.003515860072105026
0.003246429318923272
0.0036033200215688233
0.006099977024835557
0.995253103465309
0.9373404984608333
0.9979528052605294
0.9479642993132966
0.8788678383837079
0.9147314913213912
0.9858871105723974
0.6438821177753196
0.9724823822407871
0.1305954613393967
0.024941033694697134
0.0007506387052246266
0.0013768236636920728
0.006145859016762567
0.7244051507372449
0.6247146013244866
0.9967677843662053
0.6068279211991372
0.5816424137456568
0.6158137684740249
0.997506732264314
0.9991706922014112
0.9930455818189744
0.9992162823371106
0.9996815262609209
0.9995902607269511
0.9990074347153234
0.5834177814595276
0.051222035745106864
0.062342058077722196
0.9976406527967457
0.002788136941604069
0.0013499597233679328
0.002192807157838428
0.00035835627881697363
0.00011579309437070862
2.6580829145972373e-05
0.00012192292269053162
0.00032794120865597964
8.27088948818222e-05
0.00015303890066431514
0.043728412644693515
0.12314597696474572
0.0006541114363380895
1.5181973165745433e-05
1.398534373586724e-05
5.0106045098474716e-05
0.029966885237791563
0.9978574935012198
0.002051419588048553
0.001692728424437795
0.0011969955226194262
0.18688246423948174
0.8835702464182497
0.9998487879873219
0.9999930923295967
0.9998904027072046
0.9999535040204947
0.07139900946192901
0.0010032597791550524
0.0009506280703853731
0.004527919638159239
0.9975083373560804
0.02781477134382404
0.0001216229756876297
6.222247550824456e-05
7.225108828101678e-05
0.0006974185115495857
0.12269060429526768
0.967307145071634
0.9562969415608041
0.958877432024017
0.9528658658821406
0.007093004074616216
0.0009557410526981336
0.9584956914537298
0.001601847559477454
0.0012699757601252193
0.06690214408135764
0.9699645886161032
0.32658121974717824
0.0041446065356626205
0.0029432193475360524
0.005762765489845445
0.6935459986141796
0.9999999967522382
0.9997153431217055
0.9996888294928293
0.9999999970831869
0.9988357557206554
0.0034719688741360333
0.00017202591427323277
0.0012246477937332134
0.026382455736975396
0.9999873584302577
0.037473771203373585
0.044853810900282176
0.037225436276734025
0.9529782211280372
0.006404733526595541
0.004216926972648749
0.002343946676630848
0.00036458269220562833
0.00044472989895716353
0.027340446658288164
0.00012248382994584084
2.4615976671249484e-05
9.75179854241226e-05
0.004172025767848475
0.005622070906317722
0.001786230543497025
0.0048483621459815
0.9845591045563734
0.27012984464955136
0.16603742781956343
0.6840282529044779
0.5919981121867801
0.9948238793788056
0.9984539315881035
0.9972001936958581
0.9932741481643486
0.9986009666734696
0.9952130538949644
0.9966649790664154
0.6139785550029948
0.5818626183239535
0.555738832657998
0.7479127606909939
0.5876727492476457
0.9305176619767931
0.009941352003398296
0.011151242580719312
0.07236434021956395
0.06862181071638329
0.12681030208475985
0.9960559795317464
0.5305456226469737
0.9175466437620996
0.9945836497055947
0.9560040251857214
0.9906576723299487
0.9502894910285703
0.9410310268123879
0.9954067209847076
0.9923098727839267
0.00318471730039116
0.0017484459629334426
0.0006890651724776875
0.0033830818343472124
0.0029358640900402078
0.008080958557761808
0.9729776582097921
0.5738055869773936
0.5759335942142744
0.9827076241300686
0.921555626445148
0.8849199417045938
0.5325942245213564
0.7186288064744957
0.9959283710357749
0.9985569319281258
0.9899370061014283
0.9927468686015148
0.9997376714049746
