0.009898138962284198
0.005790524060035218
0.004644561264674274
0.15657589382521464
0.8322938276896609
0.8484516056321326
0.9972561753988544
0.9922702746387564
0.7000598243736541
0.686393125864764
0.6914683365866587
0.9865594245136351
0.7720473574739336
0.7349218108245574
0.7430786104320145
0.9850977801704149
0.9857791837037714
0.9679102607387169
0.9646200054541149
0.9611747511055037
0.9561908844988631
0.7324204685848563
0.20425592681332339
0.13672801724129935
0.3223770414283694
0.027630551160323424
0.08811448508804487
0.03655593719836692
0.11650649572583194
0.019373555848612
0.004542309840726788
0.002163488655047452
0.000793198581882204
0.0009135965662333545
0.0005610022029707284
0.014093933558320115
0.06766414011665123
0.20112811301752698
0.9640366588224966
0.9175123760713766
0.975387457599922
0.14211288621015716
0.0013782255515465414
0.0008276386634077371
0.000854718524773701
0.0033748263416982782
0.9995462556420659
0.9997609922510844
0.029813706826393505
0.002495210014392457
6.293606504292892e-05
0.00028434868456228557
0.0002523852575606611
0.0392073153186433
0.9999884524228582
0.9867467682583961
0.9999856999070618
0.999965106729215
0.9999975100515559
0.9999995406531268
0.9842161422615783
0.041814847512265496
0.0002353608844803956
0.0002982968337750247
7.461692054677727e-05
0.0024966641931576383
0.03370384908113866
0.9958436327150767
0.9999891068189397
0.0028864630154723514
0.0008139255199615114
0.0007914057520783668
0.0009867368124225617
0.11821279854834488
0.9525757654706027
0.18293123631373465
0.004675836867865879
0.004426845051205275
0.0066014455145911866
0.026209456064681502
0.9998240161004851
0.9997911953093007
0.9997770713240336
0.02569268541534242
0.006063156465379027
0.004199396352487561
0.0046153077486538185
0.2464134714655427
0.19794254552685508
0.06243292048453808
0.011235163279727067
0.00014914952536893011
0.0004503387020793337
5.0547336991946246e-05
7.679678828542702e-05
0.004203316930402434
0.01871847861378806
0.06209814056956342
0.1865540557686156
0.7976959694266691
0.7092614993729176
0.9682658477351597
0.3771074648871279
0.34263090393493456
0.34224980694451146
0.15732470222577355
0.25064938194154107
0.8156279435551175
0.17165176783297076
0.0013647055324780277
0.0027945774073668828
0.0020375919703099488
0.0009532666511647969
7.05920695542872e-05
0.01665000976158204
0.114238882930071
0.9922970315381852
0.9915768830534885
0.9928372133244943
0.9900584191714064
0.10836195432290074
0.019141994219899372
0.0006381053808177661
0.00238191968827417
0.009437963879549538
0.0017331360812440355
0.0009249655893307507
0.24408547175233075
0.9788950903837049
0.8717176712600152
0.898392636231269
0.22260761523661554
0.10584214282867155
0.10545523098090015
0.7938520682870376
0.8078393292132557
0.008778180546893388
0.01499347829820985
0.04048272630883831
0.15905570703088123
0.1521872764779455
0.14886428811412467
0.006844807304824729
0.040150455017741726
0.8297062102584464
0.49480245695131264
0.6838643129469565
0.6427908073770405
0.8799578848231101
0.9588289108868157
0.7829216423648004
0.7932446751073643
0.8349071940705741
0.7637817926391985
0.7825023649377738
0.6650312486841817
0.816298909223565
0.3729046862143247
0.23792094927730922
0.23654610557737232
0.6405062822465873
0.3829564130995017
0.4569440950548881
0.43473167099557053
0.41726501225532775
0.312115367930913
0.30653052250018664
0.8231375263467544
0.3673720571498754
0.6952788747237184
0.870187694101291
0.8111190300196226
0.8214068348477193
0.6644417077285856
0.6054940010635941
0.3152562565007955
0.6839244326872951
0.05862295723180799
0.051498782325839154
0.11612020521552058
0.3130637139919126
0.3692358897907456
0.5331097927576594
0.7225694511049029
0.7759427163152427
0.9444901359336048
0.7484584909055622
0.17642476864928625
0.04011769551979594
0.04087221594490531
0.06326903676766171
0.061159366716315056
0.051348717252013065
0.048335550813521255
0.04887150755660363
0.9911097836944225
0.98261217967585
0.19043024360361194
0.21330672199889245
0.364642272085994
0.22211935503564006
0.1534844913775555
0.1688830114230967
0.1618819476844422
0.005340439405241426
0.06354660551462077
0.6577986373428661
0.6712269860321736
0.29364496455028477
0.23484815014753757
0.09502907497679092
0.7745166914493896
0.7960507192483893
0.5858395675940454
0.7178338117645899
0.41928600607978495
0.25033914633325316
0.09029205534402795
0.13563090079297557
0.29913521877751126
0.9014455414369935
0.9160894344099787
0.9188089056381196
0.9059371792864913
0.9535646318618384
0.9410231409262324
0.9226323176761982
0.897124840540806
0.9211117755854639
0.954399698898798
0.9655056418303849
0.9123781496267191
0.7455364961124114
0.5570782844368354
0.5960944597575513
0.993486505737598
0.10110552759382252
0.005371171658143603
0.0008574253315286606
0.0005545783054700104
0.0005073131151357435
0.0005581142875339395
0.00945098072115036
0.061058952468575955
0.9790207520700183
0.9736587903379142
0.9863028578905668
0.9932058109520813
0.9993264925567443
0.9820650997039518
0.9705637791960259
0.9768867452150173
0.9713198602804303
0.0802294540350712
0.02000451679586257
7.000260511924594e-05
2.526693298876559e-05
0.0004894345261545752
0.0001972954903680657
0.0010529451318120886
0.08545204775403292
0.7597055464163257
0.5524362251206377
0.5866948884798462
0.9443902262291693
0.9421425639511878
0.6008711339594996
0.4734159995970797
0.38171677266617055
0.5632644266781612
0.6918855280074577
0.4395796625666073
0.5357624093636193
0.6349447546734573
0.7097160853339104
0.17022168839329732
0.1015269932316486
0.025512188846685047
0.012861496185052945
0.012293094072112765
0.011895029911345167
0.02669040162121472
0.0017837859694083136
0.0015472844468129576
0.05711770916918402
0.2810775892643895
0.923493532210537
0.98853892290263
0.9710269743080101
0.7654053077442002
0.7604725737410142
0.6961342795908878
0.7000588906081884
0.9918113778885216
0.978262068790457
0.9767602412422652
0.9676334255616227
0.9576918659804867
0.9084484342272225
0.9493280921151384
0.9941621750594605
0.0033064613053417347
0.0010319489409826854
0.0037659585734989287
0.008156810527188751
0.005322074296279955
0.9941001576421359
0.9904212778047119
0.003920959523495027
0.0004715590099936273
7.800351199527267e-05
0.004752532696926326
0.006442939946359472
0.04425540540886863
0.16158429699552102
0.9999973938931597
0.13769902268553924
0.012819030129166631
0.0006851623507011517
0.007744780839889498
0.0142575415472872
0.026511173774568242
0.11897369666293489
0.9999960739915446
0.9999964452402308
0.9999817220673797
0.9999966165795205
0.9954426937203622
0.1257616035303234
0.030370789439251533
0.014461633800783691
0.0034134767048065173
0.0015372108513616034
0.017393617067599565
0.13870222629597784
0.9971985706160589
0.907758739532563
0.18132769692026607
0.07668037540207906
0.04093009641299705
0.0047493955208481875
7.937496824328427e-05
0.0004812427727517443
0.0008934333871352118
0.9999941354888544
0.0031543938363369772
0.0022738497648421285
0.002127046410993594
0.0035933894188896476
0.005702591057067052
0.9775600148654613
0.7140016961579343
0.7616663471346468
0.7093786941299227
0.7092483228495022
0.9495816597906155
0.9587546191548896
0.008371040133682284
0.0046510840918840834
0.006298484402462945
0.9994993698706285
0.023268552383921115
0.001656049300462259
0.0010714719349512736
0.0019571045433567358
0.0016176245075480988
0.1146872523525877
0.9803501535001201
0.9714269195081413
0.9988729544058169
0.9992715414631917
0.9999240716110884
0.9565387438807597
0.9999452841551538
0.10747161647834758
0.0017363970556948383
0.0026374862513929287
0.000863053984273221
0.0010316449322183008
0.018812877138595363
0.9959381155272139
0.9965237901877267
0.003999798323813031
0.005159543618955653
0.012171718671211584
0.3835821526263703
0.08040875719207718
0.003800455951426973
0.00023091384695927974
0.0010655131693857456
0.0032612153756786944
0.02648309806851845
0.002970771120879956
0.005348055014434361
0.014395888619515018
0.07859789494651548
0.7114192081809001
0.8355780998798739
0.24483920024085937
0.275691021999957
0.8945919620469588
0.9143456860240764
0.49273981303761305
0.3505551976769794
0.2959843388112787
0.49925574142514484
0.7006969267802456
0.9534015260663656
0.9744829775593371
0.11415933473437623
0.02571316152218328
0.010574491673811526
0.007306400770292876
0.0034240605708586447
0.0022641059187491486
0.0015535034522745628
0.004383180041090506
0.0026332751101000307
0.9591505909682863
0.9347677472175167
0.0604061230915679
0.06363672654521402
0.0644074530695643
0.16504444411055053
0.9627378938077878
0.03929724844447202
0.1047443241664604
0.9519959356683761
0.9572624574727192
0.1702419668322821
0.12255768268886258
0.12210415564190513
0.006503503981846959
0.014065380925812443
0.8559208410522219
0.9870061995361475
0.9965015084733908
0.9900420627929282
0.9893110024969551
0.14287578890171426
0.14335505729327547
0.10659294468737801
0.12297843178759527
0.1801934714865321
0.972357633689414
0.9674352521967582
0.4861314769625539
0.5277495160413421
0.8456197236125249
0.45755464135670776
0.45255592840414427
0.9656550377348619
0.15003182960661743
0.049179648083200966
0.02254400494527231
0.02380411082272338
0.9720647037220137
0.9554430722322576
0.03989950212766202
0.017616741420953375
0.007751907851563322
0.00793413002791532
0.00836105593414671
0.01799966742180603
0.021513500389925944
0.00851602792201167
0.10874928484984547
0.9801651565045671
0.9869435486234567
0.28728321811027957
0.12058219504003231
0.16205850088166296
0.16731362616028955
0.15937638110384766
0.39609667835761564
0.7614683331797603
0.8653301103070703
0.28240862898373065
0.22628817442336158
0.3115618055500773
0.9118006157408307
0.705315777595479
0.922194885862478
0.18292246281159896
0.1313186043017105
0.1285654092517462
0.13214867606885616
0.11740634224661928
0.17899429674394374
0.01420768314723797
0.01088073064323325
0.03247631909554238
0.010171631159768157
0.01302295925005903
0.027298827554502636
0.0437015043887069
0.07463065240913458
0.0685622508539383
0.3292039838695676
0.9522281075069295
0.5961284731215246
0.0034043133536842962
0.16894903387466675
0.22724142549711002
0.7534940987586233
0.005096387353195064
0.00283456124972703
0.003017158262716424
0.0022396067039129886
0.0030530613191317446
0.19066269343887143
0.8080370832888476
0.5049360314866982
0.4332874458623336
0.49602618710051694
0.21938267593597016
0.2777268788718512
0.08178626772531528
0.048095404243253426
0.048953506123394
0.10189733156968994
0.3765179790661751
0.20069713957516966
0.06780989955705885
0.07289851425501104
0.21043209414169783
0.8711237243057206
0.2400448469241936
0.07263699574841664
0.03050571425242099
0.010149392844621685
0.014005783635381186
0.0021030653042733993
0.009173155642290598
0.05337884520207592
0.9615033078512303
0.9711206022968251
0.9596356607192958
0.07158442802238962
0.030831910479057867
0.02654785714988772
0.006440043709512788
0.018155534134915996
0.07055121324410296
0.22207819893771075
0.38708287696314037
0.8449318500651362
0.8533343291892671
0.8385977772577554
0.7711642148106335
0.8610657813046309
0.8357496189700432
0.02826100663204756
0.002142750370783708
0.005201218943294061
0.006826208344485329
0.04261725389402815
0.09705622430062377
0.042117650441650833
0.014887075824000062
0.9037339634423136
0.9075156100785585
0.9179110051508262
0.059860695853384494
0.05303608966797846
0.09712144633430086
0.10016008617564343
0.05621078660517953
0.05401421091131964
0.05253106254454387
0.016442511521453484
0.7973346089303672
0.8456948493224139
0.7370461507334458
0.699848340986903
0.755940730340112
0.34497842700288206
0.14845040133016574
0.19835962303244414
0.25305716029383185
0.3254370190325112
0.3065974313215898
0.2785616493265589
0.28615483884583903
0.1714002866107185
0.631904572050219
0.280742149369708
0.4620037133088978
0.6044701535421612
0.781318918214041
0.6056918109943643
0.3330006296473518
0.5969521252791796
0.5348369002955673
0.4912518124523362
0.6338287899836348
0.5839990857273138
0.5302427346564349
0.5252020924955713
0.8273314894389252
0.5393819198282959
0.5525181627607383
0.599950572506019
0.6562225587927429
0.7263519400539764
0.8533279149803928
0.06669025611321588
0.06644585489722765
0.12380690709673514
0.052776474702333154
0.02742218330107349
0.01817357284045029
0.8613591771168903
0.8756550730895798
0.9253044498818986
0.08187694053812622
0.060389175560566666
0.06516237853251095
0.06694695852421895
0.030021775210693824
0.04901335126438189
0.803116090182611
0.8236555095541694
0.9716629112544369
0.9255747852656877
0.8803680219647305
0.882388578288631
0.9055331125222034
0.2884652738721353
0.04536802594466727
0.10842528833354725
0.1018426130455774
0.0923766030395603
0.2041307979794027
0.8179944863513976
0.659440118252734
0.7737874995248456
0.3590912194436138
0.10508330518559239
0.04251191530325016
0.7962520004100316
0.9021581251026616
0.8885514672544716
0.328004841347489
0.0849666448925569
0.07520196264646206
0.06865139019912392
0.06628336108711752
0.06306533380361312
0.005283649317267325
0.005306156111814508
0.0036583183041798417
0.0768459246596157
0.8613493244449115
0.8442170829218508
0.9025393954667756
0.21915493219995963
0.002741896524755316
0.00221819047234173
0.00790133729069531
0.9631277200219284
0.967695381683445
0.9817117992995723
0.9798401681147807
0.9819753095720312
0.9959932947195389
