0.9235121326082709
0.8713716437656454
0.8425176366973508
0.4453536619956071
0.45180053679567733
0.7854897690272576
0.5866162619603303
0.4072347623495447
0.7441181681196393
0.799857883984248
0.046803901598660436
0.022318616455101137
0.05331139242104088
0.25857878013810154
0.24652643412605724
0.26780762908003664
0.2303629397299456
0.7108711142372537
0.0378382588400088
0.06661886336764977
0.05569953185130361
0.8963550505027758
0.9215280592521067
0.9114085715216655
0.9435021361626059
0.9774689935588047
0.9377112585420758
0.8680673845240089
0.7582724220199171
0.027516286039112492
0.034117280231493186
0.037595280467668246
0.7206845900045963
0.5015912355427541
0.31770996213626546
0.2753929060540161
0.3205010543974933
0.2563946301066936
0.26382660150767534
0.9599255674583713
0.37604054846679613
0.2841000932722295
0.25717877853350135
0.006083099304126982
0.7192215832028677
0.03470135785378203
0.03447770113745929
0.0065377092593570385
0.0015754368878956315
0.004636045914121589
0.029541550427023555
0.734333725565522
0.7086805147485098
0.08817799706317342
0.3215245612439591
0.022492298529354082
0.6549322845351406
0.004170960186986483
0.003355087674573709
0.10464549434179882
0.15022897196430962
0.34819732155958905
0.9006576255065586
0.904892521301096
0.9010894928614176
0.08437600419543656
0.03711980932486758
0.0677284097744415
0.06244328054293247
0.06460459812185881
0.7032565921470778
0.6799673861967614
0.0431247371242216
0.039638723633591444
0.11165700226798081
0.7351984610122635
0.7585365372610146
0.045658936758364854
0.25236426849344573
0.252559748260876
0.28685232397752447
0.00546332484629819
0.0026615182809420768
0.005676352706873722
0.0073208635845141146
0.2513597257656093
0.3412511909470459
0.9298086327799449
0.9648247037517769
0.3245014556761977
0.04842456275696938
0.02929528596507014
0.030088206920876548
0.7609839731146982
0.7753070523520302
0.4609756977202809
0.4547657839849679
0.967727521779288
0.9538302757008921
0.09552005349870207
0.0006689298063810023
0.0013547684284660466
0.11879932005019889
0.009793891201555271
0.7488677343831269
0.8429337027275796
0.7516350590223488
0.025206798631465466
0.25235295938844904
0.01920291664717888
0.005183567855796767
0.01919379675795274
0.9934860474688296
0.984155585866224
0.4413752424558519
0.2679619239315083
0.7618413131459861
0.013825452011461792
0.028983656954989168
0.04333955406941292
0.26275774228562343
0.9999623614157487
0.9913292473230205
0.24461944694180127
0.05602737238125777
0.7605231641909154
0.7556327623858093
0.7893065362830957
0.78333715442098
0.02594294091338234
0.05238484584885139
0.982956021254902
0.10104100254610171
0.11018075905588465
0.14418432274160664
0.003209231065979923
0.6423338013745146
0.15449320876707762
0.28390885703124813
0.9979215903049687
0.17754355766921848
0.0025189784705660356
0.08451988209846661
0.04533173392874423
0.2676743439227044
0.9994603306158328
0.9981059450230059
0.9778337618489932
0.22518234451351404
0.018026341211241692
0.000376728773223145
0.0004022314544603889
0.006907663917512186
0.9572960400167587
0.959660648698222
0.41301828311335587
0.43126642846869023
0.8082964735108068
0.6832778346593498
0.003319626529408537
0.004339000966491979
0.004673277219333638
0.3347224839774847
0.9989491224745226
0.9860661582290121
0.6584479248573658
0.48536858146881645
0.7625494879741064
0.49760797675711577
0.5093069597991469
0.8668625634149905
0.802252205460974
0.4876872326846544
0.5425115260507442
0.6862890452448325
0.28962253039348873
0.31323587068253
0.6560178583846978
0.9785183501964302
0.996253462286243
0.9938169642354747
