0.7388885193081521
0.7948525555280535
0.8748178410664808
0.9332744467949633
0.9351182075053931
0.9430211495858242
0.7649743095469941
0.8714389713323434
0.3232842586160216
0.1988648282760579
0.18523568760518028
0.10421112414542599
0.23125077294835605
0.9640865503570354
0.8476139829300103
0.864594702020941
0.8642184251111679
0.23167300969990845
0.026111351985169118
0.02284461098062851
0.049879684644988376
0.3638219575717361
0.027642579751198437
0.012231479648677324
0.014142369990461479
0.014148146534093575
0.02013874341401578
0.9776762388787047
0.977847122140615
0.977562911907844
0.977807694085563
0.9964272040259271
0.9966458797081873
0.008718807794329875
0.004490743072275372
0.0022506207986732196
0.002629627708129023
0.012512538684190888
0.8809851274505236
0.733294966010371
0.8791724221348529
0.8750370478913992
0.9081978360391894
0.6772203884463703
0.02775459209857889
0.02382247623176914
0.13092964777803495
0.936893915574338
0.9554784119788601
0.08025475110908697
0.0005044307564630035
0.00012777717759793195
5.975066964303277e-05
8.356094170436368e-05
0.009176499632474022
0.9995927110353205
0.9995822304211256
0.9996583552764894
0.9999260268082475
0.998107400966577
0.010961907403847615
0.0005386120148239693
0.000318594525777427
0.00021989997384852522
0.0007939335206005316
0.10076281591051461
0.9529321295246925
0.6066540700883649
0.5478645764534618
0.6322998400823213
0.6914002517675112
0.21607611334033794
0.2604146444531297
0.4575736069146603
0.9647057306575886
0.6776253269539033
0.6555085800405501
0.4308941665432682
0.425864889752982
0.5954170066103955
0.32023659484150924
0.4011757381234785
0.987850788640145
0.8246997229034839
0.040774592120955466
0.018058496956292025
0.026849482486124177
0.6080414963262673
0.5745098812863458
0.9163228796905819
0.86440160591777
0.35122090401253014
0.23194856157349852
0.15632887937273598
0.5606537764961528
0.21668320960937504
0.40456730401869867
0.6189732821091833
0.16731311307032803
0.23400015357950044
0.7078662669094411
0.6860247886733191
0.6671696253965212
0.9052479858719691
0.8479878852890319
0.821267400224365
0.9420480220405292
0.9542054885596559
0.4944213439536562
0.5019708880915448
0.7942937398775864
0.9835628863223819
0.8359236278765294
0.19046461031756345
0.07179871537871974
0.005803232932615643
0.08041091632923458
0.10261735816729933
0.18900157866188172
0.16919545938429736
0.14255631950450398
0.07723444923497957
0.016260430442754603
0.007420551283194188
0.05144539919323299
0.11315960811073156
0.11313821194146911
0.993883962687506
0.9929938637583176
0.1371046417286882
0.13041364094410868
0.15674368991690202
0.2251956792876154
0.7420336763395872
0.3574356437042284
0.16104079516808856
0.2825920191778216
0.2255952868697828
0.8138205371057247
0.5266802600211733
0.8613269647440874
0.29979982013017714
0.2951366909600326
0.783312436617148
0.9716571490134948
0.570259409880834
0.511720763786035
0.5680193972303293
0.16354335636967765
0.552868695316642
0.6800319660195255
0.7390058709346428
0.9913132884241632
0.9950971321740256
0.07173844070095714
0.09518152722542716
0.0806947813804656
0.5954296683259996
0.7819415722332024
0.9921933184866707
0.46933833732606767
0.2992813715597956
0.950557026597674
0.16632313026342038
0.038263547327009206
0.7419390793296929
0.7297339224439461
0.006771713932054335
0.012645856142736056
0.006395901437803664
0.15473345682263828
0.020553563617370374
0.0073315462922796115
0.16038274834121846
0.4015083579011278
0.6886058559067045
0.9131482555936489
0.9634380139058966
0.7832349051709308
0.459485072283482
0.3493640551162357
0.14708890462712665
0.14574248803698753
0.1494376521001517
0.41076944122801673
0.9931486904256586
0.9899985093513448
