0.012349318307889434
0.0014447579074817751
0.002415985698671408
0.07638001765317493
0.4407259772632385
0.971233399423099
0.9999737043197889
0.9998896644841042
0.9209741074912514
0.6253249700594842
0.006761419599373486
0.000760397026397408
0.000627078737745701
0.0003292808900658972
0.012944475678949408
0.021014357709833287
0.10039452898368706
0.9013054326776251
0.6957018627801981
0.6485726352450938
0.6087374222585311
0.618783378155922
0.2582012824777734
0.2382735721903999
0.9835628524507631
0.9926799952286611
0.648538096693613
0.009151207063120892
0.02730346012436502
0.34927632323427915
0.34041941312823054
0.3474048892509055
0.346809929001768
0.0045124532360091285
0.00485015134319855
0.6502841667422803
0.6513293641916502
0.6511504041844887
0.6524838874833518
0.010816777427230528
0.059774442089591595
0.28639687784002443
0.22708040684917108
0.2958395682128683
0.34528239532509586
0.3478917746202175
0.35190733377237493
0.9390351544920837
0.49147059881934196
0.2359122198905914
0.6303889775263971
0.6433725150175995
0.6517815990773457
0.13066073932089062
0.004568458558761868
0.0035847444072653056
0.008856642662823822
0.34417731443955346
0.7194149474932179
0.49219404833712965
0.1948617148675359
0.5639169680314616
0.6531854326950247
0.6085739247955961
0.4453158713799984
0.007507776154819457
0.09554593884661389
0.09552842889823554
0.12122652506236509
0.6593630811482434
0.7235055517212656
0.986384596118385
0.7784180569495094
0.8369012563596381
0.38510052661131555
0.4369318074360752
0.06132807638232163
0.011615484960498468
0.04752453603795237
0.2490718978436406
0.599068009376136
0.08167568079466991
0.018210752453020618
0.3047550359882585
0.0145372517266944
0.014458249465249429
0.1444619150693891
0.9895698383162402
0.9798779219901168
0.4472831702671468
0.3435651976084122
0.006209480576463533
0.00907792763167714
0.6473073034247787
0.6422078780163505
0.0028083530090713404
0.0005810300502433474
0.3445900415064763
0.07026850822125641
0.1781676183743478
0.261420773635783
0.5862631483765253
0.6455398869169233
0.4701012660654279
0.45480129582435924
0.5575550463940497
0.39967550672341146
0.38955732052905223
0.34989832204648197
0.19691130062902606
0.07137420165463793
0.07492761106918011
0.17570081295838402
0.8376444933081297
0.43147749817463543
0.6988549888678741
0.638477959189182
0.9285565381839727
0.9045073293946154
0.9128843285436716
0.6333324904603979
0.5761485302262584
0.5975449650424874
0.6079239977339764
0.5235053654550813
0.051357255324578244
0.3464028307311475
0.3481946303473037
0.35793662857612296
0.3613878703509211
0.032612223247136196
0.07307110589344168
0.013531998274671775
0.3538612332219794
0.302315376902734
0.35608047997970094
0.006808888969438431
0.008175742652524076
0.32869001860820035
0.6425327589597472
0.6431956871689171
0.03076905733381563
0.03854895607659148
0.2684435303185534
0.40050851446359503
0.248748951679153
0.11023208217353742
0.005239949775242447
0.004928099227033744
0.01308910317176959
0.000790459091045248
0.0008320583234837642
0.013487824079001842
0.04741475539870654
0.0795094138267406
0.017587808573334973
0.020824381616163068
0.884737206412554
0.9917638761908979
0.9968847763160217
0.9898698204010777
0.9196207417214307
0.9268670757918318
0.9859251218802846
0.9948318805254284
0.976795765033921
0.9597623295181743
0.9633087517078505
0.9637167401553351
0.9449823270731889
0.40201951667599956
0.4526794973294286
0.9722279675974506
0.04637469234577596
0.025375448911908127
0.018920270246855275
0.07170603734862868
0.35640007933849815
0.9804330433224536
0.9872612676729352
0.9675778984936483
0.9760592988951405
0.3425108253467166
0.045569191331692016
0.0033130665108661583
0.011936760904394217
0.03834275176211799
0.9626179710150033
0.4218557518587308
0.4626781374059312
