0.9991316834471333
0.9543761324511948
0.9640803575486452
0.9756684249900398
0.9342201351990627
0.5264452066574739
0.7976207126542396
0.3873992315498689
0.15380177276065832
0.7666985516272818
0.7999227313450917
0.7581586768276001
0.7920294146572187
0.8088225325319495
0.8404932531507256
0.9578127406166741
0.4216495107727368
0.09015628969294864
0.6547434031220268
0.29427854186107294
0.5660892719164533
0.3814607651240839
0.17565086573397826
0.06577029285795766
0.0833532447097044
0.014729377489521855
0.0863943364257529
0.01191731494156012
0.023276915444344626
0.8644260178315639
0.9103391362666786
0.8749988140931434
0.8618775619675869
0.8549500668470627
0.7993489613436864
0.7519229194707662
0.8457554633853865
0.9185811839082832
0.944168586425073
0.7663762749269757
0.63657836350702
0.773601154685085
0.5630909781781677
0.07460718987807857
0.07793309396066572
0.6260574619015014
0.7409813029675627
0.3566653495418508
0.33615015527898695
0.308492604138757
0.3110149181972184
0.07122242191335326
0.6283118106345777
0.6899963612333735
0.7450869077931916
0.09495275437127704
0.21856335550941086
0.019782344209863578
0.05404645045963752
0.19791318055643914
0.7371101195027177
0.7332146984022996
0.31238511819355197
0.3537891403821801
0.9352275227047877
0.2763253771627505
0.21123396559567809
0.0504680849074538
0.02982039784277357
0.01920018732983564
0.08285173848346927
0.9966040393106285
0.030361710261856856
0.005353779281442095
0.0004968768319647543
0.0004910340156423221
0.1381899738876312
0.9990390701044721
0.0056683481058444896
0.003913342352713123
0.007265843988135345
0.014658868817096549
0.029922978637418662
0.013721660215654907
0.014243922629630146
0.007297293677353878
0.15017744451034365
0.9403164438354845
0.08502936209607204
0.23590060066166663
0.09504475425741488
0.007907319422635228
0.014683005085733836
0.0452110327122075
0.03804731555224905
0.007599326379801985
0.0070341115929601905
0.014572240098853606
0.030926427368613507
0.08656680925771998
0.17628296885615913
0.4503601042082003
0.944740202709683
0.9008908200434074
0.6455627840199467
0.16842039054255808
0.11501860194926061
0.17826272104849306
0.5733776544970314
0.8913411776522867
0.5210657159091412
0.6868577111598821
0.7416783896129338
0.5537347795256755
0.41814137005699414
0.6367292046952313
0.6503483617290291
0.73172237734258
0.7023321113873047
0.5646440539204401
0.3712067065406033
0.4564618743085056
0.7320482526440533
0.21548563973687418
0.062351866082899
0.26150656517413173
0.3302976371008829
0.15319619921378602
0.004150929706040585
0.01198598523286365
0.5714368896647027
0.8727215462615969
0.9041235873254757
0.9967003838080458
0.9966930936385794
0.574017700733169
0.5222251126741946
0.05069800471636088
0.0097681338464366
0.3831007969469835
0.979251555308043
0.5101133316032125
0.5271065060986586
0.15267496541952552
0.07493844418136408
0.06454796735402357
0.010899395419828983
0.0026735657259526757
0.00044634370913498866
0.012057368898605425
0.00046551693082119705
0.00038813790878022836
0.9427909629438199
0.0005090193677381727
0.0005915350834436728
0.09570208615147868
0.9835303506448971
0.14107365882666933
0.2968810789752392
0.16744616461353135
0.033434539600126545
0.013980085448346613
0.24995028456367996
0.8986236986321395
0.9903152955286788
0.9964352157898181
0.7441031679180973
0.12638142332883018
0.015305916284501508
0.008666972406874529
0.005945153756868216
0.005470600568606376
0.13798152884546777
0.1139782640524406
0.001659608418108749
0.09743270854422859
0.11833974853441198
0.6882925856212876
0.975258327409984
0.07513880916818305
0.017057345432245685
0.03583977782212855
0.05877000560683965
0.09494822945581405
0.14551572635655186
0.776380364522955
0.04242605745506223
0.1798169709932388
0.19076550407298198
0.04718343530644331
0.04921688611944153
0.0934497582265319
0.0680697405967905
0.14500960206441438
0.5807190788466143
0.6215174328489621
0.882285223359752
0.9713511162240732
