0.9994335076485852
0.9994886086307919
0.6200417895266288
0.006213272830235095
0.005590955407206888
0.0026221191857349613
0.001330049829365798
0.002579796404649781
0.010425878288681245
0.9627526775823977
0.7666933361402772
0.25183937595720574
0.23685039616164394
0.9370945594920908
0.3712501591068502
0.32335460250252135
0.38377225037079565
0.5683007500082008
0.5922236278811122
0.6414541593511357
0.7712070022145401
0.9773414539471316
0.9815675337318418
0.9949056558333438
0.9806725042214238
0.9782764216567236
0.48022412065562436
0.9552783473258718
0.2974819871830249
0.18481042865910802
0.1783550975027226
0.9520203803589313
0.9941320136063112
0.8288599160745108
0.08730979212244228
0.008181511336185499
0.005768473802894247
0.02550656777883309
0.9820017339585217
0.0014539398305872808
0.019177046140427034
0.012869023101539923
0.0013332718148311162
0.0004100223104688272
0.0709172657069429
0.9996949921420809
0.9997405042190758
0.9999267372927398
0.9998886811607754
0.07072467055602805
0.00034044445363246023
0.002046403109278172
0.011963392334522038
0.9999565311933157
0.0023308812459321704
0.000716164978587619
0.9855843356024149
0.02378462346867327
0.001430569743656629
0.009006503849717906
0.04695803356466044
0.856712417816021
0.7716035796244585
0.08736910900870098
0.7867506704942266
0.09727316705235678
0.030567750113362657
0.15166692896692768
0.1613442342271838
0.1534198144126886
0.22882886205609643
0.7728623221922841
0.8521952964568453
0.8482743612057648
0.45928962259089134
0.2420267675866592
0.26023465352062314
0.05223347023787395
0.10645898720361469
0.07720275984423319
0.6398546489959273
0.09359576124456315
0.8310187002307367
0.9179426335305371
0.18762961310134774
0.010729438436408612
0.12866077398698694
0.30153800407076536
0.9862361321226222
0.007829164183808635
0.0024910041779278025
0.0012597069507207515
0.000509998574947379
0.0031594207288521137
0.003983670028645081
0.004737322511419451
0.06824209941082704
0.15892311056709296
0.7126307409264714
0.20147650649121163
0.0844877023088163
0.7833381537643062
0.871787302867783
0.16955035123161233
0.1837289275827565
0.2919200156422803
0.9861547502745661
0.0034191606985919387
0.0019837116292706902
0.0005131982903207044
9.477382440037374e-05
0.0015803631113840977
0.9995693586128025
0.9999967248724658
0.9999960749538849
0.9999980306402259
0.0013566290091321376
4.030127828358321e-05
0.00012974048692060425
0.0024901952308927777
0.004441633191662686
0.9963507833658521
0.2893988264516697
0.18832572730005115
0.311168823188391
0.8719342463798271
0.8497113441287166
0.9899815623941145
0.018225364651398124
0.015996583075493342
0.9948725358298691
0.12963540624749625
0.7851892578966195
0.5203013727376308
0.47392771499310304
0.46469792430184187
0.4641653627035991
0.23872323188653377
0.6224453439452351
0.39911995877005135
0.9322924518027771
0.13891715828725204
0.03833440282281775
0.013662754755471518
0.011028594875772235
0.011347640339851917
0.013148216101594445
0.02867746005939953
0.9940947313792058
0.995749873391756
0.9887241779022673
0.9906920765112055
0.02538633121709477
0.008644973398741151
0.006455852051361233
0.009623704609443728
0.014883282626860783
0.03960857709492238
0.07613099825713665
0.8690535035286218
0.8342440895046601
0.18398122302057496
0.10938946909888103
0.16414484949232233
0.4376493349813385
0.4882866242761028
0.9140723572837977
0.9200084608209049
0.9515528373784228
0.9403390324381518
0.9574280995384986
0.9403213023200193
0.931062794434401
0.9464599747436101
0.9049448818262887
0.7868414739511047
0.254130927382603
0.004089428315033561
0.0026076326624216994
0.0019083705924295424
0.0008002547447517605
0.0016598036011583606
0.0031885144239138796
0.011438775528725298
0.9984453937108896
0.2958219471598972
0.1946494517904649
0.20859526251728533
0.013885667293572324
0.49643198904037833
0.9405955906183664
0.9402206624355047
0.0026425797304414633
0.0005306582514924552
0.00020849773650155612
0.0016195400760753431
0.005037549330942692
0.005416598924049776
0.6220127604568273
0.9975564571789192
