0.5039728088470181
0.3128326682036062
0.34312286257525637
0.9321499430658771
0.8366280433931577
0.22916872501948515
0.31618462136439507
0.11090155135479784
0.13657367149266353
0.15078968073684818
0.15748144112644236
0.5593318905954497
0.5638260595041811
0.08310664976666848
0.03589242785602287
0.047417386599096556
0.2642449037208294
0.03856996522487832
0.08632659281990174
0.36469608078775784
0.5064176706540118
0.015041405156206666
0.03239630658789039
0.04314259138639809
0.043584279364467515
0.08722386253253855
0.07937421356924046
0.1787161986098278
0.8771362852688458
0.8827363179291332
0.8651327411448049
0.8796123727322757
0.9851915235451608
0.23974009471930469
0.14186417900875792
0.13956098882618007
0.12828452440365923
0.04059526391143187
0.04125400819890701
0.13095668497924595
0.8823994908696277
0.7727789737238068
0.6995893687067691
0.4895955071017529
0.6470222228031858
0.7704936056064056
0.9170042584269932
0.9720352319973674
0.9930674678962597
0.9926962531528404
0.15175557171559173
0.02296565672166251
0.004782657586021699
0.004664949573428667
0.8611817676531374
0.8613686742155731
0.8613575915738132
0.8623242384873486
0.9041481721213955
0.041003746169397726
0.00614753204768026
0.0025154992914210306
0.009998669398399107
0.89663168253938
0.9319162426954233
0.8919593955985419
0.8611577805457482
0.6284174685513397
0.30862966156796656
0.07175042371900342
0.05305797063933404
0.36554728505327694
0.802780844024207
0.9015069051991241
0.7681537352600345
0.17560759886249722
0.1884397766752962
0.2660747808238839
0.36504996096795883
0.4782645680885731
0.7551761929843762
0.9015723821217553
0.5539991823261927
0.14849863402423136
0.007792151922207169
0.007458694453973624
0.01793869287545713
0.02284708895201537
0.9741732513365443
0.257974841926371
0.6402119207803889
0.309837956238047
0.06222393875704668
0.11181328033571436
0.973683995784363
0.789734714349632
0.9960262060165277
0.952115761678908
0.9578727007543646
0.9584902193592872
0.9789601149713955
0.879296151979221
0.8957560912781856
0.13313551428244685
0.1299367376619558
0.07882261280043201
0.48557442421211894
0.82919880447281
0.08149286258489219
0.07650143043515223
0.07753149200765341
0.0351560781537229
0.0971499703693196
0.2850073013015947
0.7762789685637445
0.33753183214728955
0.3820515255061292
0.3220827791104255
0.29060486627918125
0.2372384395719972
0.2346663388765362
0.7262913151654926
0.8000072578864732
0.24031641928167113
0.10034038912324628
0.19965633970855534
0.4193110167242502
0.9880248486331398
0.7921245638377565
0.7815687406890426
0.6566049843308394
0.3467472128204059
0.46878829358526863
0.6130481716033203
0.38117290632067324
0.29782505556322025
0.12744051376653986
0.25298905382149817
0.13685230136175608
0.08900133172756208
0.07997220002719307
0.41962510413602927
0.720624196569109
0.7038939404537241
0.778160181000749
0.7524535458477701
0.45005385268468256
0.10724678938440468
0.0829989121545498
0.07991301943635198
0.08979624286803622
0.3166156676720062
0.2990084775390336
0.3531573944196622
0.4828446872949871
0.08755577619332866
0.12853400630582712
0.2890502772160114
0.7657428910219475
0.8348353876324817
0.2101331762660421
0.23209093065253728
0.3093205040823459
0.9601231157938643
0.655058481129341
0.38954906660362787
0.3201187471820892
0.45731267238576057
0.5060368046652225
0.6309865991577508
0.6878371492102473
0.5495326116934856
0.8099488493969993
0.5257135142503078
0.48774009117018013
0.6269519054086712
0.8507906067379859
0.9323492056728183
0.9112580628252384
0.9073051985737294
0.8984363067939183
0.8920947379109625
0.963116845700738
0.5883924768757569
0.5704233267745292
0.8609998666930545
0.3961893776049943
0.37606108770429914
0.14693879904751017
0.7484063566341626
0.34039877383055184
0.49402083111246364
0.3752429114383091
0.5979169412387377
0.7898187023529545
0.8319442416526835
0.8734677135929161
0.26117704205284653
0.20084509387536653
0.22397116412492413
0.6419772124851044
0.5665427344381031
0.8794459963568924
0.6001882933347504
0.6097256403778262
0.6588465694449182
