0.9557867593878512
0.8641794662018648
0.6503278521565456
0.6330919613513613
0.6372366669472675
0.9726850899780046
0.9537777167202433
0.8257810152653942
0.01772714418084531
0.014922308696399433
0.0002320730250026104
2.5951886686748082e-05
0.0010031025704085872
0.0009925136552442204
3.800246753471459e-05
0.0003538255277393265
0.002143681655960683
0.3261389619763906
0.8297008104523302
0.6615630231072163
0.04608369718332972
0.003163065609540716
0.0024766781612088895
0.0027300128335739915
0.0016437907857863587
0.0016374163423186205
0.000606575901687334
0.015370005977279777
0.5249024700986922
0.9714026616693956
0.980843771657403
0.697122027486
0.6327552811134889
0.9647460571079403
0.9704298026867949
0.02658806444391948
0.021130619060388822
0.004706965570947186
3.989516270075377e-05
2.9205786525987598e-05
0.01495585884454076
0.999999960168225
0.9999999578817841
0.9999999625557269
0.9999999984058906
0.9999999920767542
0.9905657236122557
0.017039985498294663
0.002760572210825818
0.004658688661084764
0.004708607013013788
0.00015546531273569197
0.002695275615070214
0.9756600784685364
0.9791346393321151
0.6601138117004439
0.17714904185262548
0.016048765486049943
0.00030873380337659295
0.000896322926829396
0.0012110674985553738
0.0027455008127741376
0.0023657323822683374
0.003158685617739354
0.20729083432275763
0.9720239027861853
0.8667751975921882
0.6616125051506381
0.15578037059590988
0.0021430757826229607
0.0003514753275318805
3.630584436653539e-05
0.0009910096679576208
0.0010078548834385748
2.8242671516576223e-05
0.00019089285407802858
0.0320837262242909
0.15442412937474415
0.9837488226795905
0.47780616856018343
0.41747369158580083
0.3994622759288172
0.44151898316623917
0.0779365425586176
0.009061519952073493
0.005787492481502565
0.007664324842413639
0.9839168310817006
0.980553401139059
0.19455083699640274
0.02604046003764382
0.05251181349114553
0.11066287831595112
0.5820608991270353
0.9046806112700084
0.01890024561615855
0.01194857628044732
0.05781827474276069
0.9462023858859983
0.9999938756781025
0.99997595517284
0.053336738797289285
0.005100578574430359
0.0001903963882047277
0.0007279789651265522
0.0012457031828823073
0.0015587566173190792
0.0028616553067013495
0.0021027040162121535
0.007278143815852567
0.026225226568025173
0.9882210309369578
0.8969392329916805
0.3913669667835269
0.6375880292047398
0.1695759741211219
0.9279729654817139
0.903592266344852
0.9357564381747635
0.9998655686521211
0.9681420575680747
0.9115436883148912
0.6150583451915437
0.05350253060076626
0.9671439150940341
0.34919962223443535
0.9931773572651279
0.9715463804464026
0.034847011046355125
0.014464736366587738
0.04039119544881531
0.006051688385945164
0.002546932461374163
0.0031448405457654705
0.03780098015358291
0.03611176129209881
0.040298344256362695
0.08393103978805572
0.9933896449638484
0.9987306070568948
0.9626472018084119
0.022768282635887482
0.03110410365663252
0.023689508097782586
0.934876718140945
0.38660740383437464
0.029104491368896812
0.0612906470927963
0.9955015205215545
0.04413174207462822
0.04351591755138484
0.9581374372871189
0.9622137813099338
0.9605862790290778
0.994975146954409
0.04672164311238003
0.0023467470222251485
0.9980239242338637
0.01329346399685627
0.00676530585518087
0.08385063967287354
0.11056991811065664
0.034011559474735775
0.005199025003776447
0.02421837899543333
0.9996798907175213
0.9963695803501718
0.013319555914987125
0.0005299337522505221
0.0007756845778243981
0.04604988775466834
0.9617217781815544
0.07773161316289023
0.019822195352449445
0.008094069186220576
0.05445764933932895
0.9831865488666897
0.5496342067528518
0.5256272807124711
0.007528746595924396
0.0030667723045647577
0.026190022537523228
0.5645268609583038
0.9912370626502741
0.9645772787096559
0.5060878509828136
0.42255309914997485
0.4219959133276935
0.3845479810480362
0.9514102769851498
0.9996761746550621
0.9986366601393751
0.5858284607577593
0.04801979183081684
0.003117805702489984
0.004216945697935182
0.040153295404042555
0.9500391388025791
0.5721966549864723
0.5669092345911635
0.13623535403445786
0.10312779272706496
0.22611974879158048
0.19651858885786244
0.9181007297906051
0.9982375739054898
0.7151539683827046
0.6795773473387413
0.8573536095398329
