0.7252636883675642
0.40073399538172383
0.12844781042658937
0.12573497524574573
0.07396756144304772
0.09813619024485243
0.22207338635857898
0.9794735409021519
0.7940485938488088
0.9941480240497382
0.009086510959213756
0.00018872224883270672
0.0007304008732483824
0.0006713742979531645
0.00012838451442265253
0.0007703086070187659
0.0024692314175170926
0.997710451599706
0.9999935141307558
0.9997354939341723
0.9998946882841824
0.9985974668154793
0.9996209605227807
0.9997893416193635
0.0014194058581140645
0.0010906826222748522
0.00022047528473723155
0.0005964553618421631
0.0011829623728456529
0.0009145348385487528
0.0048002283230295095
0.7553411678669707
0.9213379110193417
0.9941718685849324
0.9364248722747774
0.9465106575582579
0.5627585826689021
0.18722280781301248
0.13774097845418642
0.18026873516606923
0.18421256293134436
0.684805624085143
0.7906204936866039
0.9575363516627782
0.654440461834991
0.13176920081321786
0.0030880274242789385
0.004313462929398382
0.2538042355476049
0.9725479112772497
0.9996433715286637
0.9999274213192073
0.9999713169166604
0.0028067226239741894
0.0003242456437020369
0.004265808459978371
0.11824812369498716
0.36548174755919105
0.977137284281878
0.18430210473395714
0.006438689890771898
0.004451473954443674
0.03848390037134419
0.2609185107179576
0.6630810908907463
0.9307818789217569
0.8942774031564061
0.4694085030829662
0.1654731148896872
0.11802753780317343
0.12185039433148981
0.24090134025830823
0.2598245195927663
0.33566725472077197
0.5064858454673047
0.18213567124308794
0.3407512196620991
0.2959333701277771
0.5341897116496572
0.29064914817614595
0.4608243183151083
0.17802967913961443
0.5197501604270311
0.5246263134703831
0.5227767573123931
0.9220220519321183
0.5950633417344411
0.9462176099848224
0.9872989156883057
0.47726883009897947
0.4136066528076028
0.06232424384336088
0.9520607517118298
0.053478628649433424
0.02620547381667515
0.017099328850166184
0.2886248558996676
0.711444808873996
0.7493980000482562
0.9686465681493963
0.9900575678438784
0.9783902614116756
0.09657236533644231
0.0670637891604352
0.06347588422668982
0.10364681694184963
0.09905181679520214
0.957086916981365
0.6438357089731502
0.6285678166335043
0.6517953551309656
0.6425779820783717
0.652270579094556
0.6400477166944694
0.6334205007912284
0.05145732384364221
0.3899574550204796
0.3834632202882503
0.38815584621107535
0.2636175625671018
0.9684048660947838
0.6281201875951773
0.24315433609491766
0.4639738232594337
0.5457618412764194
0.027324516599039672
0.007106571116850979
0.03125762373942209
0.047910267818470964
0.04876941430334758
0.05765273006437599
0.08236445521115443
0.9148284837431404
0.8944896026793226
0.9447929069553872
0.9480274911803104
0.9515152887555672
0.9735020467205571
0.8075655134052064
0.9427293046252263
0.11601368088066755
0.06055040785113286
0.05859516275071608
0.0077987931523324505
0.004456382027136052
0.012174226122500631
0.16751724737603257
0.7282652131738816
0.16208012355614554
0.1186458537826035
0.3775682002962124
0.9969293739482555
0.8072508649573482
0.4117198763077383
0.4131257722009809
0.37215525407234773
0.4364838616928416
0.057799526306241744
0.5504801141295508
0.5236460475803644
0.5886284342044729
0.6118399440004783
0.6021602982842815
0.5033272147892585
0.1727099346035792
0.42850100843817795
0.7049110955121846
0.8945724863335218
0.36192802212857356
0.13058406982397652
0.2885532101069246
0.6639364552104992
0.6936519700622139
0.6518419495912027
0.599986291464581
0.31394377121182626
0.3107257508594279
0.4035683933784998
0.9970565436413114
0.9946146318631043
0.48849572175970046
0.5020918032240286
0.9032757526522504
0.5298332898462895
0.08022221358042625
0.07258903432803676
0.03144828380197595
0.16385306913012543
0.16811481841508435
0.9920796061951557
0.935371445022572
0.029154991187538504
0.04055707926491059
0.03385421459542293
0.12823018683359888
0.09206640370062535
0.09074361532335506
0.44265155222481156
0.4952535747530895
0.9182446292447406
0.14197720685007664
0.13082060294428377
0.18262611797229156
0.6073947764101677
0.9874139123281993
0.9994444178924092
0.917435404073781
0.4831640510555102
0.4870667182009647
0.5250817387951584
0.9962402949980559
0.7520216119658465
0.37289488543551286
0.09768632988829606
0.012622489419087723
0.08382353551925026
0.10124475760641838
0.07258965916718463
0.0028939202194064872
0.00803119360938287
0.04468185006028713
0.3675838413329827
0.7767995583626812
0.8462458910112794
0.5664637625283988
0.5893526077134408
0.9107449406761691
0.9789966718860998
0.7478720796396463
0.6942203235354116
0.7515121340674491
