0.23788989101625002
0.18878820522205575
0.17812080521764173
0.15599171544292334
0.13648890279684345
0.8313703760210874
0.12250902228789573
0.10629969018232299
0.10705906519492014
0.8610484760638931
0.8759591443645282
0.9534754589606306
0.9033555174303091
0.9468119239216748
0.9283370232826393
0.878225592819758
0.16734812513454866
0.029209422706974242
0.03406766170105979
0.029883229744967155
0.05576110778241905
0.037387209324204806
0.03975378366949245
0.9957166121395474
0.972454560138575
0.034024300567000676
0.014677718604553025
0.08471197325727087
0.9379522299744323
0.3536614833201539
0.07203650881779156
0.10620969927877755
0.1533474665140624
0.5056527175191461
0.10699690965372766
0.49005124178825366
0.085514223907589
0.07491205005888124
0.14076776910246092
0.827206854949902
0.20410176444710526
0.16760649116394521
0.8359468651226162
0.8425530275777512
0.4020434741626837
0.555888774407385
0.9167184257395372
0.010605077796471907
0.00015188897855922256
4.592384779555925e-05
0.0015959920097459168
0.0003384892380529081
0.0015506709519850226
0.994379458164712
0.9994223883448732
0.9999266480658361
0.9923352498875974
0.008201435013151293
0.0008719622486551559
0.0016253281127409647
4.182273776687229e-05
0.0001094274864475997
0.01575397695728531
0.9318146601601798
0.4364211070298164
0.6116982388839705
0.8209516516005712
0.8021480331265506
0.8848340760702267
0.022688325376218232
0.020217650523895347
0.8164867678645076
0.16120243113802957
0.4545775045318152
0.4430012519450458
0.9196544996728366
0.9432930447825719
0.5350295613002625
0.5674995470533738
0.21934113187765303
0.028295528249085322
0.0003177216982779285
0.0014741912500378929
0.002250634163631471
0.004330774011378491
0.007305179829649622
0.0005285469034821411
0.0014752216545875774
0.9995286864717926
0.9999376485756485
0.9989782877349813
0.9989649070693457
0.0013687659738157443
0.00013325794799512458
0.00813576016645201
0.004755215223302467
0.0037747424368342886
0.00468021412455899
0.004063988038246036
0.03546881355164022
0.3019611768858088
0.9333696921878435
0.9543720502382018
0.9589920510350429
0.967736593138178
0.861198696189287
0.06480511131167943
0.0338560513181162
0.2857474862643733
0.930469693144299
0.9323363237492545
0.9208347839759835
0.9814110978334247
0.37250975428923827
0.3264922572856732
0.2178483100468772
0.4727697651200352
0.26299711610841614
0.23310448378771187
0.2828327151999721
0.5955701378996062
0.1551516815709093
0.3430975697247215
0.4264524284070128
0.08449509044133019
0.516590696619901
0.01116746694669668
0.460902392590991
0.48523377526871114
0.0057769225261817825
0.001625376677874324
0.06066345831050801
0.0033034309939060646
0.0019106194986913128
0.0733406777148563
0.1466042205487711
0.026101179344161562
0.01070026397792545
0.03295655822634669
0.04215725850352514
0.025220788988199794
0.1325942130113804
0.962345789000817
0.13428809197939118
0.044463397782269154
0.21226119915198327
0.9653761134489207
0.9669262387828349
0.1791909071253358
0.007903672941544704
0.0002166916368472327
0.017898971887727266
0.004424118602374683
0.018798396519503435
0.016982513830954726
0.029563283529799977
0.9552317577510414
0.7193593675746373
0.9998667828650858
0.9999995890042345
0.9999770092803366
0.7741840194641216
0.9315608260970841
0.0007768028578574171
0.00022112813488994743
0.003710157810175474
0.02061107381842542
0.018120465921359963
0.0181599294353596
0.02988505996940405
0.19472219039595817
0.21568320161888832
0.14329529644598427
0.13121055868059328
0.878510440588431
0.9700685653533875
0.9777733195782751
0.17396633925162663
0.0502049360520298
0.011746338940024414
0.006631358410599475
0.02077851336068537
0.06357746380424945
0.8783065817730465
0.9399667850441739
0.153839061741036
0.06099059931399409
0.09574240242802734
0.8047268983792845
0.031047626047524868
0.09840552074548115
0.01905217386470226
0.045363650051123194
0.17401182793787828
0.8877253974553821
0.906586571310656
0.8469855856340814
0.5802320499439769
0.6128509300852709
0.9047724305003283
0.3638116983293739
0.3102318614356435
0.3591057722752705
0.8030520588035743
0.7728831200186261
0.8220697092346163
0.8685415875190313
0.1019885737665508
0.10643388655493258
0.42915435774056654
0.7545156460039204
0.9835073972875115
0.050147547873569565
0.03019276436368945
0.04410613644020778
0.02024564264747597
0.02251074907673145
0.9902115344888414
0.003938063493493793
0.013265030666642641
0.05595088932381209
0.9642771091746742
0.9743850604389539
0.9629759042786032
0.9564276302890901
0.97744641893969
0.03480203023106965
0.016765302201635524
0.016472730461731477
0.0036269274143082564
0.006009918548087412
0.007546572222138059
0.16726367973970846
0.22942404581729858
