0.9009147324238149
0.9009901217932837
0.1790382476940543
0.20871009566564347
0.3197594448870543
0.33176779823778013
0.9758180880903742
0.33945839589504523
0.2529165059383801
0.9072782658116307
0.3002862710607891
0.675171512931894
0.7752093524291619
0.7100969431316153
0.7087218963555257
0.11605827833799354
0.8317553349708517
0.21052153724338818
0.22652180825571844
0.9306126766176822
0.1830372307261794
0.14544814862592248
0.1319448216510667
0.1411880666325953
0.8548556255108695
0.8270459209386904
0.9482342297390949
0.7859990840024345
0.2321227362914664
0.24752656363570058
0.015069663799049837
0.06911782961569157
0.3032876983285614
0.030996646057331212
0.0505367286725702
0.04077976789682247
0.03683210769759748
0.2288729901270482
0.22675284227113013
0.21919205176569323
0.18116105500418256
0.009258642821495022
0.7893757508535961
0.007182504804674084
0.022309941369224262
0.01743737529963285
0.8356932266575765
0.8346538310785694
0.9947465845722607
0.8371978638773493
0.009748596509660312
0.005314925031447926
0.04228938016486938
0.010077555473680166
0.0005258654235249516
0.01638284873030771
0.16364124481703102
0.009136299770799439
0.003772751727388557
0.012201608245134499
0.8298077524187348
0.9351401282804477
0.18706046900266937
0.12242888067903324
0.13430733593819955
0.5015056929329367
0.33379736559325957
0.28084636486104486
0.2578537354967749
0.14216644892374197
0.48995019145057794
0.6073214373320086
0.7240936594836322
0.8995075394885111
0.988634908768036
0.7431798475567564
0.7620838776946013
0.0267950026712942
0.021910074603090246
0.022396414914656715
0.002539141910769205
0.3961816420672353
0.0041047350461911325
0.6039169845584409
0.6097356004220988
0.6523363786033671
0.9997187588218879
0.99637933460283
0.3940122077058046
0.006335591172369037
0.003926240544823489
0.004560116713752449
0.0039052013780801476
0.40728838392659805
0.8922916613029483
0.8502056358148979
0.9438268156111074
0.21811439122566834
0.059262178464256854
0.009825440454444667
0.013401515145895826
0.16266857329397677
0.05825227100287256
0.20477587094167748
0.8611802618905856
0.8944941463979141
0.904136252738599
0.2722826085310517
0.110907424750321
0.08837125049521755
0.016911707450688374
0.0009454241843994682
0.0008108737519155751
0.11418447977625445
0.8916376302996168
0.815018254458352
0.573913757812593
0.1827208090400847
0.34152451727271227
0.38802139855613593
0.3912711687107847
0.08231065068641907
0.013075960581842683
0.012587358079266808
0.029124192821161188
0.07269814149207832
0.25129012357780056
0.008058130866225643
0.7534768094779023
0.9981745585356334
0.997126024237693
0.4546815672037501
0.010488197476483219
0.006069716402359093
0.3446805925607862
0.6550742700912402
0.9952642972736231
0.1297101774513738
0.047720016390337516
0.1338451578287292
0.9949048972199056
0.9996844770559545
0.9999161077761708
0.05986277750292979
0.013984144442319435
0.0017694251354535284
5.6042368291375766e-05
0.0005117833511966152
0.00015094322268316418
0.0015079743113850519
0.0013512398405031156
0.004414674583190448
0.016928003180646023
0.9961398331175264
0.022025580481344176
0.009096766257720934
0.01772242681507219
0.982455960835637
0.977761268662939
0.9952599357859705
0.9999991485642661
0.9999997395538477
0.9959326773644822
0.9790480600570705
0.9671062192803915
0.001718048103283576
0.023864109312072612
0.03283877959996451
0.9975851329919616
0.9996587846706391
0.019265969858452858
0.0042007339147150935
0.001724853283732064
0.0017241684521250855
0.00014920868239742813
0.0005108160594535782
5.5779049480952914e-05
0.001552337446988683
0.01393233210968936
0.05863800843456113
0.9951688259199872
0.9980724824169377
0.8900028768260961
0.02276270444964079
0.16013432844251152
0.18563653949662018
0.833769641518923
0.42764728461286106
0.007869106182839647
0.010285868763098005
0.9993990575900903
0.0010363430658801853
0.0013119935078679257
0.999411629688905
0.9997319610062468
0.9999376680593431
0.9998840844930299
0.0015511917244469542
0.0003621089910642583
0.9993938333751682
0.00968495852972262
0.0064851970724943975
0.0845176911879385
0.007088706819742163
0.0024199905879260797
0.01370413379880775
0.997074476834022
0.99888727231521
0.9992232151476023
0.005434804371013846
0.007393410013441626
0.6206042641555134
0.45204208421337855
0.027127722208451388
0.018515987355053998
0.007669794684057152
0.05621014450010198
0.8947423009329007
0.8129729388103606
0.23013084307365972
0.22711726743421734
0.0044011109650787805
0.41578621628112966
0.6539747914006195
0.5357970593909742
0.5444674062877446
0.46861067866002704
0.4111967449788032
0.37409186911993164
0.2951125502073486
0.39143880380680585
0.5747079002229956
0.5282647409474829
0.10624885992130628
0.002470315499324305
0.4189870679687566
0.025593964647844802
0.2345835620869705
0.17105150059286878
0.20073005997637128
0.9730829816908754
0.9227174172762931
