0.0347538478315671
0.010842868236016434
0.010913586512136808
0.07754685014009421
0.8703275298295623
0.8745503768422619
0.969314436424232
0.9601582154475609
0.36154973753807895
0.3591338150374723
0.3655585035951131
0.9586912468571012
0.8647966484159384
0.7581160221616275
0.7588051241436076
0.9439586693711439
0.9727840120760273
0.6876942135497793
0.6145883245642467
0.5691089607394353
0.5664325251683868
0.5387305137665575
0.3363382022345509
0.24823426489286327
0.25011057969872075
0.10796135900722326
0.5227915506262634
0.0705279232769982
0.03517292627240354
0.00658299835129339
0.0019119997274671396
0.0006025281791851578
0.00034853553027491824
0.0006858473635339424
0.0003623941474983905
0.012842384657627548
0.06637004456213846
0.20001150748931695
0.9642933909520258
0.9177944002161326
0.9755301193442755
0.14211208836198974
0.0013778140657180193
0.0008273393569259158
0.000854174716525602
0.0033740225970914084
0.9995461190921031
0.9997609869758356
0.0298137238038908
0.002495225034564119
6.294808306006594e-05
0.000284401973024373
0.00025237013402901187
0.0392073174747275
0.9999883937716958
0.9867467682748247
0.99998567133772
0.9999650525487902
0.9999974394285212
0.9999994658052015
0.984216136557867
0.04181487443364895
0.00023533953987009415
0.0002982798022451716
7.459301550150066e-05
0.002496542690697101
0.0337037264711999
0.99584358367357
0.999989360970142
0.0028864942154733786
0.0008138450386604434
0.000791254598633051
0.0009864949796807299
0.11823515644226457
0.9526906741422003
0.18245933738383857
0.004573065041061475
0.004339806528136592
0.006506076867205723
0.026120325704842795
0.9999159202990759
0.999860449412082
0.999844163091399
0.02568302632378583
0.006046580427087722
0.004172140315750972
0.004439819575989157
0.24662430283709802
0.1979726918570116
0.06246941605058698
0.011258602418202313
0.00017188865330874936
0.0004562821023396113
0.00014496247750150903
0.00015539444369316868
0.0015679588647588005
0.006497990018678235
0.028052046136276765
0.12933448527277924
0.9590736654093572
0.6113038624554347
0.9666862196554099
0.6094866473235554
0.5941452330684154
0.29982538142394266
0.2343882912609947
0.12304395333137697
0.24555737404875566
0.05065351465411827
0.000813695645253576
0.002224296070414189
0.0010002761873879606
0.00031716695614536494
0.0016782804206323387
0.15398934864565472
0.774197601125463
0.3775171145426073
0.2525914468425354
0.25291909163182746
0.2599184720150557
0.23491892823023608
0.7508608774699217
0.023615786641027925
0.06636421417860738
0.7514990153817871
0.0012348699937632102
0.0006314111872668393
0.05684755581150691
0.2465576832143358
0.19822613852761406
0.20549118103495012
0.08010202631633179
0.6804255481308132
0.08022178203056862
0.06791244093401827
0.5169852478719927
0.38462134184451935
0.4096892542153229
0.4657915893854615
0.6794152782377274
0.6687725223256104
0.6708731800796637
0.10560530151650982
0.26578130554164836
0.3665349159641129
0.2768956849243829
0.8664085467227671
0.7754385519325471
0.8646338621539972
0.891548908856481
0.8851268837063047
0.8321398394480704
0.7753094387718562
0.7852365776009311
0.7938854204977556
0.8242494478739855
0.9087620655989309
0.2310329865797245
0.12525190544907616
0.1386874680398703
0.26179274778869055
0.8145822844628117
0.9067146608178556
0.8983972789914239
0.6348511136180762
0.6040967421704555
0.061227523871851486
0.13633061047858475
0.07435848537326684
0.18638171257622171
0.2689964028081697
0.24309647814330804
0.21588392491838637
0.2236268913720698
0.9141210421842224
0.8992439801012749
0.1248576544600204
0.03784167268324967
0.3150630522002288
0.3591416096884871
0.10818702627706389
0.15764494465002432
0.44352977244843195
0.88224427136442
0.832438832744425
0.8522311163993074
0.5384636472762581
0.8834265905490417
0.025454243655530284
0.02321824005815054
0.03696431997190752
0.03667599047960113
0.028185118393203368
0.026782364536043546
0.028062083696889673
0.9906373845686027
0.966188546781734
0.8643711463246262
0.9431316341985896
0.9563966030939666
0.9541977151467614
0.853951131804604
0.9479976036843301
0.9306148629024158
0.008941383620614363
0.011149629985851561
0.04661896530160514
0.06651740327308542
0.04685279034351819
0.0438454144250392
0.022005513329636406
0.6117619545564499
0.9620512455285184
0.9094445308947083
0.9455494086739182
0.922939762074863
0.65904739850755
0.48900106320535297
0.7022578808824714
0.6929964546538561
0.7289645914839977
0.7696925180175745
0.7620763470348528
0.8131280522762611
0.9411237898056224
0.8822954252665376
0.8102122767567929
0.7737286753347983
0.8253266922354308
0.8699072649818895
0.8727090939719376
0.9028527968279939
0.7462799185760784
0.5703544379487895
0.6040483094577874
0.9778535903957754
0.10518083641428899
0.008037240639647059
0.004005799112232977
0.0038879703628122986
0.0030951222237639575
0.003120200456159683
0.012143255043887136
0.06383012992224435
0.9787075384811339
0.9732693177216768
0.9859283837966926
0.992811161115749
0.9989145666918027
0.9802962112552555
0.9702083428544916
0.9747816754339195
0.9686743561365084
0.08012424195790191
0.02002677282067067
7.464342768492838e-05
3.6259688506179444e-05
0.0005179367945347124
0.00022457419025989633
0.0011391730560650348
0.08824906537169064
0.7524645771251854
0.5495573937343814
0.5537006172077217
0.8764532498872466
0.8538698839968251
0.7495431659961531
0.7352138057457132
0.7984019337345434
0.4558517783445075
0.35792994925283483
0.3909100505530134
0.3252995499165303
0.3064298037127482
0.27958194051655816
0.8882389537130634
0.8953453446194153
0.2605760597594994
0.18084439092502802
0.177827403730206
0.19182027491772424
0.9640501816813489
0.1339484602314075
0.1277034142176504
0.20157764079323592
0.22999217904713987
0.9116515715264062
0.9279681923302394
0.8448327490016936
0.7089734054712942
0.711526226875089
0.6860844352686266
0.7746937580046895
0.9404181215999583
0.8475189116016972
0.8386678551923281
0.8307821972025042
0.8081369963921862
0.7917442293229646
0.9433569499677991
0.9758471347697667
0.004195381517754115
0.0017397305876958313
0.004484644250548064
0.00870381715514057
0.006025693027387202
0.9937744638718351
0.9899932024267732
0.003922733241853216
0.00047539657753681297
0.0001005392305902797
0.004784203335401971
0.006463332224222462
0.04427195693874264
0.16159769108992983
0.9999940334958821
0.13770818473765578
0.012822843207539902
0.0006871151294505218
0.007751280237969782
0.014277356160363297
0.026511324190968466
0.11897229566675682
0.999975879531835
0.9999762763875911
0.9999630715640083
0.9999851642053703
0.9954254944920796
0.12576265094548944
0.030374297248536797
0.01446845872743363
0.003433654745711223
0.0015577719541647328
0.017414267271341655
0.13872132477398103
0.9971980825129285
0.9077437205907937
0.1813315901533591
0.07668807725217508
0.04093994751080954
0.004754486166852923
8.534162468332163e-05
0.000493661183664007
0.0009096737273629474
0.9999706149628439
0.0035310097023609766
0.002730464322421966
0.002371740086122287
0.002406084713128198
0.004541320896853662
0.9734435276394212
0.6995500626960545
0.7313093577032601
0.6378012497565884
0.5032581624763894
0.5866912739743262
0.7706083486487632
0.006707847568414582
0.002254177644961053
0.022235119964839845
0.9974219770809085
0.025355495711193
0.004431459116814418
0.004212886173021402
0.005395157716432064
0.004404585816613182
0.11499913000870177
0.9798651411268947
0.9712771301866369
0.99524297221318
0.9954462344690644
0.9959617506060103
0.9526645004398245
0.9959243359118817
0.10705416518378841
0.005505738597410215
0.0025983839965911804
0.0008953576782397832
0.004601363712048001
0.020714085913099867
0.9893122014823851
0.9873293843805655
0.014046398665353399
0.02278954906072017
0.02129292657879811
0.8447588953362624
0.7608153340112169
0.5293355147953863
0.04163455128855298
0.04910709957000314
0.7655263199662299
0.21724372075716125
0.16142527276521912
0.1656757924011938
0.16591524681947645
0.1435575417892606
0.14425843800646077
0.1788392056745799
0.8424333089385544
0.10690076406378668
0.09723991562103063
0.8755808031802047
0.3095289212772647
0.13123412008368263
0.18222672806620577
0.18983465105594655
0.3497270590831
0.9768771072642891
0.9832058934125145
0.09314145319775147
0.0029730490343875537
0.0020760564747905885
0.0018981042183368046
0.002546841398626376
0.001975737567742386
0.00028835044964536927
0.002557037969693532
0.002376434862837229
0.982184146505413
0.9469791872374315
0.036857021889433295
0.04185407080487169
0.04251514326042216
0.1455391946937874
0.9634619554527747
0.0389385708946447
0.1073474451570533
0.9765999602861163
0.9819665129292331
0.1738947102048305
0.12518795114887116
0.124762923621204
0.006506129180912867
0.014289150183770305
0.87657103964779
0.9875768639371761
0.9992807839539172
0.9986399820212967
0.9934674934150203
0.1345563232326914
0.13423219801547515
0.10441191690558482
0.12237399941862082
0.17767689468156767
0.9875020650727084
0.9842997061912662
0.497794806841632
0.5400981986721256
0.8634487224909544
0.4597426580539772
0.44079821499361793
0.9670934193290578
0.13548522024499698
0.03452547444688048
0.009059711967127626
0.018490066900174296
0.9846757014821352
0.9609942324432457
0.017285157306115795
0.0031973398742294323
0.0006634888868095601
0.002441110765940002
0.0030468888650095893
0.0032969038267833817
0.003465424699047759
0.0018409175077752638
0.09591953753196059
0.9589636468902296
0.9681453878548624
0.4434461916899095
0.3223117210082853
0.4314487358084096
0.8814922240095114
0.8645198452403264
0.8611673067218855
0.8809613395744896
0.49410438960145586
0.326415754721026
0.41597602878195516
0.8497244626881072
0.8603570683518464
0.9330725876212403
0.8336691058834514
0.8148216037288325
0.834666000646612
0.9204046762218845
0.5025853679445547
0.06741145825082773
0.053519469546230436
0.0038039665053276606
0.004251157172413977
0.014628675242333133
0.009575737266083961
0.0752756000139565
0.5768219271565844
0.9125341811891791
0.8891431961014058
0.7318127736617648
0.6683122852836412
0.9788188556695492
0.10970578224118799
0.004213490360738592
0.047348949046094435
0.44181776205063206
0.9996575085972816
0.008015257459805358
0.0024121815965808535
0.0019999333142396436
0.002446483388252707
0.0034765564127454684
0.2782355527720095
0.9957853506384813
0.9906525679779726
0.9893893361754044
0.99031405341083
0.2785369211543163
0.008071185448272788
0.0031080914189050013
0.0023215422125094642
0.0028981215078414113
0.010458815231775498
0.9863663497348614
0.4418421077469332
0.0023678162752345244
0.0031758895934570486
0.12379336456328249
0.7979251440056938
0.3519846133711222
0.03924832423751001
0.006479865133664164
0.0032147472999389803
0.0008764135276598806
0.001253878376413109
0.004720962087022773
0.010657040386162886
0.4571853058387757
0.2909708571779063
0.11929604327256416
0.14731186761276505
0.1388083495546132
0.023742646998822226
0.030258324435169626
0.03917678350372933
0.07211989043290212
0.19248254702859713
0.8846690176485996
0.5511920860326628
0.6635479160636186
0.9552342730459491
0.8088171669143944
0.873134796783587
0.8468339979935013
0.024470476382073225
0.0042905482204961265
0.007250198208505032
0.007408785302782994
0.05122288931135177
0.06351800128372731
0.010241395283961174
0.016653033525698913
0.9375378309975448
0.9363232603823662
0.9396653846844487
0.06436433446651535
0.052164297540035376
0.06401682487223848
0.06774050325374836
0.018291831007533954
0.016076339068226142
0.013590724899598117
0.01024157984041596
0.8261009029848292
0.8267850352732456
0.7636378067549996
0.7233969699102535
0.7433855478520606
0.8438840453686469
0.532906331655569
0.48699497549276216
0.5359443654112955
0.6358671454045344
0.5993874882091932
0.6339911239827261
0.5424264356284313
0.1471763289356499
0.045198488922497115
0.025252570857822842
0.3022902288643343
0.7933570388936241
0.6879088144175758
0.1494348146547655
0.06163994492878189
0.13553393368104283
0.27894765410523636
0.24668019640684424
0.26837259342918673
0.3181376930219797
0.40949106614775754
0.9183521327468865
0.9129378271144094
0.9069809739131969
0.9140161040251731
0.9049831368876431
0.9437570078974664
0.9574501183849728
0.9453291011472682
0.016666030902796614
0.011189340649944812
0.020605684358871112
0.005977551152260396
0.003773929446800217
0.019161353858482277
0.9792496731905561
0.9841006026428786
0.9910036754781544
0.03115668196844157
0.014559423081155654
0.01250079722633457
0.01675802835250606
0.014960001364079822
0.03351079248036637
0.900473649846559
0.8942408671951227
0.9319705701830349
0.8981785238624235
0.8915534773931344
0.8761571159377695
0.8351964021214444
0.296410847054407
0.16835471115348044
0.20823409805857218
0.19291388984961555
0.15357168446732916
0.7589714044347433
0.10828145397836442
0.12515144219014906
0.19657607356835993
0.2856764926623898
0.32724884011635214
0.23704319564968768
0.40172165891218825
0.77641928545342
0.7318047739561853
0.6237537637507918
0.525105170022399
0.48740132356900945
0.5040330596714285
0.5389129228276666
0.6191262175377921
0.034055719506938864
0.032101200511693184
0.08221661124759116
0.9183136114694093
0.904855573661538
0.7860960503230593
0.7864762871250504
0.07969140259122054
0.00232759649822023
0.0027173827649852322
0.00894249882528475
0.9511187634055902
0.9630998532492295
0.9935897144145672
0.9920861057487347
0.992582469694382
0.9952367881540279
