0.9654745897139121
0.9801459370172385
0.03119374222902438
0.881512316768024
0.019217885735638096
0.016615865898725102
0.01021173617131732
0.9961062741090889
0.007805406368733725
0.005448916485774835
0.0028670125801675272
0.004313837589411729
0.9966904846165874
0.9966843834607516
0.016356366607204964
0.005266871181979105
0.9823386422804913
0.037420740867747715
0.13412456749492996
0.9819534932288667
0.1457836973359823
0.0012797936062607373
0.0017052272438413674
0.013100910357500495
0.0365443168404852
0.15709589443857086
0.9877703303706856
0.1427577716962174
0.08790113999174043
0.9657369998166286
0.8232879800748876
0.6443493186343943
0.4082654686322209
0.9756188698979336
0.022787096542373875
0.01852586233322273
0.360934119453742
0.4198182533717193
0.9956230708178078
0.9972675809166446
0.9947365102249609
0.3187524465793927
0.25683447232846635
0.2214931688933388
0.011169117332381906
0.4370984178817967
0.3464662560276407
0.9193254136106872
0.7403915260532787
0.7617138827976049
0.8561891335420825
0.5925962440771738
0.5738789123958496
0.09433575103081526
0.0040405230697695416
0.001508675106921098
0.0030859775007089363
0.0015088378575452976
0.0012862851901744854
0.0011348053223299015
0.008266105167573312
0.13564775596131917
0.9773638773818288
0.06526804163725342
0.005815820693994556
0.0006309839584476284
0.00027933051982964585
0.000684437790599568
4.0309698406959527e-05
0.002561256706304249
0.006434507211717344
0.9912450932735696
0.19444273675067936
0.9485807748570712
0.9920989312739315
0.9311278896196088
0.9491930706480445
0.07004987302555155
0.00025124415433952496
6.337701082703706e-05
0.00228723617022486
6.223040276720493e-05
3.325487752836587e-05
0.005969069013869732
0.9999999583923199
0.9999999739013496
0.9999999667779939
0.9999999924600719
0.9999999888684279
0.0058470705167801285
0.0001865892241981193
0.00020295464574437982
0.002115201636403774
0.019156269076159194
0.01758393271604941
0.08783819663867887
0.9462884769399933
0.8203348716776085
0.9909454826827868
0.19178010440268145
0.009419512083014725
0.002144996915735886
0.00013442141885278147
0.0007055199947836321
0.0002780411905424218
0.000642371280596854
0.021445527209485893
0.10216336039769747
0.982556267216097
0.9589749934931577
0.11238571825803545
0.007640309156070502
5.341402278247198e-05
5.115350665418905e-05
0.0012626182255675023
0.0030165683328310378
0.0020821726526321083
0.0018765429292222358
0.12118328396070588
0.9917963108561775
0.11147795930533899
0.15838973740949203
0.9815472983913122
0.1458745428479915
0.021351082725449277
0.0015637243015523827
0.007279844996924356
0.01868452267181131
0.16266060793817005
0.9982342079719909
0.15927173101375758
0.061179756843179445
0.9871570843569331
0.018122660744810837
0.006804755960922004
0.5110149679399221
0.98271912623327
0.025950063923489752
0.008864823633056518
0.008484820633411383
0.9833421304373133
0.9999419333668329
0.9999298503013547
0.04832887348489845
0.0036266562805256086
2.7452528489124717e-05
1.2908531686783853e-05
4.7171265430190346e-05
0.00026978558842827294
0.0014624046122174716
0.001257706276690862
0.003183003440969445
0.013059532883714087
0.9999793179900163
0.006289446960037526
0.004948840714725455
0.012085456674266637
0.9855396203210522
0.9806106274309825
0.9924565316334423
0.9999996884708001
0.9999997738848075
0.9959202413161259
0.9921754624996488
0.9882976510695218
0.001547355480688739
0.0017059577795602854
0.0025651106426007875
0.9995059220865111
0.9995103718422549
0.01357358286547472
0.003209574271222815
0.0013636949032626022
0.0015006480074220008
0.0002687233434948144
4.555432080133315e-05
2.2721518862511836e-05
6.013757191758451e-05
0.0035336692853409346
0.04701366273533858
0.9976030414425759
0.999872773653615
0.996906003691496
0.02114215893434357
0.025860408021528114
0.010104597211733735
0.5011815510246316
0.9805964398512366
0.9938601626480464
0.9357326068827188
0.9383916500595804
0.06965963277297649
0.03155952545544838
0.9943232949652223
0.9894004696151685
0.9891536895996715
0.9691657559810816
0.0582480466257963
0.02413088675963193
0.9507838850662924
0.006985693321041375
0.003339796234892778
0.00305508725253556
0.0032965461976226518
0.9907160662615263
0.0015272452701633465
0.004525024509921094
0.1053580588155495
0.9845226208554508
0.16341193517167618
0.8908478843676002
0.8685005876293939
0.87576311706156
0.9836859048098916
0.975722946869185
0.98641493907277
0.018990469329526083
0.01839282451282076
0.9975060983379666
0.023860466163927785
0.005131838951548118
0.0008813012315147528
0.00021426195533102987
0.014674542290278758
0.9809449050678619
0.998952274829592
0.3289558258516364
0.9464861924730797
0.9758212197557714
0.9816234670113877
0.9834640657737805
0.25786909587358964
0.9771203971823037
0.9966817263372578
0.9908629874595065
0.03124455676546234
0.005922802469054633
0.003628561004875963
0.004571151154191155
0.006693996941443792
0.9910192215448075
0.026460206972926614
0.03195382596828111
0.9971877220265953
