0.9719092099580937
0.9882430280863563
0.2423564665408965
0.24053675715962786
0.23907269313499746
0.28637647803123256
0.3320464496746547
0.9935974680957055
0.997892313163704
0.6941111875321291
0.6348990889798556
0.6341017913221966
0.6693850857896391
0.19426899633811257
0.02352446825890875
0.009788728799711155
0.23832693440195374
0.06652622502701455
0.7785250642937153
0.7737749245410628
0.9059710097297177
0.991204256052855
0.707137729209851
0.03281348375934223
0.03328128891235882
0.08738818736934983
0.3114796978092528
0.4923121429840305
0.014527378611326358
0.009771999720572855
0.003406150123562268
9.574961255387482e-05
0.0008758434530307113
0.0032404092688191888
0.004294314695742818
0.013486865134389125
0.9938181734956825
0.9968513500652886
0.9964622547047641
0.9992604373900056
0.9970298001118822
0.005152987618964544
0.0008464259392881868
0.00015840469345784758
0.0006714112362729008
0.00046579293437643
0.0004659095723524853
0.007424476698066673
0.01237653447797138
0.2925918305714912
0.2825582313449333
0.06492326892945766
0.7269635278273202
0.037875771999224206
0.014966909061266187
0.9673977768997641
0.955046580588465
0.9622948753703932
0.729650203221605
0.03346911361451288
0.2813255183776806
0.9909255343331245
0.9913292259456958
0.32516937842507343
0.017447584186543685
0.015958491817490983
0.869642652463695
0.8507944595916617
0.9639098209012691
0.9962371571742573
0.9428260382608247
0.8372919283998288
0.7088337717506982
0.10865774402690198
0.012865681168044762
0.009220999162593113
0.002636537462960886
0.05186611602597446
0.03156557890433909
0.007115910224020361
0.00679287411027063
0.025432643034836167
0.9318883353454296
0.9462136850023148
0.9864466651748989
0.6694532979859311
0.06918262966906163
0.0468964758637056
0.09855429150028416
0.9471860312735738
0.6375784709458624
0.6136400479990343
0.02115777232073257
0.013461685217188268
0.022615021983817707
0.34300658818701213
0.3552961417999777
0.38624010421639354
0.37688615109475176
0.049391194203963096
0.05489349155024004
0.22741671908372374
0.511713636207176
0.5932573197353892
0.9590799381444525
0.6316667619072502
0.356579340402309
0.24896130202791222
0.2629709897231636
0.4219638260886811
0.9920806909096777
0.9865302401211606
0.8070417732619067
0.6822185682737859
0.30027556114678466
0.4514066684236685
0.524915787220919
0.35388086816106723
0.12195281652317946
0.13682400461745403
0.13033283512717575
0.003482241319546442
0.02869763593844421
0.8413685903684818
0.8143273723681563
0.07602360411128972
0.8817724272929819
0.06788032103128538
0.020915484603818202
0.0056126588818471435
0.9589530274391
0.0018315011773819556
0.0006313665294300774
0.020843251975806387
0.023693905071471177
0.9989816299742319
0.9998500195533014
0.9883334371962835
0.9878928532444345
0.9616958880485349
0.017270174329846233
0.00814762752847309
0.012433214151022054
0.03185355736052509
0.9921487055809489
0.9730175668998527
0.030023794558859174
0.013764384395593687
0.03217700238665644
0.9526329335589325
0.23956457920309815
0.154257476336921
0.013595216308779023
0.010596713588720497
0.012264442696273692
0.025084496314765725
0.9958845156922165
0.9939809462883313
0.9866446138359322
0.979660765387051
0.02657378422866019
0.01793192102474539
0.023181509499003328
0.021239735891973144
0.19260231207944323
0.6160325821077408
0.9752844656479975
0.9746482527748098
0.12557622713495564
0.21292399641051885
0.015498347524025347
0.019078714212256265
0.3193746687902358
0.6675736811384974
0.9261163775707283
0.7376884357513724
0.5890824818612742
0.42495273950140644
0.20305856005542267
0.15827107819506148
0.7187893534265294
0.21766280004402316
0.1255230132222258
0.20017816842947145
0.6470940652722796
0.8539805864227284
0.9306053399954011
0.5710781000631622
0.06608832020011779
0.1750533521668325
0.27283100828718176
0.5688226286558056
0.6724419436417186
0.4559668653569058
0.29295906300861685
0.4513318407039111
0.3893663993014753
0.43598002975312333
0.9426592720661665
0.5333565249914303
0.5337384066417115
0.6286572771155704
0.30155968008811473
0.26335205348377966
0.08032622863658545
0.024256404735075288
0.8200636522329273
0.407899272749925
0.305924883409569
0.2621161015806278
0.04658621191339962
0.12245882119984675
0.6758075780407911
0.727305637566597
0.6858062891752529
0.2045769785923427
0.45891111230681025
0.032733342723783254
0.008170185084832138
0.055542208079085276
0.2717935536508126
0.011147523842393814
0.023819952896604657
0.825630239362398
0.8459949448953867
0.3873513191506335
0.3583906707633011
0.19628774608776722
0.7522886392966156
0.8709704026796892
0.08611543722921522
0.03696081410660135
0.17606836890511857
0.748433297569536
0.970734116629751
0.8936573093656107
0.1264020217050793
0.0870733345928999
0.016025995383309732
0.010618681384723438
0.04023121039626032
0.004037924389464709
0.011134720381860808
0.15102255362260064
0.1445073257974967
0.19564741742528913
0.1284584772473477
0.06943359496670376
0.0020290811104085593
0.011590709581038139
0.745283914525351
0.7565633498003468
0.7682344325734118
0.7652930432457135
0.8149914150314567
