0.9541410392291245
0.9121122676017311
0.9294984481806665
0.9843158796363769
0.7720708757590452
0.9688373083691958
0.9964464990450996
0.9893605875133623
0.1970522528424976
0.004238544843846337
0.0031358868498595482
0.021978653049841923
0.3483356093698561
0.07326347247122322
0.030509953097425324
0.7272117004727056
0.19412520060426253
0.20342250623407354
0.23869001756724162
0.013134566017827365
0.012196708806896384
0.7291201083171739
0.7720499259241567
0.8707106500477295
0.9266072281051883
0.9623487206794125
0.826628538461241
0.8841102474692374
0.12308584415808999
0.2682720077433932
0.17025661195868813
0.10061813354922688
0.19127147027681024
0.945523562123979
0.9988019502655144
0.02729582421775445
0.07475817612985491
0.012481503441936992
0.5666326289352658
0.383720500972038
0.20820422578258435
0.00982112587699524
0.030688339041541224
0.8251998539215709
0.9902770515457605
0.9979042340435867
0.9723844143503869
0.7804301536117584
0.114939033598637
0.013030222315973061
0.0032775187108526893
0.09173242346804522
0.8886076758039284
0.5395805446099751
0.5265741924668506
0.5242589586883051
0.08970525238719895
0.07671603668613736
0.16732874071804726
0.13856611125001317
0.3977546775869655
0.49175378036362427
0.33258743583011174
0.2971169174132823
0.19282427995694773
0.864695666948399
0.6352274873032702
0.40843675243386
0.3542691010921438
0.3810514356091085
0.3759750611440329
0.9517518967143731
0.9813991036549163
0.6779989361221915
0.19120885781595465
0.2053316496329467
0.8282029221489318
0.542498540689863
0.20445188321887953
0.37704857928636437
0.43572013006506927
0.41201536732021404
0.42141640199724395
0.6934280723512467
0.737468955500526
0.587497218025441
0.9524129174301621
0.04149993738169533
0.07019979744731952
0.0253319705736339
0.5014565284858332
0.34638407541555827
0.04146618597911411
0.4637881506859949
0.9841010340432126
0.9185169825313346
0.19836171036120542
0.23352442367832316
0.488486104954332
0.41733064404413156
0.24102435415030254
0.0589293904945134
0.10319487377499514
0.547490577507332
0.5473229642606038
0.4448725921637886
0.41751402224868006
0.42379658673461096
0.09895059079648905
0.01015723227886245
0.013694129549071898
0.018974485527493146
0.00360278992272689
0.9491647853190419
0.894763687640661
0.20162347850231999
0.2062021439691527
0.28547026876062154
0.9929088247627613
0.02357442517919406
0.001286282669095029
0.001384544669268739
0.01581915519058652
0.003119665043909259
0.9799454653574715
0.9885634470938806
0.9986553898842955
0.9993127404970358
0.001642236895552096
0.00019939895453569
0.00016860752137370927
0.00023673235635768286
0.045944336202571545
0.9963103959362647
0.2914927818268357
0.20720864654367666
0.33528934540615263
0.8696252189804976
0.8858534737939606
0.9983443797066931
0.004406879004876574
0.002944078996187094
0.007181802406507565
0.007879571046621292
0.3401438045625995
0.9792121721087242
0.9926592702807959
0.5538720960988363
0.46469681141317387
0.05325081466045101
0.2929618642749757
0.27332283318532324
0.453685544241925
0.4483895881737505
0.00012428488994220555
9.508931671176057e-06
1.1901752123066878e-05
8.567892201916116e-05
0.014178038410616933
0.9979287482863767
0.8914366793452826
0.951529235004198
0.48035065127623666
0.02134138375179806
0.5260899803504453
0.06731777758522595
0.0005466104726584708
0.000348266742550285
0.9993360134604226
0.45256519111523563
0.0012453315569352919
0.0005434904544805441
0.02533224740937945
0.8398159129019134
0.024035082257866103
0.042430603267003875
0.0898028945220305
0.3396990902396433
0.9864872747260233
0.9871836703488932
0.9950935957616828
0.9080920951460836
0.27480239079738833
0.08027462008215946
0.036420597269625765
0.03484591696475525
0.7801421240798084
0.005258859168898122
0.000683282390968154
0.010591405164648182
0.009755574199127204
0.5507299502341709
0.0012334057947146482
0.009475098001048066
0.9824185979206687
0.45484382809235047
0.5276481632155557
0.03234424274851466
0.5115521950123564
0.560407314475232
0.5053053534151621
0.5538154732783893
0.4485159957583982
0.008428613935958396
0.019906689956922463
0.08624632858992776
0.047736572553791934
0.035138405712551224
0.09859914245147461
0.42508574340345073
0.03128251148575123
0.04786399118254048
0.04795320505186229
0.5720595636023926
0.07382946164058424
0.03250800732181691
0.12386913404495747
0.9028244248675897
0.9242515106411618
0.2240880590676746
0.022362536527834376
0.000889376699628408
0.0008167642303001932
0.00228909247152298
0.007293030222496499
0.004414830749284837
0.005020959067225661
0.9843614958986787
0.6107179330590968
0.9993129174120234
0.9996131123317089
0.9992385786994187
0.9902540286677494
0.6215043597220371
0.9718613708757906
0.00048040653651126863
0.0002848541709408181
0.0021542734693613674
0.009381554333162345
0.005064376617963773
0.004771199442005325
0.025022412448100106
0.22085781724667286
0.18418904665992752
0.0954319004800972
0.09081318373812863
0.6699568068510997
0.7239720279752417
0.40213103375742276
0.43090451359892223
0.4702398135651371
0.7522960233420675
0.09769817606957965
0.043916537053229954
0.043191248200537435
0.08353427582710604
0.9221334421542924
