0.5306491590025781
0.47120831321521706
0.47131425211175315
0.47262003463165825
0.35913276330326505
0.9983460840212878
0.9998349009113302
0.9959423143555992
0.01805602267923434
0.0015719437276564552
0.0005958378548152066
0.020224461572138863
0.184499712593852
0.08089617830593043
0.028450097701663735
0.9220670704546124
0.003032291719477165
0.0010840504330312806
0.07660067583117891
0.007451895286898935
0.006354709056312302
0.9212180339851015
0.971133946800618
0.9932968349258732
0.9992369291412854
0.9978836702249124
0.9890044129919672
0.9662817438257122
0.08265383473696242
0.08291402171363915
0.08572941904348508
0.0035025037561241534
0.006153409553530609
0.9313420611604176
0.9995853105394045
0.02087993720986958
0.0943464995747777
0.015923956965987585
0.7222643987456329
0.2248259955032711
0.004964865986374911
0.0008135460298813735
0.01879096636577826
0.9781223230137145
0.9860497384914062
0.9915789927088143
0.998564036040844
0.8813157952996689
0.1437037495373562
0.02147608162877468
0.012808522251520849
0.08677961343542595
0.8870203358194687
0.4249056472341992
0.40908831924284683
0.03868577890047731
0.40231838275310594
0.4680164651062233
0.18417473989932776
0.1540109133365849
0.11652882171031254
0.07359572485647692
0.04592101931578518
0.2873136653591948
0.8833364376756571
0.8944342866154763
0.09942451158472687
0.1171762968124973
0.8836375026651354
0.8665498098049296
0.9393852927894011
0.9451276831195047
0.9305966271040649
0.12470530389595569
0.15359029720824358
0.8781207813934192
0.9034423036318093
0.24462435445038377
0.12383412367592272
0.13211417332967612
0.1058015712633622
0.14098754810430247
0.5736651114481874
0.8054270243001032
0.5894929063074819
0.9879886375415695
0.02305956322616376
0.0011533402333323561
0.0011829534411584852
0.00172748058752481
0.002331708908263619
0.0035588223236632244
0.6920050234445625
0.999402270631831
0.9992961309572604
0.09518954299033544
0.012776325222855434
0.24948120244268124
0.5048257522915252
0.990570408397734
0.005352804191337657
0.0031300302371956024
0.003185347195390542
0.00069120553630031
0.0006530909382412853
7.7251205580664e-05
0.0019201759323117518
0.08435633815462495
0.014887376722900525
0.0001998285352132756
0.0005612567626950282
0.0005328651765105219
0.0014789765336702398
0.998076130460157
0.923195116633058
0.9999873946594036
0.2569697956747977
0.20181008151519653
0.24750073074737533
0.9063336912930641
0.1687573775028688
0.0010323320228662336
0.0008155238543928744
0.007968795656302707
0.0014459302620265513
0.9923269906905313
0.9998339446562903
0.9999994287527292
0.999997463398093
0.00181278977690702
0.0001657926047053948
0.010920037334451571
0.0035109296025210845
0.07950990909578426
0.982736074979205
0.2411991377245538
0.20782665870122008
0.25870760147741334
0.9985197845958995
0.9220956115412056
0.9997515173202237
0.0012200171393057513
5.621374309561222e-05
0.0006086642322867819
0.00044558418597806515
0.017438187750591916
0.08912067136896562
0.9938213903142679
0.9189981827308751
0.9927440002288488
0.16541139817456119
0.0029925136917245965
0.005007204825615785
0.005324219516530837
0.012066868747250825
0.9401104605113298
0.9977571184788975
0.6611778354381461
0.6201724649860916
0.0209629032260773
0.3987398160280017
0.40129915494008717
0.9996427152587073
0.9997742805839802
0.6217247103226301
0.6203592563859781
0.0593045397963351
0.3942379391337507
0.3958867471993973
0.06829540554786839
0.06404633992401543
0.00611105608038176
0.004941854316552252
0.04450667698462796
0.06785756176000224
0.005660889929234525
0.15347408714527422
0.41600829514708126
0.9987772646206271
0.9256730940683509
0.9290295731101851
0.9997285665524557
0.4152149727829689
0.15214706648284604
0.061226185460395155
0.05906051921709643
0.936062836930806
0.0041128709599846935
8.114396019398562e-05
0.0006508454884724957
0.0006730313829661494
2.8755264810165215e-05
2.1749404957360774e-05
0.002334410627834238
0.9966647150426461
0.5057186323107363
0.02008150863591207
0.01352881268448014
0.020136696722261482
0.003358994326276732
0.0007751517071309388
0.0012555066447667018
0.002272437525729143
0.0030418552838537005
0.02721134534374181
0.2401406125792892
0.3116540975675439
0.2791748435122646
0.23688894256437765
0.3250285301909641
0.9972355283849984
0.9316118216052218
0.85884703077755
0.8401483093508074
0.8027470409694079
0.7163615363315727
0.09830877797761495
0.13358119401368973
0.2016231843418621
0.47793443734076047
0.7859020242865661
0.32083335874039054
0.043251256337039634
0.0016801411971200109
0.021863471166783
0.007088627378572077
0.0422958624709483
0.0256288938551702
0.021406970508965673
0.9381666766798631
0.706846665729646
0.9846958194714054
0.9945292525195961
0.9835616506980825
0.7750418731173805
0.9271095981587286
0.0075473175396018055
0.006947834528110874
0.006269491089857082
0.024782781068993565
0.022529206268045998
0.02443727934613782
0.10592790346994918
0.27109909108853614
0.35168844275177424
0.15114051943841134
0.21890356767069796
0.8085410307807364
0.7905618676590214
0.3931069206368384
0.42150284317622366
0.4279871834799083
0.8908224278276793
0.4440633700233909
0.3694366911016277
0.29581098501356895
0.3258007678756819
0.9996975965698193
