0.39543672884033443
0.3550509806945984
0.3437798635912278
0.34320206000850173
0.37079823895539654
0.36706520507169904
0.1106033546220998
0.058747624188138836
0.048478745477843255
0.5757465291564794
0.6022871232125816
0.7506254362031539
0.8750614341212881
0.904634263901655
0.6126011300733718
0.5605534552042316
0.6828837397248059
0.7158128621018309
0.5984730703935234
0.6002794228893172
0.7026829039422795
0.6483874738792992
0.6873368184415383
0.4629193158958056
0.48444076503087763
0.5636564360443795
0.020574947658697385
0.0030828583481112837
0.006274032124711448
0.1477547172456014
0.038004752924649
0.0009256634583887369
0.0006212452684616343
0.0019998264836132984
0.001476474592410848
0.5564975521221208
0.5789877706200588
0.9955998307069435
0.996031336158282
0.9854148845423539
0.9844470302551828
0.9887620634696381
0.9928933689242976
0.5776544112944972
0.5439165471602471
0.4070720852504963
0.5502252434655359
0.3399544746937294
0.3397619053171541
0.04580555560344601
0.1594858703464278
0.011921457585875705
0.10340883476275531
0.49696377491610944
0.15992665700702002
0.3378119819811144
0.645836507508914
0.248110288997752
0.08616067902401026
0.4754722675524221
0.927867575559063
0.9927346836349694
0.643800408140949
0.4324060409919557
0.062224430191968216
0.24334960889104562
0.17697185848574504
0.5271397673368439
0.5021497432260327
0.48726661156754925
0.7391593104840748
0.6913413802464019
0.39563513675876394
0.37733488152371975
0.38244746459103574
0.3140702439661279
0.8089385665172535
0.6531773218424729
0.1710182139238995
0.16850565523685934
0.07763825679171599
0.6329072577806817
0.6043902350738867
0.5903948497324056
0.06541027060238136
0.10716417894301067
0.06750458171996199
0.1019870170271181
0.9991646389260136
0.010786824568919662
0.0045491482023822805
0.0033975285111398357
0.001915144368333066
0.004373673907619446
0.9994591684991898
0.9964304650764612
0.9996351519217745
0.9972098296061392
0.005140689958447187
0.0009997742267897625
9.2312572558928e-05
0.003152242233201208
0.009425485111440035
0.9869224755670676
0.9640784353582037
0.18212560876570993
0.05164275674510799
0.041944669184953765
0.047444316414079535
0.9475630888339756
0.9749351629285985
0.41916586811338463
0.28856952974186734
0.2869262030352513
0.9067089250992167
0.7410106675743825
0.4126124440677872
0.3421163342040926
0.34073284721531427
0.3887685626995856
0.3070349892111638
0.334346225031517
0.559402395779834
0.23979170496841806
0.3025523540237234
0.26174588428492573
0.05118881216637461
0.4495367158865562
0.29982333739972633
0.29818268343986
0.026137496208652133
0.25924881441046077
0.34085301731154316
0.3462677146363484
0.8433070803746125
0.488720789517991
0.004803636667752187
0.003573319889095705
0.6902623753224344
0.03615941981669135
0.2737445228604859
0.06624671398382753
0.7300168317779386
0.24707519994761817
0.21930487576238966
0.0816253340390749
0.33479634120669355
0.17019463132489765
0.7152410750293042
0.2941269707432278
0.1945232441598871
0.2435133838364698
0.2542549648594836
0.3368824173846804
0.4118466900636013
0.9967900372723394
0.995578267178218
0.23921117508316914
0.04385528021797769
0.028137913771071332
0.10064157038434429
0.913398333645282
0.23162901323063956
0.2750544857285159
0.8431485251455628
0.9850449954559904
0.9974841386110314
0.40223554399127326
0.24087418607921462
0.08093925315698003
0.06436779706806595
0.12838958466437278
0.29153707639461524
0.15287755237105272
0.1574803683771302
0.27313755300485776
0.13459868452976365
0.09235987789561573
0.7973777878743766
0.9184725754175728
0.8772190438253354
0.5918660618869365
0.6146041193382004
0.6342605087159535
0.45847925913374354
0.5367228461129167
0.48435823513847953
0.6150364065182677
0.7209606025218995
0.6561911665239016
0.8488906147850404
0.8965794250289159
0.9373516930861123
0.25689549705170034
0.0645285123974988
0.006972884136719482
0.00413067979437487
0.010152090240130862
0.022477245240212884
0.02197184387334694
0.004735816066435694
0.011166973354370446
0.9817339055844476
0.989774713860503
0.8411920046473649
0.0811423441776642
0.01959216609892378
0.0012810041070040468
0.0027093192448558456
0.0007198431143312645
0.03242222074329426
0.9974020546088849
0.9990925191768304
0.9993071568428077
0.9975697461826165
0.03259034447828357
0.0004112144782357774
0.0015634439734283356
0.0028423516601614462
0.021537202316524118
0.2511138469398221
0.8305275908642049
0.8444647159134426
0.15001051787921804
0.002006782255411732
0.00019790086752891067
0.005924293585701346
0.9959116469392668
0.9959714778607813
0.9968754980078149
0.9998332279299387
0.003513412088920309
0.0013703884399615118
0.002647976378452377
0.15002860301981724
0.021059886905596015
0.011381432341314723
0.015801818533037193
0.014982057753697875
0.014218790864821362
0.01278696047253114
0.017588132231882714
0.06682130939590791
0.10758831691387938
0.32690110408403905
0.6932470963982689
0.2335928286936655
0.07244563014979422
0.24225615255705413
0.04311518536846948
0.20640480566447827
0.738981868763873
0.029943986424581848
0.05903282414616895
0.08590646432061189
0.6779635663233726
0.014367333316530617
0.10940861903343568
0.2658131650501503
0.6699688892873744
0.6267215432859663
0.6651979036107638
0.6408459701511959
0.8873223715859747
