0.9287612233693385
0.7840091600835979
0.7532477403891298
0.6678607146541353
0.5944273074261696
0.723605228986725
0.06565221114886033
0.10246526036137882
0.10559556681993731
0.11488328996078179
0.8683297476908254
0.15313432264340132
0.015419700329138641
0.013107029223711208
0.0018448132628560154
0.004429076752284211
0.03329478924818452
0.9533933943156285
0.9534281805353657
0.9665191461387096
0.04680149268847178
0.028261742497906805
0.04203387631717059
0.04217206159621811
0.04570469617766548
0.048585937639072374
0.46005958781582035
0.06460257444007844
0.11398641670297416
0.34493287721499954
0.5700829266129611
0.05845850420879528
0.08853606925572843
0.6692811440623583
0.6668283400511108
0.08948262537783391
0.060190014309156714
0.09633104125389047
0.1436223883166623
0.9016713169306333
0.8044940256663959
0.05836138245491962
0.09020992998083621
0.8286182538042592
0.831253697420056
0.9810007577739861
0.9235010882111201
0.8964878942722634
0.9857449837124623
0.8821577406568677
0.8707458079195548
0.8561443704443839
0.10846460954640036
0.11542937432373668
0.9226670983274357
0.9111588240865237
0.05936563264905026
0.056060448637842986
0.07554815216931055
0.3083811498059459
0.9406337050495904
0.33241452060439514
0.15198820863110019
0.27548725581637334
0.5888632971644419
0.586634742036221
0.978504861957491
0.07813464005532178
0.009721803917582594
0.0025743386453062067
0.0025305804258285436
0.0018504478883634157
0.002747670003241276
0.9977372207053591
0.9979311816784572
0.997624244732426
0.9977082379282193
0.003966740386546985
0.004079623950811628
0.0036842837245716353
0.0024335648386788478
0.008737000775380088
0.08593293737860763
0.978129176707178
0.9041561007634116
0.9776144645325753
0.703201713723053
0.18489816152233507
0.20207013091602744
0.8763384534074949
0.13739135702868577
0.08385220194099141
0.09722815105635396
0.1338589505255391
0.46039237978278913
0.8703772351867075
0.8612849008883469
0.9035567652542922
0.7524602164343853
0.2831775997742594
0.09948784222942408
0.08363354745803186
0.21340628378976823
0.2610983428251641
0.9928133521853332
0.9460617455907732
0.8901491079049604
0.12606180082633978
0.019543539796102904
0.021017694266656117
0.02223334299168822
0.056563210415292775
0.021537094521229316
0.03146275576534796
0.07100148899839887
0.965513997968449
0.48279551283190847
0.15246803915618246
0.13791793743151437
0.48587549609681724
0.464616162324034
0.5668548730964741
0.1317721688854545
0.4775018299119014
0.3887348701128821
0.37189873694367936
0.35749127736738895
0.3182600886433725
0.32322149795742716
0.9522986010046584
0.00789932192903997
0.005546719427202307
0.0020517368372737765
0.0027457384891453884
0.9627657623852298
0.9043212943308572
0.179758213561097
0.18526382338523628
0.284578907351279
0.9923662045084937
0.0034989832184495473
0.0023368868793358644
0.00452112067549626
0.019974636881676777
0.06910520556757127
0.9983517806147905
0.9991056628712897
0.9991222722711118
0.9987197621035032
0.06928970479602259
0.020278178682986092
0.0035552083494879705
0.0007556157525699936
0.0022891093217518588
0.997724277769463
0.28913304089159
0.18796886022138914
0.318211809193476
0.8637624218758877
0.8757228312533869
0.9888713417468346
0.0036297365963890993
0.0025332266363947697
0.005139075109982683
0.008633670786180159
0.9718044221714881
0.8959005667017919
0.9528387671271384
0.8326619828044397
0.827352107633794
0.18922507349945095
0.06404992316401326
0.0003906884080678852
0.0005119851020466415
4.208726929089135e-05
0.0014535773256283413
0.002874650793799227
0.0020789472691450372
0.00207861433028389
0.005614625776765525
0.015722520496862513
0.9995689158031421
0.999569782653783
0.9995645513975575
0.9995563262925686
0.01833778762026883
0.002998542622948186
0.0017280519176948728
0.0018798180481676141
0.0029726942989137806
0.001438777163410343
0.00027630482890783625
0.0008734693291302387
0.0007256730679028323
0.05910969555006973
0.24730206730143733
0.8984595347736586
0.9089078510777697
0.9904200792424636
0.9829348531063682
0.7495359411456624
0.7792922222662771
0.969662443014908
0.9706118230421321
0.9704470160142239
0.9469535116037422
0.7727768327348763
0.8002680598243832
0.5673991363378666
0.06459078418979258
0.057994521885617045
0.30565278217844194
0.466322253540591
0.47263367758918207
0.2213250764266519
0.014819738338879729
0.4444125720069614
0.32307550065461943
0.5889053303830522
0.630740747267928
0.04578547831157609
0.005170256267704398
0.02499942543087763
0.0063675238537592715
0.0022541010599452793
0.061437983833321
0.036509013169145565
0.1322322134036169
0.6101714192767027
0.4987711581704287
0.5262551289435168
0.9832894949001498
0.8721376127264744
0.8259984728355537
0.8771899398812602
0.06482178052602938
0.053214752178210034
0.20318726535588305
0.5674620764988801
0.8242578170072452
0.369713522402101
0.04135634349452133
0.00034833358790720137
0.0011929205756684436
0.00993495801851152
0.019568993836729387
0.020176899527903247
0.01604202466862692
0.9600884337010731
0.7203691495459648
0.992051248334992
0.994791115710582
0.9975158761741886
0.7683035811904887
0.956423069000056
0.009426646797978666
0.004782927164481254
0.002604117053177646
0.0029729545652664724
0.0017875763766856956
0.0005876755834792746
0.049911517889280055
0.08855998836148471
0.3290237900381865
0.284615002796722
0.2824805890815312
0.9689191389784557
0.9671185580471621
0.9817574673722068
