0.6835448357467838
0.022981819818457705
0.038263323942016036
0.17331730854310612
0.002858870662139079
0.014111784883361511
0.003367625662085816
0.0051914218258652944
0.800460817949756
0.836190947768571
0.7534489575799392
0.848942302908313
0.8679764828744704
0.7939155450673286
0.7120447963705967
0.995148282932448
0.7157672222143453
0.7910232282672571
0.7546266444136549
0.806846827674002
0.24853079501000674
0.23992684811372178
0.019572330734930254
0.17307459920613355
0.17556494762999164
0.1998857621515775
0.40784310535625856
0.3678996774086871
0.020982955288351035
0.00824730465303447
0.008842078017527677
0.00417506396158962
0.0035857636864859987
0.11831982930921736
0.40642695648883964
0.8462036340861433
0.8605914303793836
0.1740248149769258
0.2246026437446027
0.8641876242229545
0.0063277752768036155
0.0006149895727497467
0.00017649379066353443
0.0007601285789001766
0.045182402759708085
0.9999657250127194
0.999912218013426
0.9994078610986276
0.9993346560336813
0.9975628869381187
0.04797694412284992
0.0002606315259349179
8.316641911554346e-05
0.00037549548178950065
0.007390883292357375
0.48823375395623436
0.19571179021249274
0.45720184188844315
0.9646942520457629
0.2775875789536001
0.15471656679771817
0.19028520392175285
0.48808967521596824
0.012391337966858429
0.0013810324043758149
0.0049888385203956664
0.40522721338462664
0.015691022217203643
0.0014228666688951286
5.221289649670613e-05
0.0005347157992050544
0.0009506328022417243
0.005264480634322721
0.9974682245918814
0.9999998407812958
0.999999813779899
0.9999937317210891
0.9957760820225288
0.9981526015199467
0.0036872534343399543
0.0009412135098459951
0.0005501672618291042
0.0002340172023947984
0.0031530645860373685
0.015602285520241344
0.9995200357224951
0.00560496811862532
0.0011815671798683924
0.0012225320432295295
0.12131155553869866
0.7117389410690328
0.7552887249284702
0.9073150486199844
0.7786729783381947
0.8516142003394157
0.3603586565765876
0.2526112094705274
0.23805004064400936
0.1262634767172196
0.6561760456064187
0.10867520850676138
0.045610906725962796
0.06134427222213035
0.9276098036308188
0.3224227174128721
0.2769692669838475
0.9843025530596156
0.9773487083540867
0.9941458238499703
0.9474585105783043
0.18695599391496254
0.23334173570358274
0.04170653666963409
0.02975553245612228
0.1252406496372107
0.9102902554601464
0.7694200711697641
0.9416159917583975
0.9771039599257323
0.9815148829747348
0.043245822356345665
0.01409235482700677
0.01959558394346983
0.011034546574567261
0.0016715568443294027
0.0018841438552463785
0.03855985446610921
0.9758769522019795
0.975670159022307
0.9356772215378165
0.8424179374299061
0.9983030778223136
0.008101522707476772
0.004713766471359793
0.015471715235780725
0.6439411000102528
0.6395680302381322
0.0016815441915605245
0.0017818865077630086
0.9997081987976061
0.9998114281963315
0.0005397548348593517
0.0008168245699706755
0.00043533643884385853
0.005948553848468596
0.9997689332645889
0.9997975747143028
0.999842973956073
0.9998868316417209
0.0059187370781461635
0.0005671891960372655
0.0009023398286452933
0.0004917874318139948
0.9989607105145141
0.9989876331547165
0.001898121053359847
0.016211371469439406
0.9860234741005172
0.649435513865346
0.6360982553941643
0.977759647866504
0.015195862339284827
0.016765502238555108
0.020269732695908704
0.9254930941297461
0.8524807032556914
0.9997540190391039
0.9998736328815144
0.9765234150853995
0.038777058555896304
0.001151450451513547
0.0012042570395840446
0.026218836300541004
0.027139889319890087
0.03078870314510529
0.04216589815985761
0.9317670111715157
0.9080856794325716
0.8575365085847841
0.4794929109344799
0.19962273424507448
0.12450159541235939
0.07111939222228247
0.784008291565214
0.18071858512017225
0.25454902912914035
0.2688032132550966
0.0335678515814275
0.0012609806998268303
0.001529828368374675
0.0015447574503972827
0.00027167650264137144
0.0011901193153035505
0.0014616309800155047
0.9972021465960895
0.9549566680059403
0.9987016777509707
0.9990526027579772
0.9988174373559294
0.988534574740187
0.9819288674330302
0.9814375654696098
0.0008485140040701555
0.000675176306534242
0.000963473838556328
0.0018568964212924977
0.0021468256778447437
0.0022568526975016434
0.15609578598238838
0.8930139209970153
0.885618621641678
0.8919396830384252
0.7397364550632223
0.22371155941897902
0.09178898267375091
0.042546689184700615
0.7925556505973581
0.08339757108895929
0.2363961748369816
0.43990906021956977
0.08345777509120489
0.018806206298778605
0.004000005783695415
0.007162547612915571
0.1780677283048011
0.16529915732929146
0.18921359584127362
0.9951596996686897
0.8490290827383032
0.9778051756862661
0.5893566262337608
0.577398904723905
0.028675912413675286
0.03152976841974897
0.398054533622235
0.5367213530994644
0.6009814412567832
0.9510456435906179
0.6004514332648223
0.44797024274085107
0.06455765881317665
0.06200748852796578
0.8054255570189309
0.8153646199451077
0.0231995490287753
0.00741274218649246
0.004121300957560914
0.9779145917842713
0.010634504683721846
0.0004574774612235988
0.0013355878695457957
0.9799015320176427
0.027091033333016323
0.06264282961374068
0.42715283853517594
0.9964517412369599
0.9963520434843192
0.9906012824003784
0.9895685061858506
0.41302310209151216
0.05774734330828524
0.03293441260227459
0.016774330105244317
0.016440557919129906
0.02288838006741223
0.033077614579916426
0.017331748434982974
0.054741192404304306
0.9916356130795599
0.9749353258385554
0.9981764748147435
