0.9966973091108573
0.6949197897258204
0.5948745785622056
0.5524445365274104
0.9612189335233835
0.9018743350997933
0.9614896475180587
0.28852137557712265
0.26308668964263526
0.03616436989377325
0.026218377039507024
0.030388302820427704
0.002996894844329745
0.04361414816900622
0.08917601537870823
0.2542103777615953
0.2540915301667873
0.9739189896022559
0.5830412636282467
0.04936691695795714
0.007392222725323583
0.009357398572975906
0.0011367974139090409
0.0022915565781790326
0.11039055952916599
0.38299750067791627
0.7242951559853804
0.8294612511970275
0.8316699014726459
0.8333073607554
0.7515047071183504
0.3819312304368442
0.08905165775840151
0.016541372271428045
0.0005869061667506115
0.006605219468148071
0.2654890617620883
0.3220195107549415
0.9542644223636849
0.9677557096512341
0.9795905250620712
0.9477859699807651
0.7036366124939253
0.8960209671528707
0.2306149774441948
0.001453843927278542
0.011515047996116246
0.003416684116098967
0.04542302875261384
0.07100766911716305
0.9696915493436002
0.798047123500434
0.5372999070173584
0.47192155253907697
0.5233325818149956
0.16648339540452073
0.10954506066363734
0.3470940829888961
0.11359651960045447
0.1964168455453572
0.1613361285663082
0.15615495489896158
0.4305690922581238
0.8415367293608418
0.6983225362513468
0.05801325958272907
0.007186342300633863
0.0011826579621428968
0.0015170640107492472
3.993530134183132e-05
0.000253877539919789
0.004685839879476461
0.9404795271323603
0.1516372225997138
0.9999924717884134
0.9999876718154332
0.9999950071032802
0.8949908123044484
0.0009694676420645143
6.214602863696683e-05
0.0005074349853376736
3.5825924573962276e-05
0.0003168740842918183
5.3396703335928386e-05
0.005799097903608108
0.999999157506877
0.9999993597833668
0.9999993890263522
0.9999996107633593
0.9999995404611481
0.005650154339432278
0.00020459089527280483
0.00031447794212713376
3.5635812235645936e-05
0.0005086393159119407
3.464662376451155e-05
0.0010873117257231835
0.999669395253528
0.8431447762610631
0.9416554935883912
0.16994800233463858
0.03162514751135437
0.0012089545263175294
0.00354016920154987
0.001821619674834074
0.00045722505209966346
0.004990087719837444
0.20229617089025653
0.9710791360561769
0.8762142270255827
0.600026448526106
0.17484757857775057
0.14891857913061224
0.04179421229362612
0.05943933217551178
0.019828490883824323
0.6536245333889455
0.31647845551741793
0.25628145164229954
0.0509426299397463
0.09903142678892918
0.4685932961961594
0.3394364706103371
0.8464049522356779
0.2728791325541283
0.4796218468450162
0.3334983573561101
0.009044686385452305
0.10002655694245077
0.18524632976715238
0.06517344308649553
0.09931666878718093
0.39513989760511903
0.2316640810889744
0.09988422047080325
0.12177768574119108
0.9836666100908379
0.8022685484700873
0.9443353248229195
0.25538019597432504
0.07652139922668721
0.14339956469376514
0.9729103868998173
0.9995685373509668
0.999758691235272
0.09457903856983163
0.008403318687758121
5.3126278159898455e-05
1.5508387514628907e-05
4.932775840871262e-05
0.0002695718184174689
0.0014582037230067568
0.0012512371326937055
0.0031490224882260165
0.012823530690936669
0.9999863160519408
0.004275383958545653
0.0031633425794731496
0.011709440248658054
0.9893901295063079
0.49145172754108357
0.9977175793067841
0.9999996470450672
0.9999998994113944
0.9996664370842857
0.5095206504769949
0.9842150278555496
0.0008088904183660706
0.001408237734227713
0.0022559401046740035
0.9995416530628645
0.9997264882830659
0.013283627544585452
0.0031284151784983782
0.0013275856722245738
0.001495186315220387
0.00026830985390691175
4.555899677327613e-05
1.9547653349882843e-05
8.805889450258508e-05
0.00816383615329197
0.06014998132838578
0.9640171748682909
0.9994382187561216
0.8890038059079858
0.08360920038481467
0.243460589581045
0.021054944079761384
0.20761034149747037
0.47597523534174657
0.4358506667540185
0.10633301991755784
0.16286518987398557
0.12111636973718753
0.00963345045301034
0.5692891447741021
0.7205833847106078
0.8021442127474756
0.7561528168519802
0.8439179487069264
0.7297836396030408
0.928044132051085
0.3947463939225623
0.18506434483949186
0.04422926053057186
0.4598861324430288
0.014523123427105378
0.006540231061740731
0.012708403594345219
0.15504686636124576
0.7010607218094107
0.019373791426550935
0.002435905201252586
0.017632269959563462
0.8119803784808379
0.3712299759146199
0.18436759458478902
0.17646806367551682
0.04888832396300402
0.06229230506786121
0.17553589871810216
0.22220746439787575
0.20540467131908136
0.7612597475125118
0.1348284967621125
0.16427857001879742
0.5491807902549373
0.7302167859547795
0.7534334824861639
0.8852656089827569
0.7269878863908217
0.7833176955855
0.14919119237179757
0.24029396699903793
0.875615552678401
0.9982022429165806
0.7232430213405698
0.12269147327040042
0.3531539255932453
0.2227163565426189
0.36563483641745975
0.6347069065555442
0.6329312011696792
0.7733127219556055
0.16739324402959488
0.23443384768439968
0.020695628966350688
0.004924048711572815
0.7977448766199038
0.8590038300896331
0.7329646840786901
0.1487129487689245
0.18984398598022312
0.6267585095893398
0.6834125800137133
0.8771326272523792
0.6133005208696568
0.621917742127905
0.8342345200395698
0.8316681887646024
0.9964282152641522
0.9886238807805457
0.9823251022373599
0.2637424766401699
0.0062099839850375815
0.00611628372436035
0.026869084031756474
0.6527383228248609
0.35443899941478696
0.35783859606645774
0.420279339556916
0.649592373794929
0.652370717682379
0.7212130502095886
0.7453140634086688
