0.9959615334257549
0.994825759508604
0.9936423333648372
0.882154939984689
0.873735388365903
0.7084339360624969
0.736104208742086
0.6559406892521035
0.9827718194894092
0.48137139715023713
0.021991817601550112
0.03353895203476598
0.0553008592391111
0.5664146603066436
0.12023067538858767
0.9701771755870948
0.5173857781325205
0.4982876654527816
0.4946102324131606
0.1106412568651971
0.09722917688262034
0.15124045551355492
0.11734958686316221
0.19080330861764316
0.0459038344595224
0.11605579180407721
0.22680907200076195
0.39547096283202754
0.9164059744891657
0.5487769425956502
0.49545212505280967
0.517124520723305
0.9542496442020391
0.07036372464115304
0.08466455054836342
0.4744934035291899
0.026042543750312452
0.1065779685163254
0.20515394156444444
0.47206171343120507
0.521635671168954
0.9410556023228822
0.9795021248293786
0.9879689653508145
0.9308512105178697
0.9572642172961175
0.42922628780891403
0.3725730927740325
0.07070043062863929
0.03503471582478479
0.979515966940473
0.6173133712511372
0.9526532537414297
0.4657859623044681
0.02235949143367133
0.01608000200377302
0.06145624267766259
0.004304642335589692
0.00097848107712184
0.0005649924525894523
0.002533143192400833
0.008845707430381822
0.004991538865171008
0.009540630719697907
0.10062388637606434
0.9779165660963107
0.0660306178883624
0.005875690887322871
0.00014708712670963298
7.587696650857012e-05
0.0015579607275227891
0.0005181485234413419
2.9722148570110463e-05
0.00012283158297476948
0.023969765313983427
0.5145930140725858
0.9738026369510904
0.9791484048411718
0.9963539542046264
0.8004124288490059
0.9981259482020546
0.04454440197963205
0.0006972961142492906
0.00022200761442381367
7.118896955282672e-05
0.0007469997496523106
0.008183728394899226
0.9999998692207245
0.9999998659025993
0.9999997583658324
0.9999999992350872
0.9999999997127351
0.008189736620225596
0.0007406177417396131
7.169265385087442e-05
6.595549706978066e-05
0.00015614268212749138
0.044298469881636215
0.9644044814755032
0.8363988430436641
0.9749385720014144
0.49029215097184753
0.02394884913088713
9.241602099718804e-05
2.6341097585591555e-05
0.0005187509542216029
0.0015587306230278042
7.630604538777508e-05
0.00014679312312337878
0.021140405265935858
0.10105369007518727
0.9797469523677008
0.9563448403145677
0.07756376295067047
0.014531953582169521
0.009687827630692314
0.012805775206662706
0.002230400174611291
0.00015344401940509123
0.0008379217215007673
0.004053715252804513
0.4550777981318269
0.7084095797289773
0.746264925055929
0.49607232607002105
0.7186248076213941
0.44660282726817624
0.04254443398824048
0.0004940599601708229
0.0008634876409260306
0.00012141353609806949
0.0011495749257923737
0.010236906523963474
0.9939820565280391
0.5375388165563539
0.24105637175656136
0.24179970004968432
0.01772723598742698
0.0001610262045579347
0.000608774037031079
0.0003765726447615414
0.005659375762744889
0.17437123657092124
0.445319958709508
0.9999463154930673
0.9999290820731997
0.033158751364677164
0.005445611386295179
0.001629319744412161
5.359913056512955e-05
0.00026647524261613764
4.217911826931431e-05
0.0010598226228923924
0.002955235444214166
0.014653985542537717
0.03235117051080294
0.0900121607006803
0.06965572999414626
0.06987111890930953
0.15924889058488845
0.9300195209640374
0.9309519674411864
0.985384027582422
0.9999756052410539
0.9999960020628647
0.9971550147625755
0.20837247677862158
0.00389671741379527
0.000994211052821048
0.03410450652116026
0.9905062415138915
0.9909717824971176
0.9984032475044214
0.04027629168032276
0.014659976958280807
0.005417860377403549
0.001374296238733419
4.323679983886386e-05
0.00027279666032242744
5.768684177842598e-05
0.0016412697098883156
0.005402426916355285
0.03527021164980537
0.9895116419485603
0.9992294771014343
0.9984479928974191
0.6932375438731282
0.9992644715149877
0.45039772841911097
0.46195356394125076
0.9999809770920918
0.9999606263227765
0.9943656926909904
0.15019786842924765
0.0047330188464151934
0.005139172480519649
0.9997284803723807
0.9999706029970034
0.9998711908171817
0.9976883766275255
0.003356723552944363
0.00391872515938374
0.14959796939871617
0.0025567388100038446
0.00014391418419990032
0.00035460827103050985
0.0003938377496206513
0.017979430658648154
0.0006053799571190677
0.019736224961266147
0.9996183932910192
0.003924449150562781
0.0014910377523990048
9.03517947914434e-05
0.0008411108099906084
0.0019121628931717538
0.04315918447081857
0.668082843191848
0.7644440684148114
0.472651749825305
0.33550669245341724
0.40324630636920256
0.3081880845151407
0.05208481518816943
0.002130434905497469
0.0002803489551940208
0.048515061853609986
0.9973058081025892
0.6765665530761737
0.5604313756277945
0.44925293062739924
0.00097229024890777
0.020974151525928852
0.020260554379442075
0.8787113560243546
0.9261788584891122
0.6094560564051645
0.5579640372217687
0.17395084611164124
0.013182697480169425
0.09321969495833926
0.7639914553141945
0.43015113667506744
0.420934593548554
0.5868348828130636
0.5359729476356667
0.2719425385408689
0.551065240687648
0.3157426276305879
0.7318250121333787
0.9491902529841292
0.9436220537676763
0.8402356679690192
0.9291796377843204
0.19318550286670355
0.18062119027601709
0.2620708225765829
0.22779190641805114
0.29119656908523694
0.3261847025487742
0.8841539153775737
0.35427403545673386
0.8826154631419436
0.827637288775015
0.709029172846929
0.6932914044816443
0.7692114244558284
0.7334264767735272
0.15818374682803227
0.6709613743735149
0.06124011037167243
0.19481277283632392
0.2709810321808278
0.1616812633133906
0.16222747391982117
0.25035011818992814
