0.7556850931229417
0.46324855000222964
0.6507442858570631
0.09813840853622935
0.12195190640905285
0.4433697748029918
0.09312328260461167
0.07014604850380834
0.7030829029749157
0.31058252213407156
0.33699238704556
0.3283292822235302
0.6223668074262451
0.11888154285759789
0.0597375306127822
0.09123027114853488
0.16316618876057143
0.7620869645860681
0.6544240894606834
0.386409527568927
0.6930826465291394
0.047406516775255314
0.3157015017895197
0.08350324167528533
0.0984442657186072
0.0644452380245023
0.036448515375295476
0.06645440098533961
0.3039400724631104
0.7792865232424699
0.788033215856948
0.9938243387874928
0.999696381489281
0.32196132532701804
0.27668244575961976
0.09744935634351881
0.15823685273780175
0.3636114296969587
0.7167248464221765
0.3158637966089384
0.08970471041438888
0.030544020566183328
0.32920340416636373
0.716890968070955
0.9912606404965228
0.6372102211811626
0.34123026595255335
0.6595708326767062
0.4774462274823652
0.09121871643159507
0.1130282768672567
0.2116902031115222
0.09801459704352822
0.07571957542661112
0.006081795001096069
0.43089441506234094
0.5154608289222348
0.9991751636978791
0.9998917184900361
0.9988403949703621
0.8249242243705466
0.7867525507723823
0.007112147374985778
0.005212572810953553
0.00035640899791267167
0.0047895103013160245
0.8588296685059559
0.4460294755904086
0.9959810072763969
0.07919838528232614
0.016675660754241983
0.013796210446472834
0.014011407240417384
0.0036150044388622016
0.00028985144099913374
0.026752843422659378
0.05263631631843546
0.024389299785883223
0.04237885014886811
0.47999387807282645
0.9997372558235217
0.058516095969372794
0.1296745152599168
0.06830647135842904
0.012790728354260317
0.009339073818388055
0.0026998839203747904
0.0021273037682593143
0.00663636908602061
0.0009629286584409424
0.02007656456752549
0.3217226375571195
0.3209438168561688
0.7664963525916444
0.8062554596464416
0.2267105020443455
0.4287174316202248
0.0759163105276105
0.5435930356970118
0.9178219379983024
0.04887576689647477
0.0014378899452299754
0.01742466888164973
0.9996957038340951
0.9996170477680821
0.9996176720531866
0.9999920004586955
0.9999891524080803
0.006705749711952591
0.011984503031448934
0.009451779539855432
0.9997264743668802
0.002766032912700944
0.0023244444965859756
0.4298695661197176
0.7978665370965978
0.11424503319237989
0.1071647125330526
0.0257877222906312
0.0008228334607931487
0.0010025389761588732
9.053611867237965e-05
0.007760827140323001
0.005486584198119093
0.00775515869129606
0.5171329973796999
0.986440144284523
0.5628742006516245
0.058786186643628446
0.12680153748793743
0.46487840240011236
0.02253568069515477
0.00525363459702477
0.03710488273026935
0.015822349100350408
0.0016609820528356023
0.0050312820620448395
0.8460544279220867
0.5140941952299936
0.8124568380581423
0.2194958377082188
0.1245918772406549
0.08604880572732299
0.03351336947328942
0.0018720475482546517
0.0017681173894580349
0.007782481761808513
0.03972675264077763
0.9992121962285246
0.9989157373734036
0.996893248292275
0.025082597692689057
0.0027615771325084637
0.0016106664005230975
0.003778261631054103
0.012521290859862644
0.04127271855887127
0.02120047289974125
0.5060856136240848
0.47470116585911615
0.9991532161026879
0.9999825922927605
0.012204508636687872
0.002853049476163605
0.012940808775385837
0.013471104552050583
0.0013659593734901554
0.00047460312953562234
0.0027409114814820335
0.009151459021997765
0.06048452741142585
0.9869174486782002
0.2656194898655586
0.023333488404654656
0.009141822513011433
0.021676804101736225
0.9728431916748552
0.968262270894304
0.9829573953301695
0.9878202012683162
0.9999609310233268
0.9850682162665075
0.9331572292759721
0.9283024388556852
0.014102812319306768
0.0756067128278678
0.09686512226766919
0.2328161741057343
0.9989525195699459
0.9872134915484578
0.06312219601920521
0.02316209560227267
0.004027559068612407
0.000505439774912797
0.0009533802511676459
0.000708333924768989
0.000549067287515248
0.015141768811031686
0.008326880305268514
0.962466087651153
0.9999017639391728
0.9998506184268997
0.7166765798228136
0.9643613774481561
0.5742509421348624
0.3881263988453062
0.7271547654942826
0.9823002586149205
0.9939917396539532
0.8905359541505883
0.2706466894921228
0.11113085541675793
0.7498294141011463
0.9997089972765816
0.9999643370384532
0.9996127145286821
0.3388125329652524
0.06566502636326521
0.9296405788294243
0.054694198387267745
0.018820714554343088
0.0007213158338091885
0.0006088432325868087
0.015718364789981565
0.0026806232533107544
0.025230922679330803
0.9877031145093903
0.9876861213409621
0.03813054222982737
0.005571489239184602
0.006809607495485093
0.003317668674360452
0.22046348872320687
0.23700972153330957
0.2748678307329069
0.18990767277819032
0.3154565586317334
0.9307292358599564
0.5187672246331049
0.3162006958856436
0.018108065726201383
0.013179870669639215
0.09317476377668188
0.9780983112884396
0.5138806056491836
0.7961525120781409
0.009150463842032663
0.19059137573362595
0.010059838595160908
0.009155648867110622
0.9840211054217841
0.9966044248373539
0.6901241183318585
0.6453404472723667
0.10419070709943512
0.07714192233275285
0.11214501868947757
0.6416455301895846
0.2443207061705226
0.163480282617126
0.2330834937902344
0.36522815577088497
0.614279236832615
0.7444684481881096
0.2927608764151748
0.6017738640045525
0.6719831378806926
0.3165870324192399
0.4665904197781737
0.0962710496370599
0.08023965347527073
0.11679071029050025
0.9980516406861873
0.9622285051495268
0.9495447898196303
0.9983785623349714
0.9713355443074871
0.998472601282274
0.9738695484990679
0.949530273714349
0.5784505653652763
0.5374066759332812
0.010492491759478417
0.042420971525296114
0.010176327152180309
0.14484343930644905
0.0462207231795978
0.598542275091466
0.5945546301909836
0.42142007020972105
0.5575610678505662
0.5971081359693066
