0.986176382796634
0.9722074743947989
0.9907635637246219
0.9982172271224266
0.9965024850031767
0.995802000713276
0.9936803717074305
0.9781757259029633
0.1802767924571671
0.1009646464515711
0.05327850792619726
0.024381089316202864
0.06943321779101563
0.7313686232424755
0.14757048450987764
0.005275322572471874
0.0050200816025723904
0.006288271778809751
0.009456614351785908
0.013753744767182163
0.9860878479569333
0.9975322880320913
0.028301197876740458
0.004670006114008141
0.0014702033772463485
0.006236857780512306
0.01905988595681729
0.03853461799138458
0.21276312650374807
0.9973993239550089
0.921692910864863
0.9879644040185287
0.06063734491083961
0.001807352812852936
0.0007845594546592727
0.0003599562468943329
0.0010418585192670804
0.0015131717932583832
0.07122816566456203
0.9979608533402229
0.19081678301591776
0.11678440779058519
0.11622110202069746
0.1832332592387509
0.002230709070237591
0.0508646714650236
0.12385460487157585
0.10173448634425941
0.9930744404023365
0.02468926951608197
0.008427235756783391
0.005228509392556702
0.5031864528943288
0.4993557986896342
0.0015223124308068048
0.0004777276566400035
0.0003941666130192756
0.0026633656567789377
0.006692791153672717
0.06373525597403518
0.0015335172563937238
4.394670997731609e-05
1.3481348315913522e-05
0.0001217922532833482
0.0018662172117478448
0.9927794563773125
0.008980554040865396
0.0015496396746335073
0.022454367768284245
0.29842825556798236
0.7697168155971471
0.9999770556597426
0.9999946802118844
0.9999685213126431
0.9998470749003165
0.9999754433711806
0.9985571348080554
0.9993900116706487
0.9925894898406131
0.06276910131592095
0.01726180436080138
0.006954735616401586
0.015469970399772714
0.002946313764213393
0.0002550286223498288
3.878610131824445e-05
7.48296318020536e-05
0.006942530480687048
0.6977254558710002
0.9968007407457125
0.13000960964939
0.1096843041031701
0.9623142901281522
0.9584088925528316
0.9918087175277478
0.99453996798171
0.6613553211651756
0.14751540205232605
0.4667837306946401
0.9912946603773355
0.9912470570908692
0.9858826533630631
0.9647275445053005
0.9656374835419816
0.9628077494118971
0.36465362013093283
0.005553103472659915
0.0015451552534698765
0.00023381252377652206
0.0004735963647459762
0.0016145080440824744
0.004457209166524034
0.00663673350854066
0.006626519569947975
0.02275953101898942
0.9078242169984307
0.021750409554457284
0.11977555360732395
0.3480211937282788
0.4679597994038368
0.9513811567533768
0.8865962780876822
0.8878854099934205
0.006373907870860673
0.004787732798542277
0.00552966890256279
0.007083533642273987
0.06169445015729391
0.0843780760439895
0.41035170639346596
0.8957192122885518
0.8818578073440612
0.795014435640851
0.9364004317338216
0.9836560947807336
0.9278220418114604
0.995800069982688
0.26231685510272984
0.07839297481059582
0.04756357097637931
0.1075399006337121
0.28424521329776176
0.41563322917624823
0.01676587081069325
0.01371823330079136
0.1659420424203094
0.17472249623562275
0.9595437481599993
0.9983964652696083
0.029331155426670197
0.025032998743434676
0.051919643947189065
0.21151604961665882
0.9997378034613331
0.9994402488160227
0.9995889147090307
0.4414612710317296
0.10948538579482914
0.09654224428685254
0.5225906084618572
0.8415396035376654
0.8397241950982393
0.9390331619526591
0.39283792195434375
0.4064704882478266
0.05484278243904139
0.5100907697823462
0.5588560168942429
0.930087289778208
0.23546506397913625
0.1305199771417146
0.013611099900295631
0.03156787135167005
0.9067686783748875
0.8603829281251409
0.022953492123468977
0.03514083862856854
0.13566819162333454
0.1409236085380977
0.9962567616351502
0.9746775766487773
0.879322565664723
0.8407468299478031
0.7866020351353182
0.8857862786492511
0.6715310702074195
0.7812804160549417
0.4444271879900804
0.44198150552461
0.6313808901324327
0.6418368800058377
0.4771483536315174
0.6892717437875493
0.5914817139405812
0.8717837003076276
0.30256609352479125
0.017379274324568317
0.041951529754831074
0.02488663459703022
0.2512923634495945
0.2588809310150141
0.26157566251761544
0.9773744712557215
0.8480186121246688
0.7007936070313672
0.7638464331349757
0.5480469597680567
0.8005117033374187
0.90333207507162
0.9912002994244931
0.7666993122524007
0.36004667314711614
0.07552154769566455
0.010766993109213141
0.012261107081074973
0.3396973110694248
0.46789117369082023
0.9747617961118291
0.9789100913565753
0.08818147680589417
0.009671759876411112
0.0003964339378076387
0.00033775776447175776
0.014550258114795822
0.9997659267749888
0.999567208632205
0.9955599467416524
0.9977301108892127
0.011706749126737415
0.00039587834219956264
0.0013037510591613621
0.0010384263782540204
0.00023939317931909176
0.0024807590364918086
0.33589458877520306
0.6437047423259425
0.42013135224855347
0.4800406891673896
0.4869687574394256
0.9999831009182976
0.9999958851650006
0.9969787786545262
0.6797159474348575
0.1373742887459276
0.4799104572270123
0.07231549161858397
0.002459731267329013
0.0002502628322080813
0.0008820419073221064
0.0011061929986513341
0.0004275959136278429
0.006650486544268697
0.9997871999910476
0.9999030688919376
0.01288556276810593
0.0002624642495218099
0.00030256361340930127
0.01156346398939867
0.09816210008024384
0.995788422511447
0.9967408644916604
0.9631421355171929
0.9506074640536305
0.7995652953884304
0.8478364665200565
0.998173635612305
0.9967576783264643
0.974040918995401
0.9660797592880371
0.8215083880831059
0.5663265935421588
0.5733875972914675
0.006936838099657283
0.0038000928064368944
0.005762839909624451
0.007937584108776097
0.0019447582249524364
0.0020356059562611772
0.9933846364598168
0.05925574051434057
0.027935632900502272
0.9993832767985176
0.07815734911574912
0.0029300596205381613
0.00030218753497046613
0.013880472545556688
0.159851051708515
0.997452935125324
0.9963393045362394
0.9961190280413035
0.9958948323373197
0.16221760769662497
0.023206452039149172
0.010804443864685709
0.007614176017513019
0.07664001609925541
0.9861617686005464
0.021380317863561094
0.05679434261342242
0.9956710421570582
0.0036385199305214444
0.004769380657888567
0.5026200617265154
0.5053665444484396
0.005129464626853597
0.006051566109500306
0.009191722844307804
0.08314680062241875
0.01659170044607139
0.17032813316505557
0.15326325662870577
0.2106527357764122
0.4468452858846429
0.8522708249050048
0.7639534166476845
0.6763939365090385
0.009075548148073542
0.003314151509255181
0.0016100522435309461
0.005018372089306888
0.2812854477127269
0.2033605500414375
0.3813433240416966
0.9735440762820194
0.37614717670316
0.2943567373100703
0.317165489688529
0.050703887635694445
0.013375979426284657
0.0040941143976845895
0.0005390412610329909
0.001119289592562689
0.0006709776029691916
0.00128755749159426
0.19409301549430025
0.13465638243681632
0.8834735419438172
0.9139267548482225
0.9126585346980532
0.9936019301776522
0.9985288572858422
0.9889030088693357
0.8259040792177357
0.957226097695598
0.8554972013595348
0.07009473995759019
0.025436588838494534
0.006032739793513708
0.029006581282112087
0.06741034182605965
0.18981832104660112
0.19212218548579219
0.16667681421292058
0.22217294590855563
0.989849078403013
0.011285115823026715
0.006923119247035703
0.019331402767506
0.261219136060971
0.21098014033719192
0.12092632475553577
0.4817030940483751
0.8731154779981144
0.8804165444088193
0.6233316436145011
0.41273069998262346
0.3798331728921942
0.5544610722274133
0.01201044551181163
0.007865458031740102
0.011251084260194721
0.5084045834702111
0.03409207304160666
0.3849644253348168
0.27706896623823185
0.6244643693418803
0.3729984951342905
0.43436074073054665
0.795816928595831
0.8943778476348755
0.8599479259752374
0.9743981421609991
0.8448033054855419
0.9066437283950461
0.8618210044428553
0.8475770112512366
0.8747320927898452
0.8995294593755762
0.9200137042511833
0.8924372545543431
0.7400793427896675
0.9241808741420309
0.8384446894626434
0.8215520243811183
0.8469479469665077
0.7666634335146327
0.7757627380209042
0.7345740400663654
0.5481546328641448
0.011024445959009421
0.09475046929083075
0.14388750897231994
0.6463130893665974
0.3196922087929226
0.4978077644320119
0.5002219324913852
0.19922777911218736
0.1370206824557363
0.20476216717726092
0.7015919161153215
0.6415594279204345
0.6502685348568444
0.6349220688703618
0.4763822299975713
0.23385634277552914
0.3027155830400692
0.8219252884617105
0.8636060608781481
0.9458044219758396
0.8309442812186072
0.8436356107793093
0.7466878216416719
0.49811293585384153
0.21558994535792075
0.5896358018340557
0.5469799331522546
0.06480183333084377
0.2011417728102417
0.5609148298905211
0.9158400082300135
0.8879461166374714
0.907663497633123
0.5643852111452247
0.17528511448835105
0.16716741297335103
0.27798203056825366
0.747740468030144
0.8005857312567382
0.6152199252688938
0.670112339401231
0.8067194306707104
0.5587560578755063
0.31849376652532524
0.10138753535786527
0.07640557827549732
0.08030129675026632
0.5456145885121402
0.535525304304068
0.7707909255708533
0.726972123658826
0.0767697655757007
0.3263190071280879
0.4139471414737046
0.6063255846577751
0.7255700491225544
0.7655012699680642
0.775371292241799
0.7508305820369037
0.9791703794689537
0.5477706842674128
0.2842269158218411
0.027185673032050328
0.03910841875274462
0.05346330297776558
0.37051902936467285
0.914117212539624
0.9695352678924514
0.9491288687421157
0.6899175383575777
0.010153116497973014
0.009026151896071588
0.9553272024139701
0.9595296139032896
0.014646355474402295
0.012596695788768209
0.02938764993367371
0.023844884126055677
0.03615924807393078
0.9981527429192513
0.9778734213797218
0.5019485809261041
0.5399592258348771
0.962975224482551
0.05665122179596005
0.0020619737057581133
0.0014992918018360557
0.001689792855042449
0.02736603375598934
0.028456953346615577
0.015211750931964585
0.00012405357968214847
0.0012028954682706816
0.001990147699190592
0.0009843807188442133
0.9932537239441926
0.007445632295285942
0.0065068731801049
0.008558222589463704
0.999998293379738
0.9999882360615766
0.9999363003151723
0.9996778733920128
0.9999993163465755
0.9999993360776961
0.0018111577028363524
2.4925232401606934e-05
0.000817168511242472
0.9919289051310436
0.002733848721782506
0.004842344305994506
0.008829306275838333
0.006141652204040948
0.01865603763982704
0.9959826784453131
0.02819513218130154
0.0018783925114610467
0.0018573983888615642
0.001895361443749799
0.00207981962053827
0.260118543365611
0.7792830852688473
0.9998465959773073
0.5266361418083239
0.5403116997634111
0.9990683939518789
0.03180994684425442
0.01616736282368636
0.007695413159731657
0.0082562074036856
0.011323963547836713
0.9563631389146605
0.9785075775906912
0.12019157342653763
0.12154492386724003
0.9104205032528582
0.9183348275365547
0.8269939394465725
0.8561565992881464
0.4883194467950729
0.4685101181732343
0.45855974073998473
0.510816365415862
0.4587241236283959
0.4521018280842939
0.6229066658915207
0.9287971070771537
0.9897912554791843
0.987545944476375
0.46077043201052725
0.19744084338074497
0.20716291599824022
0.26268678655009614
0.29262001866786147
0.4026452882696271
0.2550209600668163
0.829196494707336
0.03991821364744019
0.0196457800436165
0.006073304872458829
0.0012434115459000195
4.585856500438634e-05
0.0006879659778236125
0.0006458519382266381
0.002198209622405356
0.05717280825502524
0.0008484564904462921
0.012512744603947912
0.02213549613170085
0.012152513722643588
0.0037802147161380972
0.001778528784410427
0.011019464559110292
0.24514103097376272
0.9954182643715506
0.999885503107672
0.9998829614980111
0.2837498748349575
0.04962286674048377
0.015725331036135937
0.007765635375210023
0.010825904256404062
0.14634549093342786
0.006741929165608895
0.005233610393176491
0.10285265326551074
0.7449761728077844
0.9750471044807733
0.999776549621566
0.9995893798053488
0.767595469723583
0.1258096607545811
0.03724259342165559
0.014476827245057944
0.9754185683945329
0.06832231106778508
0.0007016209493614367
0.000517125647073513
0.00855416320539304
0.09021401381359906
0.9994510760810397
0.043684843319323985
0.0004259287840070458
0.0003504024363784053
0.0025261205610357385
0.00398555558053082
0.1284376730796264
0.9992418406504066
0.9992714561837878
0.9978828926771183
0.12630166123739717
0.001602558759517092
0.0028431265425459262
0.0006547051663760017
0.0013093881390732198
0.06621120026556426
0.9789288801984264
0.08570433655488197
0.01724667011747283
0.019539907979302495
0.012676970047415415
0.09114601781373577
0.9541327675620359
0.8233534394019233
0.019864847727253387
0.004458715472109076
0.060115774504363895
0.0017296989649480121
0.00013058225914908128
0.0006214577627607909
0.0013102809334982757
0.0032160671726156886
0.0026707049286608386
0.004931833233829286
0.008629630419982215
0.9518479204212036
0.9922223498523964
0.4732617790269965
0.2408103380526886
0.8099835096709023
0.09618493609936118
0.0441517375056284
0.03479992468738757
0.07362280581224345
0.24141103297102162
0.4767542282692988
0.6941375062799
0.6557433705881415
0.5155471353692047
0.5120755158440216
0.5357050143366211
0.12844754967409922
0.01950773529374006
0.029509994450093058
0.03386107973899555
0.038277955838518785
0.030992458882801333
0.028983331467109852
0.987107591579238
0.9937289479758318
0.9920791240760112
0.9806210709523588
0.9596963164142761
0.9464749870046254
0.6533963412373387
0.486700684650623
0.1413198446648548
0.06089475772233377
0.05895227789234192
0.12681252795803166
0.9971998391447331
0.9959876792922089
0.998417067455657
0.019020092260702448
0.001216869767368789
0.0004158845743645889
0.0025173323215743615
0.9839828189499188
0.9885841280385846
0.9880299212196287
0.9905488634746995
0.9968983231361815
0.996289781378971
0.997452944235725
0.9998305216326382
0.9995515207527979
0.9998234612644006
0.9996296503017342
0.007601541453716831
0.0059840403986716195
0.016859798716569507
0.01959637547870252
0.9995758458880338
0.9978267294114297
0.07681970781952163
0.0014420982644085534
0.000958838041646981
0.0003460529173322513
0.0017687659408358591
0.002223976471889322
0.06728667509647557
0.9992970223590012
0.9189016548078124
0.999521808783381
0.993399957285874
0.19826027602765728
0.4699975437228252
0.30983085373461483
0.28080686322977877
0.006245903802395203
0.001472348897460063
0.004318697381934022
0.02801126322654124
0.9998113076045322
0.1456955615446731
0.0003425088623472128
3.030731172481982e-05
0.0015290670711670673
0.00010763820224402032
0.00031354877933631453
2.3807920223939405e-05
8.833101195260262e-06
2.2981489568585367e-05
0.0013417980286887232
0.0033928230345345867
0.020091949201946346
0.999994126206866
0.9999999075779278
0.9999935459896228
0.01992646545858323
0.0034766391168474797
0.0014246403231260585
2.2479496894045603e-05
8.838133438771045e-06
2.3813172009612416e-05
0.00031352988103483526
0.00010725026552182992
0.001525826729159463
2.8334550206676745e-05
0.0003786620698512655
0.14773811943147086
0.998102053893441
0.9995316126999314
0.9975611927076499
0.06905334684269282
0.006250089843810813
0.0010996042345527979
0.007714535721679128
0.999865764552854
0.005007368710342575
0.0006269286177502664
2.1707951546212634e-05
0.00013067801720023642
0.002267985557220187
0.9978695308680774
0.9988468925542691
0.9999395447750683
0.062083458273702985
0.011630857892147795
0.002892835218047951
0.00039371614107786
0.0023593691370366043
0.991225769499474
0.8973389854821338
0.9674265540592405
0.9731506015097042
0.9998681109471178
0.9991438228989715
0.9107172681764966
0.8808914432461115
0.9066757364637749
0.9767844180758882
0.9984384073321697
0.9868558447450042
0.9275682306444609
0.9289621432525664
0.9024560361079939
0.9597855101651884
0.002578642945735954
0.0006249017825040726
0.002347252778930886
0.011200922722201079
0.06090643278089647
0.9999874306200388
0.0012528564221284677
2.3577124252827097e-05
2.2296942770116956e-05
0.0006284266996993138
0.005002719610039619
0.007870390591833476
0.0009794989409029897
0.003148666860607441
0.06596816489907853
0.006842263235321444
0.00039781900287916283
0.0005087176748855837
0.00022419220647984517
0.0035985394435242846
0.3520199398421857
0.9440900601038636
0.9434855215066166
0.9329056257303777
0.883326930378376
0.9763956288209021
0.9774412182806311
0.9822369299368754
0.008451555585598958
0.002995594256533285
0.00423887700790293
0.011653024498465281
0.027583654824991366
0.1407280491052203
0.6395314520316511
0.9989699525037631
0.9999631401735644
0.9999843468415278
0.6336363550255072
0.13984064975773447
0.025340480100842555
0.008700182437982318
0.004679327953633239
0.0018430334221286593
0.014827557793860024
0.9728199719609247
0.8002267336646658
0.7382639066476837
0.7358297774098084
0.76378797717835
0.7860478239785407
0.8736468916227692
0.9502006613366587
0.9329411228083747
0.9077292199378355
0.15004095776044102
0.0337013743079827
0.009159901155131212
0.0037579576665152103
0.002513351666640795
0.003336709522221204
0.0053294331938739115
0.9992679644915501
0.9945550084499928
0.9999246300372568
0.998284750313285
0.9979430079283635
0.9950148478458989
0.9999398750871726
0.999959348434012
0.003666653215724458
0.001563732917386984
0.0008032888241292779
0.004624303405519559
0.009288568762558458
0.033870644629367064
0.1575709143036389
0.3377482954390688
0.33902937565854185
0.33817084726935054
0.3370371617136617
0.30823328874178446
0.998401276906898
0.9938325932337266
