0.8734321900962215
0.8744444657439441
0.04234590452290987
0.007701404273381285
0.0007542532403187474
0.0003865178793323043
0.0013376923042131006
0.0008626055231271135
0.00442758032159285
0.10846271420013387
0.9563796923407509
0.9974015465256513
0.9910005738214036
0.9901052996421861
0.9572204171240495
0.9651138190447688
0.13025175185823146
0.0217769679410591
0.003645410844045127
0.010314209123787221
0.009518626408574149
0.006874369742950082
0.014432539704408942
0.0686973953395994
0.9254520161314319
0.9966868946951999
0.9722325112647832
0.12837056458144447
0.002485024330264096
0.006182468018888665
0.0009840917923999992
0.0625608685027278
0.47692631175708733
0.9899355907938272
0.99907938887646
0.9903757048965747
0.9667875333198095
0.4888678911285882
0.0745426940115792
0.0008343360129007271
0.0006298304311590508
0.010814288785766624
0.14335981257209063
0.9388969762317957
0.9197205042604236
0.05608272627746669
0.01853586783698513
9.339840596223059e-05
0.00032225243799177683
2.3859268517445464e-05
8.823858423157027e-06
2.303130492142813e-05
0.0011590998714180456
0.0011604296066813902
3.791900142469107e-05
0.0003123766045053378
3.8174125366663425e-05
0.0007634574984514142
0.0019555425304806917
0.0005584919601374638
6.39296958347968e-05
3.781591663176709e-05
2.2700467624647835e-05
0.00185944060824772
0.002467990888606608
0.0016440840420035574
0.0011836262924228569
2.2150847091673143e-05
0.000397156627024442
0.001749423862887567
0.9992392444742757
0.9999879282978116
0.028012419551703305
0.00015546011659373082
0.0003208688341017618
4.380988148999787e-05
0.004263592906147307
0.08344430361308863
0.9966007299654078
0.003440504298794833
0.00039914613255243037
2.413375655363481e-05
2.183416602341559e-05
0.0009850134441538039
0.0011557428857663643
2.3061224918685674e-05
2.011247318789433e-05
0.0005059622165813904
4.690015902364397e-05
0.0004308640003407582
3.507334078556301e-05
0.0003112819939287137
2.036726679210954e-05
2.012103635962159e-05
0.0005059725152775085
4.701148517727294e-05
0.0004419698574187336
0.00022021773873659445
0.028211562302359883
0.9986937460572702
0.684101261173107
0.2518872025497695
0.9991068842761927
0.005735834930562844
7.469392681402898e-05
0.0005080519475373357
2.011051149775067e-05
2.0542389074340583e-05
0.0004546078724679825
0.0003660413920559824
0.011177884535643945
0.01376077694505995
0.009687877066687167
0.00022241806914768958
0.008138424792370147
0.009773597816790991
0.0008966517950118602
2.4250252878332823e-05
1.0923538766749452e-05
0.00026161815238079367
0.9999999381613385
0.0011276810642356638
0.000281711141439156
0.000154859647575889
0.030118067948291527
0.9999998938517358
0.09255990730882957
0.0001531433850200381
0.0004379344729158463
3.514715399488555e-05
0.00031241449014085543
4.619544904649331e-05
0.001253944464759793
0.0071317851574594915
0.9994688633601572
0.44627491429317423
0.04848226696207725
0.05567480216573473
0.007066976884756659
0.06663244347667951
0.9392014551125384
0.811568374959351
0.08762150168387384
0.020459167230020503
0.008097963515795725
0.005425128499321752
0.0049702411471463925
0.004925421006417685
0.00506756113899387
0.005829817776226598
0.008312309492283565
0.020559112639281563
0.07892001264743276
0.2192014079381469
0.160621075361016
0.6311409650371975
0.9549712698700499
0.9017270490321094
0.5137842226353413
0.4956217977602003
0.5428330844572067
0.9824222787334489
0.5070248174470998
0.4433677207037895
0.45156748204596486
0.5866860360290824
0.9979122913622713
0.9990603771848947
0.9961051946913415
0.6129362368479622
0.1855833200828675
0.04963032374908172
0.051945315782357504
0.21084398697851725
0.9791906936115645
0.5463316101071196
0.4941438264206235
0.21378216280920714
0.5851292995055615
0.597089430887965
0.5372457048446824
0.25406607343278476
0.7354482717320672
0.41067827078142016
0.06924151660000022
0.022437008809931602
0.008465300405339993
0.005024886648704929
0.004185829832911159
0.0040543286446151905
0.004036859872930676
0.004092252104969996
0.004439528496567258
0.006495673809215119
0.01934353459842597
0.11151375059839785
0.9999339413984868
0.9509720238735102
0.06585927105286726
0.05546319822439416
0.010671841187777642
0.2678937707824187
0.9999955048722539
0.7831031903331378
0.4914745409619664
0.9979316467572718
0.007939072151307958
0.000722080703384087
4.631151825706947e-05
0.0003123884523649201
3.517091432292396e-05
0.00043805275104391583
0.00015984810132230187
0.09276567141363457
0.9995802433946371
0.030325264468436863
0.00015469218378638683
0.000281430444035502
0.0011280415183623216
0.9999999999693963
0.0002605834864857215
1.1773395362513206e-05
2.511834341301089e-05
0.0009013133141995144
0.00976921026472699
0.008128892102699958
0.00023667740049082564
0.009686927297974934
0.427126950089179
0.3674274125019864
0.23035536919757382
0.0003902401561665103
0.00045460657388574077
2.054651184135725e-05
2.012500105630366e-05
0.0005087946003734523
7.678319078974205e-05
0.005436857990355315
0.9988221865787639
0.2524091776348486
0.6832237975011524
0.9993474271809529
0.028492707333547584
0.00022157674783207515
0.0004419808137988701
4.703150334672834e-05
0.0005059961319515693
2.010933665430592e-05
2.0375571507580403e-05
0.00031125778923435377
3.508924023265525e-05
0.0004308640004495601
4.690015964425864e-05
0.0005059739137311947
2.0100769783315542e-05
2.3061224694864713e-05
0.0011557455516769677
0.000985010784378404
2.188321206020305e-05
2.4202294621966658e-05
0.0003981829168848705
0.0060310558993759145
0.9974102740861536
0.08174250020643747
0.002566126295629245
4.475401818626601e-05
0.0003217733485590957
0.00016288382309748162
0.02838019785515722
0.9996229693067579
0.9999999999481399
0.001360285387469795
1.3467939599443035e-05
2.2207678097352357e-05
0.001183472512389927
0.0016441809984699685
0.002465452328974327
0.001858536464249827
2.6143162822234167e-05
3.781591680540597e-05
6.389898958703011e-05
0.0005585226746274152
0.001955561886064161
0.0007634052677487624
3.821314342156157e-05
0.0003123613587519003
3.7960778556889174e-05
0.0011604155648815562
0.0011590811714803362
2.303029248662547e-05
8.829070701543706e-06
2.3868555597328367e-05
0.000322077752338501
0.000132350843336293
0.02118583433357446
0.12645536386965717
