0.11235786424096028
0.004963890974427176
0.008354205298985118
0.010493994705238707
0.006383399751712537
0.04928057465950131
0.02413836160757321
0.02177380446553434
0.9378947504744406
0.008629329580443268
0.002193122994302077
0.03053977489345827
0.940805132363303
0.9835854877324772
0.9470093137418881
0.9532398835016325
0.9468744030622281
0.9366985132260852
0.016779879362735506
0.014497932550692205
0.02196779433906393
0.9413519523849482
0.015406622635736444
0.019142617102660298
0.015036859957588411
0.02059877030548163
0.05730726170312461
0.06521345292958747
0.06951451368587414
0.19054263304392582
0.8247225699852578
0.8497898840350033
0.8522260524833103
0.9436631297524627
0.9486252381147114
0.9294823863581567
0.9204687959513254
0.9249105401396954
0.35035152054400887
0.2956861857189339
0.2411196125048144
0.13429593687101915
0.24901640709407513
0.18333255243535973
0.03245339562767813
0.008306921264894074
0.011956411785567167
0.014682135928553497
0.03516307954795117
0.07444665746291612
0.7351968090448175
0.8180786903563885
0.7697775191478289
0.9704999118620691
0.700993093357543
0.6990170394312947
0.26824964442785615
0.26864432327255083
0.26375074704325396
0.26236371482146703
0.04271278786296906
0.07467560539907836
0.30806614981743774
0.3952275465136691
0.32258404394094475
0.6664566186139047
0.21569299125295505
0.016390230753012935
0.012252282129180725
0.5046576349249048
0.36460841826715296
0.09669169608899308
0.1903142108907866
0.5412485417810438
0.8038541011052098
0.5804824406809732
0.060049811581945
0.00755728417819912
0.7640792119749109
0.01768970619765986
0.021726926281013137
0.9235110766147276
0.41366044455679307
0.9302094716881034
0.9672064689189374
0.9696699495355394
0.9655461152441837
0.9827994005743474
0.9230613503578378
0.968834431962676
0.6593890448874254
0.5752358408017795
0.9268784835020222
0.7216043168140303
0.37428050634532506
0.4778019024364001
0.7357161062623159
0.6164364100990773
0.6003927067523462
0.5471309541709615
0.5337059145406848
0.21066802022680864
0.3873659729088602
0.6384378452728559
0.4054823471257135
0.3981339113761221
0.45181438691461173
0.8950814153922273
0.34112885961367523
0.4851920986133553
0.5626034854806575
0.7518920387100869
0.7842725619492111
0.8511029889157983
0.7861123401282688
0.8842375528707764
0.9445441862973094
0.9706859841094361
0.9903944507387734
0.9862525956025454
0.9805861584605011
0.34746788787072624
0.42213035003893795
0.5084944768314084
0.006229333642905566
0.008421349805388445
0.40977114715338503
0.004640544795668333
0.007215608077126512
0.5886058371206855
0.5935798980364303
0.9983396526436855
0.6546914030982465
0.5039038354685451
0.038933740813721585
0.008966395554573015
0.001286828115825811
0.001048205300169025
0.00019270853642183727
0.002435424123276575
0.9994723390295297
0.9994061722007258
0.19028243181814875
0.9993461294361253
0.003673358550343675
0.005631664072408338
0.9991777036429437
0.9995928214414532
0.9998420665956874
0.9981951269778373
0.9609644920112579
0.8928933975455513
0.3122799686213309
0.19053468758264858
0.6775322359171153
0.28039962002799046
0.9199459111371417
0.9613503233851959
0.00552078060462613
0.003380628203475955
0.0016461892477973583
0.0020916974876104
0.05009956644334068
0.1281751600604698
0.15824323275492047
0.2499208605108092
0.15937204781078673
0.06326970227434825
0.5869782164492836
0.3389777102439292
0.44915548339286704
0.13857832710029405
0.2448349545329892
0.22431925679179798
0.3555806026250551
0.44975686395536785
0.877919210403263
0.9571125129423969
0.8597114312181025
0.8242722570707257
0.8366672966445007
0.7546134298391443
0.6930938884648076
0.5747550878686727
0.8230185769884225
0.3163271018526982
0.044059892342983686
0.029977215906298427
0.30974985650527265
0.9053202174811403
0.9293825906191254
0.936984439923837
0.4081656326327342
0.21490027123518707
0.21842134221678478
0.27863307910947765
0.7070550055540563
0.6899234392395387
0.5199576623171084
0.7049915910165894
0.6610703889660716
0.20771450103975186
0.31420515997582077
0.8150710075878602
0.5945153572719878
0.5936491722850175
0.6144144684155537
0.2945113409776451
0.006668091477769256
3.140480691044001e-05
4.677119047646894e-05
0.0005676715810076782
0.008900884616912075
0.041333679643445476
0.04406275924955516
0.6819518850057928
0.44625056293842735
0.5812822119366566
0.9669233889901266
0.9693589088248492
0.9728515337388901
0.5655771483785442
0.19193464458981446
0.8447336049411007
0.37281228947092315
0.23582206750757984
0.10370235768978109
0.1264719808672642
0.21778221148656496
0.19556248998534165
0.1859404439546899
0.23898129616543096
0.923735231146759
0.9145380226024462
0.8964231425929884
0.9272010355032522
0.49772727035406183
0.06574077381502286
0.0912283480945113
0.11945732268862874
0.09551396397601586
0.1109767174526528
0.6924383976177071
0.7393079027753405
0.9520674886614992
0.9644023122526812
0.4899587447696415
0.24415732434252224
0.18886205719860394
0.23868597242308098
0.3106193921934731
0.9082421611664041
0.9600378269383316
0.9412506359105904
0.8943529699614079
0.9229920257308203
0.8766292060088374
0.9652020159640482
0.7231995045272444
0.6605417913787548
0.705229599856662
0.694372805629724
0.6885440401564142
0.6678134440471926
0.2007158357557418
0.17848471985082115
0.21104925458909007
0.24540155375288164
0.616025380860344
0.9806225671534883
0.9378692863353779
0.9597554110386781
0.967915585326784
0.4292412433872568
0.31252209345923154
0.038780999260370486
0.01748120380116669
0.11696410612733499
0.701081922566791
0.9877089233938158
0.6131400214475897
0.579713388230592
0.5663288929212069
0.5608949880183409
0.5797347255939074
0.7062268943589688
0.957953104792081
0.9343106464167285
0.9796696120229407
0.9783360930966224
0.9809538808545287
0.9892410874224736
0.852784718401123
0.7319528957550998
0.7377084260580811
0.755470658817417
0.7724140721721673
0.8306834503882812
0.9046351656909462
0.9380684554069582
0.9932805468799208
0.9955302120891982
