0.9571619756938433
0.9016432828063035
0.576436767714953
0.3713780981045849
0.3377310806715462
0.22261315855098474
0.2921797734139534
0.3230719171996521
0.4148323599059842
0.9179191040651307
0.7306895010786347
0.6837094722521276
0.2805579229755544
0.2439050033501936
0.6578448462916001
0.21613300349162934
0.03312669044815297
0.0001960417379501811
6.341974467005684e-05
6.63279049889498e-05
0.0006237919389507907
0.0021734341458664597
0.00025011983928457937
0.013034393408708489
0.998880968751035
0.9988235593291168
0.9988738064659631
0.9995935298169664
0.013422679657461689
0.0009589716255660186
0.001458631441695668
0.001431079532448809
0.0011737105846891804
0.0007943206487879273
0.0009442618686923421
0.03218395878444136
0.26038593074392313
0.00840236149956608
0.006574331122623844
0.047866207474808076
0.021337930995793064
0.06874897441895189
0.09627546683985111
0.9567400352716383
0.9523158346813368
0.6854664984081945
0.9431315335446206
0.9984807004804502
0.998325074531247
0.9987718216179905
0.7476319882721358
0.9738190418280743
0.9487714208270107
0.0526627104051518
0.021725204208333793
0.4770022587572438
0.5034632532065938
0.046077839696763934
0.05012129647164998
0.028864786182024593
0.9440452834821342
0.9412991387038748
0.2457800542026809
0.2440089421568884
0.2450678594068223
0.24607785448506125
0.9966946144827273
0.9967771549166892
0.002515012331668287
0.0017772589270531602
0.0008482972003190925
0.0001035218270302174
0.007986275729211956
0.00048632257849057225
2.315711985123592e-05
4.144235944603114e-05
0.00763617107514436
0.17234767073697654
0.9983011906273853
0.9999900713205605
0.9999904242974835
0.999997760220274
0.999998240829762
0.9999996128550489
0.17155757757004086
0.006750457176799229
0.00011347697587493766
2.7091851676597223e-05
0.0003887862014770871
0.9999921932192409
0.007970063641961178
9.583878416341562e-05
0.0009070682390158735
0.0020461079384916925
0.0030021417915121473
0.7850169755886368
0.7536053889961766
0.002185710702686583
0.0017045894102672987
0.0028854749469949814
0.005956525953077385
0.9906020313767279
0.8301653798168422
0.7374685367150133
0.652985101178127
0.7761747696965144
0.7376758518944881
0.8466779025755495
0.8596023962973027
0.927282302381175
0.8943545307790942
0.977166237352724
0.9801812191053876
0.9435141699515472
0.34375142870125175
0.1935958629678639
0.1558257127193251
0.41691688143094097
0.1115448120363437
0.2888826839682519
0.513640338950358
0.4317531174979091
0.4108178898497654
0.6478272323473011
0.925816966903265
0.030430785855169673
0.027282581429461827
0.9975495647415407
0.9981082171160189
0.007525300557187475
0.0019441950283121123
0.0011992700706682236
0.0010912349163769708
0.0005333339354951505
6.565635580257911e-05
0.00013054804929779618
0.0016383422888667232
0.999998728561969
0.032272975057958786
0.003095704731717386
0.0018353044815763164
0.0016104573045171433
0.00556218619311144
0.061485496464903644
0.26479259253504417
0.9999911532421016
0.9999873651343824
0.9996087152715578
0.26444873968736793
0.06199152428221677
0.004857359334872413
0.0019497361274741776
0.0009426798681437809
0.00034501705684175654
0.03653816609271476
0.0016706187267053751
7.432789995420741e-05
6.541986350339091e-05
0.0005329385996071245
0.0010911623118031732
0.0011955119719220253
0.0019333581321395732
0.007364303659670224
0.9988216687171189
0.9978504158948074
0.02930202052649955
0.03668258081997511
0.9854594160181368
0.7922363469677054
0.6265348380153268
0.7699899286099271
0.7941190799261144
0.9602182266261504
0.8895879318578381
0.9047523797000161
0.9058911384666699
0.9820835427454423
0.897657944605023
0.9131104167942061
0.9259293971946669
0.9600676290451214
0.9747668512811368
0.9550560429952192
0.9395920691489308
0.9305818829786862
0.9679684371523639
0.9845843160570672
0.9781574681861746
0.9699484376788537
0.9770796727178448
0.9793014452940974
0.9836315393434074
0.9808682484649582
0.9562560800585093
0.9564438809564624
0.9784961425968947
0.9850689931400867
0.9872054978547969
0.9743005605711317
0.957953020213912
0.9331466028902818
0.9471586728643271
0.9651523279590345
0.05574966204723508
0.0304431189401152
0.028268170480815424
0.06155964807437586
0.9847782970960359
0.9863500183968286
0.024430333250484382
0.016397857953349693
0.017918777090767946
0.016419535497051663
0.01951261252999592
0.9715714449508803
0.5174026691496412
0.39188447633602186
0.7112344158305048
0.5449181937195943
0.981486525946884
0.5558030540914316
0.5237839852955071
0.3889166624620033
0.4583866750959258
0.9224701090400611
0.9522348481072528
0.7909544189003077
0.6257040836273693
0.7740563337205524
0.8817113933011939
0.9839222072736757
0.4610699146073257
0.09740238428160408
0.011525935680078314
0.0024769605630210467
0.0007534486067660717
4.230971333130107e-05
0.0012522217026469384
0.003030240469254708
0.0033015511492431315
0.003084530754474901
0.0010668122647182754
0.0028679322383672323
0.9984419609571596
0.9718747487723656
0.9993005857856136
0.999997452099927
0.9999964363254297
0.9993371731957521
0.9718700413520044
0.9999997244941286
0.0012608951827631776
0.001064662756406931
0.0030910860103157134
0.0033057385096344483
0.003032957821318849
0.0012532084325977966
4.974553343572996e-05
0.0007797824094354366
0.002562005719222049
0.012102673133437492
0.09870811852772132
0.15054172343799943
0.47510500297357505
0.38410911925531666
0.9146834760869731
0.35269614334427757
0.35180629151686604
0.42872602830723283
0.9161664544687775
0.9787315750010999
0.9829981833635286
0.9744832614122741
0.4924657207037877
0.4032873235205471
0.3695566593193811
0.8594358489393878
0.03341338124012305
0.06666343474025671
0.2706029704594074
0.6595761960074684
0.6736147422283058
0.9852364278114524
0.9800435718418263
0.9268032114138711
0.8811050428395274
0.9295934488917851
0.9119122737936405
0.8158358750109486
0.8925673761696478
0.3108589684262594
0.24677895083196122
0.24064255327862216
0.21867239294263963
0.33383975228128493
0.6444249802459472
0.6370084169644002
0.9874368893738277
0.01883607909535301
0.01460117013455231
0.022572837744663565
0.029927282613699036
0.018461619795913653
0.9740644786159922
0.972827734864343
0.038494202879567396
0.010396443722930693
0.004147807615026644
0.03804400380355033
0.9677365526651659
0.9636152105592732
0.9734684893634824
0.9847237196456169
0.9978931606264962
