0.9422637758469722
0.908805618582796
0.8507875478459952
0.9070606433912067
0.9048875743057866
0.8613259430070609
0.8035912629330305
0.8131045343653199
0.9461245162573103
0.19284056872233368
0.17841597974835166
0.10908977225569716
0.08874875267517934
0.1009487735582052
0.4964632134190087
0.3217277465923305
0.06718530445539606
0.14917284640993334
0.21984545784751752
0.1487023614464611
0.16251468122607937
0.2318683385459841
0.21862672391548887
0.15367421578700102
0.6520849513391199
0.2021136142854817
0.2641552392253892
0.2808949022267796
0.48315808843700203
0.687623199306955
0.8952429650557094
0.10884828647447375
0.12400464950684764
0.17591976233376294
0.8424998731306474
0.003261358611384102
0.002470142540987652
0.001603456321888297
8.885017083271052e-05
0.00014773921616229035
0.0054678004108561495
0.05916960054435083
0.05593810484040618
0.08373041364223455
0.09251301768585918
0.16456587359301167
0.9689514189732866
0.06506309407102262
0.013754943399316155
0.01610042511865495
0.9958784842251936
0.13525215548280567
0.09717572298147059
0.1138959164537382
0.9940400399996407
0.037512737460051127
0.0018959589382896436
0.0023904926782266633
0.05201387394641188
0.9983214711953328
0.018887264312603902
0.000618929384409661
0.0014705633834871668
0.0021981987525082625
0.9992174824185858
0.9984068173393245
0.9991448329626205
0.9980239812753999
0.0008796133649604521
5.1854135019957504e-05
0.00017037793473284601
0.017839090592637108
0.9977016440384472
0.03150647122995587
0.0002866213423056152
0.01609242861858451
0.03670408694768268
0.1238235858157627
0.08983733921545756
0.13387993748170857
0.04851305755721402
0.047171725729574954
0.07339338606717771
0.14515673091389225
0.0437705963652435
0.052574139189558444
0.2424616359434807
0.835587225313957
0.8136839190962498
0.22341864880194617
0.0064726432021573466
0.0008433348766642146
0.00012688575884756137
0.0013472365484189508
0.0013093737801179728
0.002484446850273936
0.025262675793525924
0.06123993434595976
0.048949067719128436
0.7789479833932093
0.510698175465618
0.061491205772257196
0.040446229846813564
0.069887071260885
0.05152530545763767
0.11436160326010891
0.35947906978670274
0.21823555236482917
0.018550789963984404
0.01434596092001228
0.028588785495668345
0.09071358737628266
0.08926837951209343
0.9500573459597342
0.6041243371407803
0.6730818307270967
0.997310351824375
0.9946006540138409
0.9677692973711209
0.9662531810909968
0.6698490214913806
0.5217097007179791
0.9145034808201872
0.06224442830142063
0.095202050540526
0.01871112288205734
0.007637091906994686
0.01146182047087263
0.13321520864823155
0.6994934309619965
0.6872497385067577
0.9261046366826392
0.50188965039156
0.413066013313646
0.8621391121523057
0.19045861745918402
0.02625422913068609
0.025440282171108164
0.9435523571643459
0.9702807360002338
0.9694575323817044
0.9876079732062361
0.15155099769786695
0.17768362586012132
0.16015475017905823
0.7828218294711617
0.1382890408079862
0.17946342626762357
0.8335797604389987
0.07985300400808104
0.0015656695808453636
0.001504748883479845
0.0011744839256735418
0.0013045805247136055
0.003091277659707403
0.08423743989529853
0.011609204228990477
0.1197206579256117
0.9290797370940729
0.9202542579613638
0.91151483402481
0.9107581554999826
0.909774291260541
0.038133636068878096
0.00045775201017206335
0.08938622345559855
0.08914050234972215
0.08914584789198887
0.08985134378528625
0.0002113979391432652
0.0004162436216913479
0.09821983035959958
0.8593560293045138
0.6745178580751658
0.6348749803945014
0.6015852361031964
0.5922868658379634
0.6989545948843262
0.27206790592968355
0.2652216503003936
0.30781197499575896
0.2955760832772475
0.327210895722712
0.34099414259189476
0.6093239598018851
0.7435480936881469
0.8596473643196867
0.8427452721362363
0.6725536995446948
0.6042358886028395
0.5342526412731311
0.3439857606907396
0.4312408494030947
0.594353414774232
0.9242020186577146
0.9521199455952079
0.8606023760800199
0.8612493651638059
0.9224992257536283
0.899593613895518
0.8500152555202751
0.043033154833561404
0.028181352264564863
0.014151272097272294
0.019070851038070824
0.7665207079638839
0.7607254865454851
0.02457788923020099
0.03482628222467454
0.2309482507670989
0.7810032674748505
0.5178122198697812
0.42587604117386124
0.27289894279784144
0.05901581936438238
0.06361311583835827
0.2443033489625417
0.40784764473551416
0.2302476003291699
0.37987883401378164
0.7215482703448378
0.734963986986743
0.7583222659404469
0.7435100950881763
0.3655985755911264
0.16538527258655566
0.16144830424067946
0.6838675184586739
0.5388096304799364
0.002178784551930546
0.001764406587986822
0.034088972797882144
0.29011819196752375
0.9668498274430747
0.08066360934040517
0.006309915325008908
0.009801135901725044
0.7657163112639195
0.9908066729128364
0.24620550150892928
0.03836056609848437
0.1309315878582369
0.2598237944852275
0.9871028656415143
0.705492991875933
0.3905506051706781
0.12134460026938354
0.1408698792759867
0.1817598455990429
0.6583083639445637
0.7377109105636432
0.5458616242464661
0.12184859437981899
0.13756298796854027
0.9483954984585975
0.969696624068006
0.3309180605441334
0.24387265369034383
0.2439207563660013
0.0009074555495383052
0.0014499341185301162
0.015007787295230224
0.25532317894618806
0.9986536904731093
0.05921266351758958
0.7432548834068738
0.010190327746642192
0.689261113717161
0.08268311418833507
0.2339961151514095
0.235908244037203
0.23773231286369
0.042052828554154265
0.8420938449637894
0.5794213552237016
0.007538527416566798
0.0028188487227476244
0.00036982819256259347
0.033019264628032396
0.998249102170456
0.9980874948540615
0.006757990265177205
0.00023418873915814764
0.0005955870222342785
0.23502890854405434
0.268171065093883
0.7716966824089853
0.005269440021311911
0.020808580536967658
0.7674585338882732
0.7300895085850991
0.7670531196546632
0.7678532339856902
0.7711515767654252
0.7456325590586186
0.9469656657583769
0.006195418640359995
0.03568529147760957
0.22641249694493504
0.08073894682119187
0.01275333822675484
0.002944542209874612
0.10876481527030846
0.8339809987779586
0.9683403491331515
0.09606981235545697
0.040024758102222835
0.09082630334969721
0.07046704494791278
0.4842561348973954
0.8561143670248588
0.9425933241867825
0.971457396301048
0.9651902179738959
0.9839534539685552
