0.8764614596222353
0.05450058793287016
0.15125961850875935
0.13231728841667723
0.9990356736530475
0.991445612348033
0.9888936377622043
0.9930136454145714
0.9641532526122175
0.01816270846970025
0.018452286271771645
0.1688203707815663
0.1159157189104092
0.06492973530586676
0.07450746364515326
0.13780429130682426
0.9869504603339199
0.973252332374584
0.9856140193549889
0.06971332676738518
0.006873699157946556
0.0031221400960650403
0.014163770367615292
0.014829083113933161
0.9681322115106687
0.9346160681551192
0.3434608722220599
0.010403968672652364
0.0013395556091209126
0.00016000692478335132
0.0009267709201860042
0.9984374300583322
0.999823391239335
0.9995548534556905
0.999177515771494
0.0028214866784683768
0.001372810902227295
0.0018860928052154557
0.0026209407171932098
0.34001538428822886
0.5605179775745377
0.4855006414331219
0.9224366590214725
0.9927973420759992
0.029819324179989337
0.010053842733285467
0.09403362206264765
0.9995721527833851
0.9931765974841266
0.9898449242156885
0.053609069807096454
0.012866761844793184
0.0228037627159271
0.9590226485175014
0.9780264268119955
0.553634605948332
0.5718403922345263
0.004215975469944899
0.000280986688802054
0.0013128232135519724
0.0024143048867837358
0.0006152062452481344
4.2852409417815096e-05
0.0007526489298286254
0.0014258431160482088
0.9997634843792998
0.9999266107033535
0.9999882944528625
0.9996988536220289
0.0014877142578354485
0.0008101612558933935
0.00033545384075817086
0.0009197422180288184
0.0029836543481456257
0.0021379764496378684
0.00041175408763538535
0.003949814458346412
0.8810725253387345
0.8923468840923593
0.17666709994590535
0.057972457453212
0.007701619098106516
0.00010473419832868203
0.00032737157117923577
0.0002813983372694784
0.0006507603673420181
0.000858379247349883
0.04810775776230258
0.9802768030499097
0.9576045716834524
0.999999896692651
0.999979640205276
0.9968621647382375
0.9449446525001511
0.9989068770888674
0.04443747230029349
0.001947272578038839
0.0010779763492999583
0.00044639765494258743
0.0003753637762352602
0.00030857308345555445
0.008667121082305829
0.06493831982824139
0.18929369073282032
0.9232435773434333
0.8183251663821614
0.8976709973369766
0.989877000104161
0.08447632732436694
0.005265958296289175
0.0028935630795031697
4.153838061171644e-05
0.004124062160622
0.9838595204635261
0.017601488827649003
0.014362536056928943
0.01057716003747522
0.01764613866282072
0.1017274105969439
0.24468677513662673
0.019563295505313216
0.006796172179843296
0.007810673849093175
0.006799810736618839
0.9878122869350701
0.8926282086104105
0.010077620035079171
0.009068405950446667
0.00929818449432307
0.03812904262919081
0.9687866616942209
0.9520736987677262
0.9830921731114484
0.012528025697123524
0.013322728550301588
0.9879875411357018
0.0021225308574448487
0.00016300165382576726
0.0015430676793850573
5.576646884208891e-05
0.0022305179780293116
0.19279773849076276
0.9999386370366222
0.999997482204613
0.9998177153272515
0.1928494382709739
0.0013410518117928927
0.0002982203854319243
0.002855579891858584
0.0004975769568911215
0.00226871734217704
0.9995127785736225
0.005398238524803034
0.01922453291122972
0.9735070290349273
0.9775519440871007
0.991642809656117
0.9918364114810411
0.9492931261291894
0.018152802412627955
0.0010126974292246071
0.0006177331795210739
0.006538791506926822
0.8931693818271216
0.985904071963658
0.012237449259581479
0.012024739172111554
0.01335172306685195
0.020682510881077976
0.23872256106866296
0.9868359061709029
0.08523789673090654
0.014482036505802043
0.006018892051629088
0.006396483528605779
0.015360735277591853
0.9831173694533979
0.003973912310296757
0.0006870395771203519
0.0003630945843824396
0.016219594147414917
0.08301854329343572
0.9944832268737523
0.9878123580537987
0.9699734488914388
0.9749889634173177
0.9017691255738925
0.844510456205104
0.8810961752015158
0.9546309370134511
0.10141614952461186
0.10530109768379048
0.1484290023183652
0.9639145783023594
0.9843373495011619
0.9605599295375161
0.9618677827766791
0.09194343328316001
0.03936517532941186
0.07483213221253027
0.9117166308499596
0.30719498396501965
0.07961247777113079
0.024885845171736642
0.0185035403641427
0.017552055812862788
0.025058259726027265
0.14738702600682618
0.99889837476818
0.9996004897032498
0.03093743718250397
0.0016034606642646443
1.9618040749458387e-05
2.5634869715518427e-05
0.0015891489582688934
0.0003811125881247879
0.00034173929901171185
0.009913609344557761
0.017067156582289633
0.03610651636967688
0.9977290397583061
0.9954266549571898
0.9988911032671212
0.013962284282414084
0.00031643766139843876
8.943212855216931e-05
0.000867440982585177
0.0010408442814761054
0.0006580296563121202
0.0010078017599485234
0.008140840616419176
0.9999999935640089
0.9999998087690837
0.9999993577566805
0.9999996443312582
0.9999946383723491
0.00815220797961258
0.0009918437241049904
0.000663425000255291
0.0010459402801805684
0.0008674914433675074
8.946331822445863e-05
0.00029736365692667466
0.014598123460068724
0.03549351862018546
0.012164234997632195
0.00743758699134478
8.002727583111824e-05
7.523883952809118e-05
0.0015811436365842368
2.5275963847826155e-05
2.7656711557244584e-05
0.0015965820208060366
0.029745986202390662
0.994845389017133
0.994617709760721
0.9947353820909232
0.141912061459757
0.020220893602771572
0.014193287714317937
0.016372624902741828
0.02625559510980957
0.09628026680048685
0.3470634386210477
0.04149335108955898
0.018260800831430446
0.013274610123398034
0.9644975966713845
0.7312426025489748
0.9917523374425266
0.9984800445161073
0.0012473220069070257
0.00025544940431032614
0.0020525847615997517
6.564475909920375e-05
0.0005855330569295436
0.003398413398689626
0.01049153158151972
0.9818143581673108
0.43895793219331014
0.9925867388975372
0.737173227425449
0.9663966335074796
0.9773227451699634
0.9993055710451144
0.993263745817261
0.7512037627566969
0.986766487025575
0.3976267234196358
0.9710490485767981
0.006435938246028172
0.0013167358640835403
0.00012147162126929789
0.00022070679582353314
0.0019210415181876161
0.0018851657868050875
0.002816988061749792
0.9927025424852871
0.9831170859639451
0.7105721126405572
0.9858823736781306
0.03554698936177858
0.015149894166102684
0.018451976741676313
0.018112039612488084
0.011688592983067347
0.016351526320076193
0.02404002386800963
0.08623396517630688
0.9978372005609892
0.11423443144393752
0.05900018621682124
0.06132138308650681
0.1086039586855978
0.9788620374790447
0.9813919035386809
