0.966153458984189
0.9477026623547036
0.8795429776538156
0.9045020287642557
0.9015917381345564
0.8429847087620692
0.6919199598272235
0.7268110882166796
0.7621483105183897
0.7875649997133249
0.8459824353228513
0.7801811853589617
0.7803620173709105
0.4515315501261392
0.016822171815503384
0.005308203598358041
0.0072395742694688625
0.0989775842479067
0.6967269415370926
0.14427708127768268
0.18681692789733906
0.38557917031318023
0.44940463273824416
0.2657152687209847
0.32619077411428865
0.22030788250319921
0.22781165062604058
0.08177436552496298
0.48354245342785096
0.7933385826310148
0.9500885335644234
0.7448583039869793
0.7290798683401585
0.7666192000024609
0.7930064009374688
0.13926958333953987
0.13575004700018278
0.3973233211063203
0.21542631640558396
0.18375880960606394
0.12136144159165896
0.24239411216281048
0.9458182599255979
0.9498009159096024
0.9464336360528366
0.5600815750552084
0.5152308339738302
0.39640327607894854
0.41096710430046524
0.31505661105090754
0.585882974732714
0.6681661212110768
0.649108928812
0.07592881181970257
0.1256641949661902
0.217030063799447
0.399029214844124
0.863374634549906
0.22711798822116647
0.015827183817762713
0.017604305684778
0.4356145132451694
0.4907301295290134
0.1486632674378655
0.24512401666395123
0.3200753542692295
0.5030089972668479
0.7242958246577429
0.9721889481535638
0.9883877366909212
0.8347900794492861
0.6007948101093593
0.10305284024057704
0.14363037298717463
0.142919771143998
0.11650508077166022
0.3816326413573917
0.0347611101276456
0.13369479172034704
0.15050896012399484
0.8572335296692467
0.2744661114777074
0.10144028981777675
0.2364409161214247
0.21212274465999958
0.928806196367716
0.8940354906791114
0.7609827837388936
0.7496290473359006
0.6303773226270589
0.7076428704469081
0.6933812138497535
0.5105919428662411
0.15720639666973912
0.1450646733684361
0.5159156307568349
0.6149065515800003
0.46916173873006695
0.0021227624944618606
0.04040589751562018
0.04840976662815033
0.1018151771792547
0.016470315798325363
0.22151097385288732
0.9899577060349093
0.9262357819605403
0.03166037065024141
0.07879443043003242
0.008641564417509962
0.06405966512705208
0.22566766816293105
0.10329007482251595
0.011859576725140819
0.023839082987405225
0.03126348343497454
0.057493082146882646
0.09438284857423673
0.949932958245905
0.9545932833955147
0.8993371939689598
0.9901452240352202
0.9953699587836348
0.9915254317046689
0.9916557149874431
0.9417290071693798
0.9907106760912942
0.9718154508421845
0.10171569413566917
0.04896493263539259
0.03970635539537959
0.05120575004201722
0.05549375082260233
0.09973112944742535
0.908557086547736
0.9110631165745317
0.99185473089156
0.08304188386658118
0.007632767177465416
0.0031699798736666285
0.001203082793425403
0.0006280163901815072
0.007241204592628003
0.999597648269143
0.9995896513399642
0.999535623589746
0.9989993914593475
0.007538706095718162
0.0009115434849145121
0.0016435546644052446
0.003409354083771632
0.002783629700646939
0.07274435987794248
0.9894321771878792
0.2167331917667802
0.08218261140143457
0.016828791471097837
0.0007448153173732486
0.0011570938066344238
0.002322390986582934
0.0023893797535681216
0.0013091230739830095
0.07198146306734221
0.9997385882419693
0.9996552960670301
0.9996385562342565
0.9993332579364159
0.9974247477056933
0.07383062598881451
0.0023770447738147293
0.0022207240509097836
0.001778595852796605
3.270963095414192e-05
6.467670849497065e-05
0.015553719254164156
0.06885365212561045
0.2031223205510252
0.894450514379696
0.9482434644649531
0.968058031571066
0.9692141154432803
0.9888638529057239
0.9613633020354148
0.9324402160810059
0.16194408165528595
0.07709270631168041
0.09168851416270096
0.10291329385352965
0.10870495732486962
0.42087122397060117
0.1672049449272005
0.1771910129198192
0.9805677271750473
0.9159023015214507
0.9486567205051796
0.9551245234388644
0.9252035223132573
0.18492773641906712
0.23697526791840906
0.41667642592115217
0.974192615209233
0.9647202659589049
0.9386712801529834
0.9387165359321067
0.9087233800067422
0.9159953911714606
0.031376271275146195
0.032495015985565034
0.09546413885195315
0.014784108326137746
0.3332851417343743
0.8148896963307907
0.7340494799386637
0.8788615450225659
0.017857985540820853
0.005119832258775325
0.0020320836947080867
0.0015490657667455165
0.02928616536687001
0.9996598583992984
0.003251730790246543
0.0008637336591735822
0.9994331126569568
0.9994769725536997
0.07891560775996997
0.021801775801019496
0.002875919773923652
0.0007430066642022393
4.271108013265135e-05
0.0011806042553390572
0.0015038116855755623
0.00270142800929718
0.9999290075217442
0.999982117267576
0.03839175094172864
0.00014824540097102545
5.2419695671268585e-05
0.006202440023424627
0.9997211222427315
0.9974680020789588
0.0868794677822392
0.019923531281326512
0.010214196872812997
0.012677845404369892
0.9985811941898055
0.9929705015589504
0.7421212572932316
0.9239874440337597
0.9780683905633133
0.9929874847601879
0.011154509311797067
0.002135113743569339
0.07188031330281908
0.9679322632683591
0.1406740921449784
0.006095434352471951
0.004427620031794199
0.06173408711333095
0.996566238131605
0.9968983037412353
0.9998862249921677
0.004251616836138172
0.006701135180802842
0.008230321862055967
0.0004222048565872827
0.0017179364070958325
0.9998059874329751
0.9999471708500548
0.9999088355543844
0.9992013144074605
0.001800847687870033
0.000709066628583499
0.008229302565850305
0.9999931675064988
0.006064108358346032
0.005741382670972128
0.999223484161375
0.9998724132638354
0.9998749582036219
0.0617653187137861
0.001314069752353042
0.0031363903603164323
0.1424836479360091
0.9979823247259656
0.10477227909301612
0.00639144169742345
0.011276811531488629
0.9636976837786582
0.9674438332591492
0.9968630451603057
0.7292028628985059
0.9266087063631346
0.9820597911929195
0.006863965951235285
0.009310478998376337
0.01918442026184064
0.08585008821453533
0.999913292986966
0.9994264244864598
0.006807533123032727
6.231283238500307e-05
0.0001562145758914335
0.038291852980816166
0.9998608829670595
0.9998648806854324
0.0028299455661214834
0.0015983666417331843
0.0012792017418544743
0.0001618531022208325
0.0008527956972577133
0.0030359783133302454
0.014339790583558831
0.0865424644032241
0.9990294089345446
0.0008808204535908359
0.0023083503792327154
0.9981552430406335
0.029776779824055355
0.0002573058487684854
0.00017860279251236122
0.00665148209343791
0.020658405501184363
0.9541456990187303
0.9451193055103193
0.7237154368843897
0.8699526520975118
0.7320594729629258
0.8568923869891873
0.9528404616003413
0.8583509230799302
0.816468662914335
0.8227418403238201
0.9205600134578934
