0.960983168847719
0.9317843847976225
0.9436895859463303
0.48869520117915743
0.1862644231930013
0.1709345903112902
0.12271831424176516
0.21273296742569747
0.236828811970758
0.21316791946570657
0.26362986838025604
0.2567939278836987
0.38981750056739806
0.11059204869982142
0.09050029697290207
0.577443017703297
0.4964838857902122
0.5460052336501324
0.5504007860646206
0.9735752940981287
0.09834911240940403
0.040748522733311754
0.9379654656164677
0.009654185120132053
0.00831020069413535
0.013654129997517028
0.22690140440829676
0.9015183449068718
0.3502978621892241
0.8390490089305865
0.06350881525892627
0.09130329097523093
0.38202264311558676
0.9577063490669051
0.9650671452662785
0.9861541205906775
0.4031766739197242
0.08712255964935756
0.1609490261777189
0.9019180543733445
0.2572694625412245
0.964887992153385
0.28555161197443946
0.03507977166023302
0.012049435133321018
0.012958333022610624
0.9101350644147277
0.04314090352798439
0.042757098576704844
0.9227947736412069
0.8580896113043059
0.8238204087988851
0.8125417967997366
0.3437666185599403
0.4058212702468701
0.3892283277940033
0.3546973619400946
0.3551139702009184
0.4205443500056909
0.4248966749879308
0.5153734246497843
0.6194006025765724
0.6705601071712715
0.5337638234855263
0.4577623060117665
0.7533348463663903
0.2992869159268463
0.1945857661810667
0.18929034205332973
0.21919664220797652
0.8667817268617742
0.15102223072406806
0.05775564695905744
0.05325966256239445
0.1892159362029251
0.8238168224516531
0.8108203250511637
0.9442883279013329
0.28062881982918797
0.013396902558536983
0.022851703815983893
0.05115417338286865
0.021844513824713863
0.014214601620824885
0.03977730914452238
0.15771549539610275
0.6297989217182105
0.1687682133860503
0.1256218692086779
0.10161048733818634
0.013240189791115409
0.04982341003600943
0.1607680427936421
0.7600622530065871
0.7418798186649802
0.7345600434008337
0.8625919989117962
0.8750575726100555
0.8977054062471287
0.8111390927691707
0.7714155714867819
0.13835052945973103
0.13522913048369767
0.316777263995197
0.26069537541769416
0.43517823134024936
0.23735813926863092
0.5130539673997301
0.20558926945957456
0.12909025972092536
0.6303552429846677
0.6691961118008356
0.12375258796378108
0.12014778535129123
0.2527579472932816
0.9101323659241336
0.8908876089493514
0.5293448243694024
0.5018819914430954
0.511428263180414
0.6900653906663186
0.9196124411918135
0.955442235778721
0.587039124034876
0.5688598864519308
0.34893590188029844
0.516682099435047
0.41482648943218714
0.16096055380521612
0.5720034426947046
0.5389242832918211
0.45898321267695574
0.2437363686174575
0.5500036740679232
0.5784578938285609
0.8374581882192893
0.7342287699025947
0.8792097721958364
0.6938730457533014
0.5782086707704538
0.7908210311444192
0.8852704853324147
0.7096796531942676
0.8265235299008089
0.1314916090122661
0.02979973599031238
0.06815465061050396
0.07266047559507893
0.6074075384373385
0.6655480738860544
0.20183410570214577
0.028366323056418175
0.035300228790925536
0.02091973657814372
0.00897195895399383
0.8658138018834198
0.16285843455008508
0.18380485167453653
0.3432787839228191
0.28002702297137705
0.035098872674924175
0.0225029141619848
0.020856831425568934
0.24015713558176355
0.7618373778730543
0.6644897751340233
0.4365219800388185
0.3433618903252441
0.4967645530633247
0.8585622787973951
0.12252385510682928
0.1561607150762353
0.1152221890948153
0.29100059575363846
0.7991891303996836
0.851653638288448
0.8641039950084737
0.8246369127240463
0.7996386989821092
0.7243946334014983
0.7459007827305573
0.1621477411083302
0.23541379097425064
0.2142524839065746
0.13345579135822072
0.8316881630391204
0.6862723098865141
0.40852543659276175
0.3855020321358025
0.45548468437237444
0.05738494770471825
0.19484812202426494
0.2588024356217131
0.23336957050545715
0.39961452878615267
0.8298127917251462
0.836687143321117
0.21136628687854697
0.21448556939460917
0.19766599042503408
0.2156161107539949
0.1896166562356063
0.2310041558251149
0.5392453392410758
0.9295015984775343
0.961143079292903
0.8366678875104167
0.4266724548176237
0.12148517026275785
0.15796721103339695
0.1531965558153422
0.12827220171721698
0.1315669635049963
0.03443153599527782
0.25727032462573685
0.04214581645514015
0.14012696779179423
0.8090986096638888
0.2667476367910515
0.27630352405696124
0.21261166686843447
0.1710699090543848
0.3864744053391287
0.8159165815737282
0.7616746120408374
0.6191434864935059
0.6357145525666204
0.7407464698143784
0.5740682005685673
0.4761391521340058
0.5916886310866146
0.5332957280893962
0.6986200973814249
0.8162990180761576
0.8739175155051866
0.4096932661783709
0.25545491210238047
0.21499332800532545
0.17108584815304395
0.3828607612016345
0.390563082007403
0.39964112387711304
0.7647670844747083
0.49749402325144143
0.4976604840833758
0.5844845534945511
0.7050007784246658
0.9704847112936944
0.14526236870048037
0.04197315727723505
0.021239505176369078
0.028841796096208405
0.028388168180614848
0.04259400504177224
0.04251246072788584
0.06122540614743699
0.9645000110096783
0.9313486755282235
0.012515037095592096
0.020102206851768334
0.0377052440912522
0.025661510010102306
0.022896736864929212
0.1075197004942543
0.2579071454575924
0.6791478932694244
0.6822091264066279
0.7846082684286847
0.8027771399902794
0.9162101156421101
0.6583877025401769
0.6649027059219732
0.6676928559060271
0.5616770017751307
0.5316359482789247
0.22626350249386185
0.6468974947846985
0.7691795803222312
0.5337805112879486
0.4925289868933449
0.4891565652841642
0.4648938851086034
0.4781678762004532
0.8614779879471866
0.8949867604661293
0.7350233248115081
0.6714105920474995
0.8620456426285207
0.495575786171911
0.4863151732321529
0.4307057468210568
0.4205827987950299
0.32102141378914284
0.73954138111557
0.8197283669765156
0.38112257733667276
0.47784532111639977
0.4834802281928837
0.8926147630745622
0.5975619119633132
0.5363748651470778
0.34406470813741186
0.34726626913536407
0.1326168042249446
0.09399967140377108
0.09127897565173215
0.07863134906882108
0.07276088095680766
0.0670083963467214
0.9729183619501997
0.9477350941386882
0.051035316253318364
0.04701455000874466
0.05602674979518785
0.05027051672232119
0.024909981908514456
0.02419040814837614
0.025828582721709403
0.09248286233069125
0.4096022722993039
0.3212499103643722
0.29373874095675223
0.17850921402477216
0.22250743818328944
0.2775466327285987
0.2801001990733236
0.52540498324206
0.5324595275899078
0.6119427449720203
0.7633588437084218
0.45426907061356636
0.43713231440065103
0.06826120089713905
0.06484025078097133
0.11607093503424126
0.587018307268516
0.8401717335873224
