0.9225795359337412
0.9149072003404933
0.9098389677558768
0.9194380160979059
0.9983745660316797
0.9300620079831448
0.05346216006344717
0.018274354371517143
0.015844626766825964
0.07973141902662129
0.4595432136832539
0.18501518980110698
0.08449791036485454
0.8099430096508404
0.7988458000519858
0.9171142788718218
0.9536245289481454
0.8504796210514498
0.07382598608876512
0.01924979914289371
0.1447484723286221
0.7001897116505968
0.8637451266340931
0.9266261376113538
0.5912187542441988
0.6172026507496711
0.34762742109637923
0.8105959548816853
0.25345348510400334
0.165304959682138
0.15290322756521113
0.9032676303520736
0.8737247575873802
0.11810025709397476
0.07895663739339998
0.40227307566351655
0.4537980880038358
0.9761719612098452
0.4832429309533517
0.05350041709795361
0.7221504047935731
0.26530011838087053
0.28691235838130735
0.9101779695986169
0.8076800585088385
0.016688936247263086
0.011899760368995982
0.004667938635869784
0.0038883042910855536
0.9580552227383291
0.9633795185506708
0.9634262491729585
0.982583864120485
0.015478942884698976
0.03730662416654118
0.07665678423494382
0.08195739157364712
0.6624349398750659
0.48853736473010934
0.7236054564872657
0.5136247307961663
0.7046010463754054
0.3532621405699412
0.1437170699547985
0.7221600455576398
0.0909830289833834
0.032227626584777624
0.4289117515395575
0.5125635149774659
0.19916326956331942
0.17568168660149452
0.43254305831598794
0.8227689327057569
0.1444116443051311
0.05023142506918188
0.5607605836502337
0.8811836242093531
0.4627414696113029
0.4750778254940784
0.6813337935768772
0.6726035444910253
0.57474671879322
0.36594284027676505
0.006687983283515164
0.01885718135045167
0.023595641121918254
0.3037888699291643
0.013826181753450295
0.008253506790324994
0.009138166658029134
0.9787181543404457
0.9500632357392985
0.33792265938781396
0.28119276885583977
0.7977694238347173
0.7590743649461688
0.9193863341438954
0.18795632914906912
0.1858114805714346
0.1918247306235028
0.19200292439605382
0.1664231843544861
0.17868545476411235
0.014746866923637691
0.022990273972654185
0.01159004280671283
0.504809008274344
0.009575076892593959
0.006052598661595798
0.3584477051983028
0.375213856302693
0.12459441210461852
0.5677743114644931
0.6053041093019571
0.7246258768144025
0.006956308721802862
0.006507902900010243
0.2801052541937282
0.06024682482774413
0.12887048268717782
0.9967227245632911
0.9997059889914668
0.9996775718991666
0.9996020317929635
0.03626843189992657
0.15079638016939823
0.00716920007534827
0.0003246023218247407
0.005126786501216007
0.8676363592696673
0.46212212943073194
0.4241811501219592
0.5222855995443841
0.8892980423605786
0.6895441896228969
0.9913480008937067
0.5019037602877908
0.4957894630826324
0.49923934770491674
0.5204505843936738
0.7291980862329455
0.6158208370676284
0.7979131521296186
0.7995235740327156
0.7946841871354334
0.23918767631769255
0.09393145063474229
0.013556467605759348
0.006673784349320533
0.004389242681896444
0.0023058940485414237
0.0011310062929833498
0.0015458817634883548
0.001883281053371877
0.0060956117612984695
0.016081979831108817
0.9984267936664266
0.998411618750031
0.9999757695253644
0.999674798986505
0.018144853493842428
0.002643372126580723
0.0023916458862462964
0.0006628385285405436
8.809202280302131e-05
0.0008203814973708479
0.003145243767749495
0.007232796639729533
0.015879850593518374
0.08076663503610859
0.23329751434672164
0.911609580151381
0.914788214685629
0.9880400099022839
0.9792657687518667
0.28195236510734867
0.2543722792340879
0.316535520342037
0.32090112530566206
0.3125785506731087
0.8081469098704946
0.7418549556111027
0.3626833225481516
0.06484038747159082
0.011694128867751896
0.006841994268681817
0.030020477349936847
0.1862366697827068
0.19276472267910938
0.18597110435386566
0.030546280136775295
0.772611749268875
0.6945333502079883
0.42535907823234576
0.39156849464559207
0.029072813091030936
0.025406756602098235
0.0427773761787511
0.03593823930256024
0.1192873034684877
0.18755843655545612
0.20823294893409616
0.2783820354590514
0.11073073652724341
0.041595581066485976
0.014767955185655213
0.01888445350382928
0.09887706755582437
0.06514736926134312
0.066532750186033
0.010330608380340278
0.016768082846291277
0.09260877990795158
0.9858497232411293
0.9858243465892861
0.20365560637482683
0.007508694706793939
5.778525840749449e-05
2.3108803379745524e-05
0.0007083435314155784
0.009196370665732756
0.013388912302938594
0.01379720427390585
0.9645454817772113
0.7231281846023849
0.9999995232361849
0.999999752908682
0.9993592005895989
0.7686751014250544
0.9544498984212039
0.0006952012429308763
5.290339206043271e-05
0.0008167748579441803
0.0007093118554524214
2.3728071730233502e-05
5.9232696131950036e-05
0.008956397857647014
0.21546130884464276
0.1048986600413121
0.005316584118746248
0.0024712316214992036
0.05226348169573758
0.5010905570839239
0.9904855355491632
0.5419904978588692
0.10353146848614381
0.008737213280984313
0.0055799230438456915
0.04007362247777746
0.044353189556141204
0.8153897962303535
0.9756143608155187
0.00678454846597254
0.00022006947640085261
0.00039036953533744256
0.016973188365214997
0.01798945991168488
0.647863863970822
0.017079767662472434
0.037592914290023316
0.8897652692913456
0.45433886308931515
0.9870442595716922
0.9876341066723184
0.7749245125517078
0.660992688238988
0.6715237045160557
0.3097013063215577
0.876733388457755
0.36125008955560967
0.12171272149628642
0.02884129334892449
0.016316117057538992
0.017074846066062355
0.034831347226059406
0.24999806587454598
0.8398163100930092
0.8056396075044072
0.9749927218056267
0.41796588479886543
0.0810026356716731
0.09289287921442291
0.504186478310041
0.9740913088852529
0.13697207135261025
0.13982044010171701
0.1683732179903541
0.9772802157832492
0.9810601061787209
0.9278994021101777
0.8953623443297626
0.9399901198232516
0.05285900829310375
0.0778545731672654
0.1664986914470601
0.5017175445279494
0.4545624951892524
0.030897471858272296
0.3182703105167677
0.28648937773363925
0.9960251995861009
0.013109152241482236
0.0019921490235095263
0.0011015813914259098
0.0016004085488700026
0.9942474176777556
0.9960550986028179
0.9951492504971132
0.9975645707538742
0.0038377655458684545
0.0045872358493496135
0.007758272117256326
0.014829341863265788
0.8202568235090483
0.7246011391684766
0.9395691377918949
0.9120858993959221
0.09931408603449987
0.1223434472372752
0.08432857897324553
0.05572939219789219
0.16203687500732444
0.9386385539362256
0.9313256034377966
0.9578893126272703
0.9842131511579878
0.9886882390239162
0.17246727972048004
0.13912238468326
0.10146329636065132
0.09677659765107827
0.09111003491905312
0.15802688665968656
0.011527869886152176
0.010364614631884983
0.14858897354308864
0.9959398066397668
0.991503557917063
0.9903442245344568
