0.9988376416128762
0.18839461603269858
0.00486429810855471
0.004259575813642114
0.006249376522026839
0.021538696564912585
0.9641814629324924
0.9543140722330955
0.9206727390974658
0.8669302196218834
0.5791198321539163
0.5171483658108452
0.05006850507103433
0.006008520974828957
0.006974610160170092
0.008746467398819346
0.011962741798775767
0.03309581333973777
0.446398500326737
0.27629639580112997
0.8939689542328447
0.5954804796927429
0.12837509256190227
0.1332632955896622
0.5660574739124591
0.629719554342071
0.7603886876959027
0.23822763789967139
0.32784324055020375
0.1238631024399991
0.14444063135520668
0.17507279158781686
0.12968962162960285
0.11512208556959203
0.10104787710742524
0.008751340784485251
0.044156210281050656
0.041312866795876424
0.042786748021751086
0.895158696876738
0.8871578492189445
0.16993115986037954
0.14920865572547515
0.25450048622381727
0.956130534571181
0.005587843172917495
0.0020141081219028356
0.002569593771601042
0.00828016032040102
0.06863908194402546
0.9987095250851988
0.999082345690551
0.9982958619386731
0.9952209466572424
0.09964842831722043
0.03248712777976781
0.03464561824369328
0.022530965787568635
0.012324571079687985
0.9703000870838278
0.2630951142554334
0.1631234909715501
0.2531137021428733
0.8247326764109136
0.7867663391680373
0.24382795926061895
0.046592070533283736
0.0702787164282489
0.12183360951947275
0.36415274194497227
0.8813277311600775
0.8505047894333233
0.9105017397509602
0.8693477199731534
0.8992717579247406
0.06326126349067607
0.03216912986264053
0.04237926591748753
0.20195918382305733
0.7897740378666107
0.6127463367036023
0.024696319386629306
0.00890326335312197
0.014221323713406342
0.02509636160945461
0.025403391444259404
0.976218895209732
0.9816758198299893
0.998564569208163
0.9979790819965331
0.04855095246633001
0.012562236522996817
0.001964207009062413
0.18919570709271627
0.20664431671198003
0.6050411980303134
0.6167691572965786
0.02125743929288093
0.017827930379624934
0.03819764088102995
0.052237654174943526
0.8185878767687238
0.854693302405827
0.8445468946631163
0.8173958101437163
0.3583969161567023
0.3959054298230128
0.8104817276030867
0.835529127995725
0.8176673737351158
0.41880511532534104
0.12437142938442025
0.07477039070479141
0.08571355073777476
0.18517607058859076
0.24471220983844588
0.25049144780863164
0.07726222683576833
0.014180537075674904
0.5101717364189892
0.3614529468672799
0.38367568854673584
0.6029225086789232
0.03498405335541732
0.004642591667599727
0.006111998179228362
0.003076619232023736
0.0010333404727207451
0.002335709013609688
0.011979322450160867
0.1016392536232188
0.11627024838318234
0.008411167106007644
0.008763051011920764
0.01165150378901958
0.07953691057009038
0.09257368441174207
0.2588928392740093
0.06280704184692154
0.08431702027354848
0.28999108776042115
0.6126122833976415
0.9954679674775624
0.3602728815538363
0.03384280079356028
0.00034297671988114953
3.165324840526118e-05
0.00043423963381872266
5.2545993908248434e-05
0.001513196321180521
0.015293302100770068
0.9848451574162745
0.7374290733465247
0.9999999800730807
0.9999938374514409
0.9990225328058049
0.7638005808612462
0.9734219510290327
0.000962707053717371
0.0015799320312167575
6.9404103836046e-05
0.0005679284140439611
0.00014598678184107872
0.00032807268731682715
0.03319365176608169
0.1156362867100823
0.2862933743826468
0.10046384310208922
0.21498877894835522
0.25854645453186353
0.4618767926088543
0.8426183084086939
0.47276250724551905
0.08326631214116786
0.013590935088807266
0.011433045564202993
0.011101585334320818
0.23606869291873245
0.9784235435735961
0.9932425660958523
0.011283695320602694
0.007828323787234748
0.01005535429457416
0.01791334281596757
0.026098946839727577
0.0007440987905689145
0.000606267125119464
0.034797037849689794
0.9931068829298034
0.9950127288186352
0.9933808893190355
0.9812420266051709
0.7246576701194001
0.0289436004599275
0.0021387309789442366
0.023349969224372713
0.28686363463882025
0.9999939287521233
0.8318959099537403
0.4447117140911233
0.0049206512931004864
0.004868192169665164
0.16617723586247113
0.5392720801581828
0.9764903244353683
0.9866821757648979
0.9979822432393128
0.016885716999192613
0.0030080431765036053
4.905284223966078e-05
0.0001902458288935982
0.01644039209061332
0.99999647980977
0.008847001655699072
0.02406516733781716
0.03819343719772805
0.9999970392738722
0.9997038729503651
0.9999717550427238
0.9946212321365483
0.9948044226638328
0.04334328603048487
0.006757310472532363
0.031453682809137073
0.01657173131211631
0.0002090838326067601
0.0001783573369977809
0.003301555939862033
0.015071540281486384
0.9998246679544405
0.01132849853393314
0.0018974291791169495
0.00012699339249011565
0.0005180878046419091
0.996058745290576
0.9997818827838378
0.9988234957286602
0.9985169805197001
0.002165943694673267
0.0007278145436087069
0.0025461926741748853
0.007494261709510397
0.37610575741709995
0.355469877059318
0.7732513844785905
0.03993404686017643
0.038525112630562686
0.6537918155746576
0.2602495342755706
0.188753325997692
0.35928616730717333
0.9878881878949902
0.12874517142894892
0.29523637174942485
0.9044008407503494
0.9200865786448071
0.916210126827448
0.9974736762844086
0.1590080401150834
0.031174722278540234
0.004965056743800655
0.005170865784846268
0.029167085353745237
0.8567772012398014
0.927398500680153
0.9903278592887667
0.39154078537911663
0.09663952726486602
0.005610712827772479
0.0071681025259111575
0.006911322043982815
0.9978024281954176
0.9962609438578531
0.9966276448616532
0.9999038149126348
0.006328028394874119
0.004566164361703318
0.003930860223334887
0.023178543970185594
0.25651052647129857
0.9914352462151813
0.02155657418805268
0.0028591394883649146
0.0018216128673336218
0.031991544303737296
0.14019563263877943
0.12292872363016794
0.12870408620229945
0.7934064282977641
0.15318377398257466
0.09417143026301666
0.09973823842957308
0.9239008787789998
0.09032115419317222
0.11624198396939944
0.6707200774773496
0.6386153056421977
0.025072353635843703
0.004776589706458556
0.10588197708699454
0.08463091082812413
0.9662905996743243
0.9962382221075126
0.9940714788019158
0.9902405113598556
0.19183417851088524
0.04457988479303299
0.8636031902909499
0.054680357383680156
0.003408242935292516
0.05203615524423966
0.05378852601715389
0.9177472976177914
0.9093450465225033
0.9013437393768706
0.03371067830247587
0.01575394025637389
0.022139011427843913
0.07346729180678735
0.8905385413980589
0.15339241841660312
0.10183843227845824
0.989870418588579
0.9957113879175722
0.887428663780142
0.04825190063452911
0.049328210710801956
0.1001446271503953
0.0848635566000353
0.4815562644451403
0.4650352678056524
0.4613958637181328
0.5129230790919632
0.9879275751329448
0.9635453828683866
0.9754238053907953
0.9055125719794033
0.8816285090635497
0.7129482891859618
0.6072128752802765
0.6062275006521541
0.5698889692899722
0.6194631798983627
0.7989255725537152
0.8891216091439599
0.9650041213488607
0.020863167603075716
0.017987665968945188
0.002483513069273524
0.0033185903871320033
0.20040315052905677
