0.8801652851011328
0.8165862431255202
0.6695890294224021
0.7713665360450274
0.7644080621726663
0.6601559680664767
0.49464288974474524
0.6240691526032538
0.6898401853534919
0.7275376431345711
0.7180191303624508
0.6152541072619641
0.5661006357882745
0.47262046543002123
0.09018434137516151
0.06073924549069132
0.026404049878708813
0.3739198480169661
0.3490700953271606
0.12720257889427056
0.2633529867066472
0.8416068861085964
0.8702264149330503
0.7748577212768046
0.8757498596670567
0.08126281819051007
0.10458345608420083
0.1863798019842262
0.46918490756158693
0.37618285402202023
0.48631123884650684
0.2313760852464084
0.2531874372701449
0.30815751991760354
0.7373685766620142
0.005319649893537393
0.004588751477419439
0.014323253704696781
0.012088670700932003
0.011950844190932286
0.03078326493004324
0.12243135360298951
0.9661564820059348
0.9733511131963705
0.8833770925382309
0.8226519222592616
0.8827333274024567
0.3069729107661605
0.2585294314806257
0.2935909613454748
0.6264067596594949
0.6129296783103997
0.6705733799696771
0.2996674139781864
0.47381937824436093
0.23319696279605495
0.1997341307837739
0.2537749490080612
0.9506464633227998
0.552952898016863
0.4659762010458497
0.3843592299966013
0.33953826192130365
0.3369578049313462
0.7881865986042693
0.7940231889718224
0.6029979466532522
0.6647133596119394
0.6484714696785161
0.7947842495724569
0.15365186377402607
0.1309495621281095
0.20496024785198586
0.22458070342359837
0.27568971954642985
0.25453896624504313
0.22674852410800284
0.4583812348281958
0.4723705649646083
0.5498635415901493
0.15327698899214448
0.021206991494983396
0.008278047989356607
0.0031423626490534318
0.004034134870248285
0.9912544819044724
0.9801333975716551
0.04770167534828518
0.0007429592967204135
0.002246518589581248
0.005240778286148884
0.9982359091651684
0.9975577315613168
0.9976307170660413
0.9991860491086066
0.0052192781855789905
0.0011545127322007964
0.0006736483983069697
0.027765769657113526
0.9999511052291465
0.0023758148267190027
0.00016918852158320785
0.0003997568848798094
0.02083234974163517
0.1196234853746766
0.8508215675038122
0.9019489431420914
0.717539098617551
0.6402105900004357
0.6171491807043245
0.8384483842078376
0.8426187800212277
0.9034587640265288
0.9062259480324081
0.9054451330737813
0.9088490641319735
0.10245960977707858
0.03014983571429619
0.01574854344155263
0.00947716311446034
0.009951096227842737
0.010853839651161268
0.014147068320231493
0.0982229949908372
0.09363593247616875
0.017743851410445766
0.5126444330419051
0.22060650983523256
0.06212884392864104
0.03859962048426813
0.14420164237851807
0.01230101299312425
0.01228145095705735
0.31382621072497185
0.8480242044105164
0.0604760034545353
0.10689547119289056
0.13911717706901783
0.8199310736329264
0.21081479121632252
0.20402521663574436
0.10474689842016038
0.15609181442179132
0.21133974919531584
0.9518219446046113
0.9457060190579215
0.3205217533632255
0.18299266287796456
0.1542628418365315
0.25252964555213164
0.26367527097970855
0.22358235428995976
0.5731691554109954
0.7349987844981363
0.8202468774620325
0.15375630508619675
0.2086466487278461
0.27587167239226995
0.9954590269939906
0.9119448601155103
0.8911267688524726
0.8993690616039334
0.7517961654532176
0.0096928561596068
0.026524827979117593
0.24038967473200656
0.8370316395493127
0.8391214091559512
0.7266681917874352
0.8555975269349309
0.8284989835077148
0.17977243561154777
0.18917456981463654
0.053815627588083115
0.062246759314420363
0.23245402139906246
0.3008469659867161
0.9523981857105627
0.9838092025015217
0.007545753573843683
0.005317978641148913
0.012520958404935834
0.01237286661300585
0.009065068853062686
0.7527509383157944
0.9658337394734696
0.33485439158116526
0.29958844885565017
0.29874387989496765
0.33123100434583075
0.04397461519691148
0.055610858418278286
0.46327776785621055
0.6146871716104981
0.1012783656221542
0.06841073252081487
0.35515065090581266
0.882116202333671
0.8568336625251459
0.2341298693635525
0.3317271202095997
0.3953419989816259
0.8419008815615489
0.8604422075772902
0.8284693117868984
0.25018531662993826
0.23824548107932353
0.2938156940504205
0.8882729808618166
0.8762844933840326
0.3827746840111238
0.137236033491553
0.1532003217150668
0.7378708236588024
0.7123748816737013
0.8937997543071634
0.986797607367216
0.8157728836567334
0.6341429896867298
0.7734442149987129
0.7876019345761536
0.8489447982658384
0.8720340792265507
0.805110600274462
0.8361507718180898
0.9161583830182689
0.9052066380026079
0.5124526251894781
0.16417451165995156
0.22070277652215242
0.040747995314627916
0.1600208247443825
0.44795759657193523
0.3814584641742995
0.5724283735784019
0.010051231125897342
0.03816696203089731
0.009056979837278933
0.005486715234213402
0.033062458083367385
0.9996330563471646
0.005093705371258195
0.002566947946966769
0.9989237364947666
0.9996977557555405
0.08101339413091391
0.023822898166183437
0.004652835970132108
0.004293482636121948
0.0046629030729826715
0.0029024381224315166
6.323183804868293e-05
8.497901070825264e-05
0.020358107521631585
0.997358999380825
0.9973426625865549
0.0013429151005893702
0.00026644839440903567
0.015403366531475005
0.9990090055976912
0.9965281284011365
0.9633867507669784
0.9792892529537282
0.3641725755501969
0.017089273310180064
0.6523234045854522
0.6641264156330071
0.06271658900161681
0.5133869910478686
0.6767077542247423
0.9999541303230202
0.02463880233049387
0.008478906166115463
0.0036737365132634148
0.0028583847342565916
0.0006444196239112632
0.000715536444044873
0.0024226334691906937
0.002776305726571726
0.003801878059245478
0.011680956962423217
0.9984654353186534
0.9795867795850353
0.0764133620151044
0.005901392086704593
0.000805912207749282
0.045015913064546664
0.9998871775949544
0.9999960648379994
0.9999954475107071
0.9999946133185682
0.9999737717652246
0.9987238325318277
0.046400861907584856
0.0007382662870181189
0.005893803816967469
0.05541962263958733
0.9998903653941499
0.012102331766911001
0.0043184859176371715
0.002915882165334338
0.0023745395259736624
0.0006297979610569993
0.0002529229281278411
0.007601278277770684
0.009962096022325562
0.01789926009127718
0.033188243460463784
0.985848329990509
0.9858905674495111
0.9972988960376784
0.052056092429603074
0.5281146204858667
0.6789565252497808
0.024243409096658786
0.02313249942728557
0.6537526063884977
0.9401827394865528
0.9994392866329534
0.9988658491639674
0.013936912121047196
0.00033974565701699877
0.001347569373139068
0.9970546400014829
0.9974093637699203
0.023028361937605824
0.00011251612894180862
0.0001125611833721063
0.003559929915538995
0.0045313913567988084
0.004440646599973008
0.005868068731469056
0.016917940436718792
0.0889039768947052
0.999544453354565
0.0009131565109340434
0.002361105801361507
0.9955949323022708
0.03206902905039455
0.0006233429846286276
0.000412356102922673
0.027889880507363074
0.19447251374885155
0.8980238070125931
0.7275340566719537
0.513363283721945
0.6505372695869865
0.6133820147500478
0.569466923824073
0.7287354037432425
0.7151323183128935
0.8501159898045927
0.8546627879172569
0.9327565590564945
