0.9861774553121921
0.9721830828141595
0.9907556428230877
0.9982374767516237
0.996514707820914
0.9957914280346969
0.9936660270652214
0.9781262860231302
0.1804842360170097
0.10121193604109902
0.053566177300397366
0.024662893607393377
0.06940979304431427
0.7311370269322286
0.14752260095701475
0.005275405449978177
0.0050255226722404345
0.006294578528521777
0.009450398642116387
0.013749891221624067
0.9860396297761818
0.9974908447989034
0.028557286405178073
0.004899784495832171
0.0016975586156765532
0.006559873748508527
0.019351135765828698
0.03884889134187619
0.21301701630012038
0.9972937849167602
0.9217375201055793
0.9875614243646548
0.06068973177325976
0.0018633706128926564
0.0008099851996001828
0.000979497534183027
0.0017650168182395953
0.002649184329372112
0.07140538132154228
0.9979068051410338
0.3680426867832012
0.24358077733556316
0.24290435801455457
0.41847439557430266
0.006220935021926666
0.0061841946770059275
0.007749376201823477
0.009182042572922544
0.9976266473545783
0.008684302259291066
0.002074664241897173
0.0013522128577784231
0.5018209869094088
0.501652224352725
0.0012765594722843332
0.00015561721836365727
0.00012052898663661438
0.00218164783389474
0.006205379309670689
0.06374867260743233
0.0015341945965279269
4.395527791101195e-05
1.3481401413439897e-05
0.00012182805451832479
0.001866358393615819
0.9927794317586195
0.008980550414204536
0.0015496399447935127
0.022454371848543375
0.2984282556360832
0.7697168145461915
0.9999770569890742
0.9999946809794487
0.9999685216708882
0.999847075090369
0.9999754437129162
0.9985571304753392
0.9993900113711696
0.9925894577151194
0.06276909557905996
0.01726183508396717
0.006954702018403536
0.015469982448843345
0.0029464681291879735
0.0002551484164587947
3.879862611144702e-05
7.482223455579362e-05
0.006945939068341622
0.6980622177030062
0.9968114357911729
0.1296534598189275
0.10972221606992905
0.962765324277011
0.958728326133906
0.9921579590087755
0.9945507280094621
0.6614050802132939
0.14756054565883225
0.466898336914247
0.9915784668109628
0.9912458529315894
0.9858887162523596
0.9647134556159671
0.965630213333785
0.9627382482931831
0.3643491592732131
0.005096016275275894
0.001309369907745439
4.0402851214871305e-05
8.798908678253614e-05
0.0012317081019658227
0.003565054775385712
0.001381863812686679
0.001374554228425251
0.009224100452523865
0.9950539181447083
0.005528809095762033
0.0049702233875156265
0.011038412058358316
0.016732044471553298
0.9486395135763592
0.9402622052735532
0.9422723766215073
0.015261225417354751
0.014595641221012645
0.017075450460471764
0.021060895551652914
0.06839959045341737
0.09409131624277611
0.4101056609882804
0.9056136928325683
0.8938779596010326
0.8087627741577343
0.9474800407702332
0.9815821590291961
0.9257149306899526
0.9929247695763731
0.2576613686256113
0.06593173733552882
0.04805437351922626
0.10993137298239364
0.28931869793496934
0.4176166718112011
0.016933442222354267
0.014008866879806514
0.17142946896987177
0.18009409047732794
0.9596380143899294
0.9983191360492977
0.029867852636191072
0.025441767905772905
0.05250612298995738
0.21236170699970336
0.9997316125564595
0.9994311281308201
0.9995751742529062
0.4437054426553697
0.11259693429350526
0.09991185396707936
0.5193569080522396
0.8368342781397966
0.8346324519712685
0.9380536022178669
0.39092732320421164
0.40471091565636486
0.05502153650289088
0.5075462514889371
0.557016952299549
0.9281885045457425
0.2384592599978811
0.1343205718159618
0.013891342642462168
0.03261183560686487
0.9046776661571405
0.8562084918419803
0.023350941612361842
0.03615000546767455
0.1397606392699109
0.14507295033386136
0.9961209027400898
0.9751514364089996
0.8782856929730765
0.8391553805997637
0.7822310496534866
0.8826585905243776
0.6652498979285631
0.7770969734595944
0.43733403731204445
0.43488878469446024
0.6293037555517658
0.6402151102432144
0.47290556634395686
0.6838758531795881
0.5851043878351068
0.8688075357061692
0.30190658129618264
0.017397485732949414
0.04217894901055941
0.02504315417645897
0.25130910392227024
0.2589240931649377
0.26159438300064497
0.9773367636937286
0.8479182451366513
0.7008487792022831
0.7639379584447641
0.5480509644244906
0.8003811914036061
0.9032248870848993
0.9911557312114407
0.7667886393492
0.3601516245545836
0.0755858497783124
0.010794753792741973
0.01227426302960899
0.3396845816536419
0.4678953346259709
0.9747476878817982
0.9788978428443035
0.08816521418030554
0.009651708009854598
0.00036269259287669
0.0003038828414790862
0.01453854812040245
0.9997780265006653
0.9995938349673983
0.995596493615525
0.9977673733622816
0.011707711740047921
0.0003958187039091454
0.0013019408317515024
0.0010394587694018131
0.0002401435747488856
0.0024815889823369686
0.33590785384777533
0.6437298522972983
0.42014788410298953
0.48005923776357595
0.4869700604426156
0.9999922400199512
0.9999972131393787
0.9969861860124626
0.6797142402655545
0.13736251055249094
0.47992209015214526
0.07231311125905615
0.0024396206824374156
0.00024057008634259525
0.0008759120341205184
0.0010990773248654717
0.00040903073437781323
0.006631275507840706
0.9997926281540971
0.9999158482924869
0.012871596363932425
0.00024951654273586144
0.0002817647824278069
0.011546501788619379
0.0981463723900029
0.995789377386068
0.9967401589636944
0.9631474427819755
0.9506057129532779
0.7995385711703259
0.8478138786194823
0.99817961669945
0.9967576873264744
0.9740301300744502
0.9660763644810958
0.8214909565253554
0.5664020031738439
0.5733606160259792
0.0069382810386511284
0.0038013304607034115
0.00576550006631249
0.007941479938601836
0.0019455755477707504
0.002036114665472155
0.9933814430457248
0.059254925662151625
0.027939221556643856
0.9993834014004476
0.07815725055923528
0.0029298766947390975
0.0003020559255715316
0.013880640038242964
0.15985284825824342
0.9974517870764377
0.9963382328977878
0.9961167421523341
0.9958932078902288
0.16221863219477983
0.023208479638146096
0.010807333454427526
0.007617161364070646
0.07664310073609637
0.9861590364109953
0.02138099394753301
0.05679393604246863
0.9956672909371155
0.0036386793966881603
0.004772506108854824
0.5026206620717738
0.5053693747266614
0.0051292803589493285
0.006051091443434409
0.009190585079273839
0.08321055754012274
0.01658073710272645
0.17039720073369524
0.15330760401331944
0.2107630520744882
0.4471040630077766
0.8520324450104031
0.7635947955122696
0.6760346370764398
0.009082903115722907
0.0033528899264390066
0.0016349194584286408
0.005036255058645356
0.2814677775869834
0.2029273819650811
0.3820769907644209
0.9740570130404104
0.38225160722937424
0.29990735801833734
0.3211678377956493
0.050739741398792115
0.013539976781229313
0.004143516191769558
0.0005450018348920338
0.001115474868511268
0.0006729097330435696
0.0013065499148401383
0.19716363319242647
0.13550865709135584
0.8814787237503394
0.9124018714364545
0.9128858426206873
0.9935601575675347
0.9987029985609815
0.9889340902627543
0.8244190304657181
0.9562198640711075
0.8531284054259455
0.07013306047356693
0.026292658214727593
0.006272274730860561
0.030116064660681285
0.06902050249119296
0.19310253129649824
0.19543590379311881
0.1695843441228464
0.22493804624654445
0.9897077071732255
0.011451803878296363
0.007010918410382594
0.018742660935280098
0.2609721428758558
0.21359717224765284
0.12306010338665341
0.48759262926981184
0.8725526918581386
0.8808199692460448
0.6196469097170945
0.41968552533219927
0.38724094624730176
0.5636373088674715
0.012040007567217015
0.00715518333233367
0.011417987907517135
0.5170254545204825
0.03435879099312622
0.38887719509558294
0.2791234324620495
0.630931054780667
0.38604674807777717
0.4511446634670736
0.822610423971988
0.9177058459141457
0.8797910821785498
0.9742649340298674
0.8433067278707407
0.9052950412973739
0.8615681659157824
0.8454285604596713
0.8699808093943746
0.894242721936251
0.9134608539560459
0.8876473791646199
0.7355404151739642
0.9233486920171035
0.8354296024727654
0.8186796696939066
0.8435881057423834
0.7641876873777701
0.7719829991142597
0.7448193313029341
0.5570643346163795
0.011275379923537221
0.09620899508430003
0.14549851214055187
0.6532583730979095
0.3049014362406911
0.48949515865492876
0.4920673953583269
0.19293364303446214
0.1291521637367079
0.19653107247447665
0.6962528840254412
0.6446270688890898
0.6538160559589403
0.6380977105097239
0.48510910140653596
0.23003681346384708
0.2984937239239793
0.8186789789960145
0.8604799009517451
0.9444999203723234
0.8279458506479089
0.841168314481469
0.7437576123558083
0.5009611883207632
0.21398518809851175
0.5821098463943251
0.5378057236623545
0.06559408981344406
0.20371992040498332
0.5682635906990245
0.9154105187026053
0.8872084012582537
0.9070817226765201
0.5555377004595459
0.17414017737976106
0.16890864763141522
0.28090785181695144
0.7403665388863028
0.7948518090594072
0.6217557573432188
0.6757657487079634
0.8045986558105302
0.5537885065574777
0.3148871979404755
0.0940039896734195
0.06801790493920334
0.07195913936229226
0.5367671897700393
0.5284295744936656
0.7685502859308073
0.7290890489155055
0.07748476632958357
0.33023838094849944
0.420836422123145
0.6050646073292494
0.7226356168819423
0.7616067050072655
0.7715416034192973
0.7476382828491019
0.9785454946584045
0.5334457294875377
0.2804596203570894
0.026808182368542877
0.03856406733167694
0.05315988884727707
0.370401324603578
0.9144634590595654
0.9611286133399396
0.9486985947105099
0.6916819699976378
0.010128929103691453
0.009014478985154395
0.9542722302369189
0.958740508544354
0.014604733677632709
0.012588356988329719
0.02929443284649913
0.023705968337003558
0.036025046098922875
0.9981729870294356
0.9780634900376446
0.5020473589273624
0.540044284230377
0.9631327583337181
0.056643072251880144
0.0020614041481501477
0.0014994512567524376
0.0016898734757063716
0.027370586984178935
0.0284608911982821
0.015211689801480133
0.000124061473872783
0.0012028849661281926
0.0019901106782206357
0.0009843764799082333
0.9932544995944912
0.00744491456453189
0.0065061714366903
0.008557470391866051
0.9999983137129624
0.9999882516541825
0.9999363205983534
0.9996779217261117
0.9999993425398608
0.9999993701127504
0.0018111480388782741
2.491163511886274e-05
0.0008171297564100177
0.9919296600077259
0.002733829331012516
0.004842284019854426
0.008828571221849213
0.006141533161907797
0.018655959813660306
0.9959833397108451
0.028199897753622194
0.001878350278019747
0.0018573805355047712
0.0018954603798840841
0.002079325037413926
0.26012408350258565
0.7792769657447725
0.9998811426922023
0.526562021531439
0.5402503253920659
0.9991584395005364
0.03169105474120981
0.016306468092986748
0.00769710371863086
0.00822043882937451
0.011303406114521186
0.9562178229850142
0.9786668438782841
0.11950038909035465
0.12075628237489411
0.9091982550857834
0.9167892546432023
0.8251619593874029
0.8560213007316412
0.5055826737753228
0.47736596714816015
0.45955305485374454
0.5104082553345596
0.45894101986320723
0.4521447373053644
0.6200478957898623
0.9287945422115729
0.989820533996481
0.9875861047892057
0.4449052792221295
0.19362323495002065
0.2040530811512149
0.2603339283647673
0.29032085720194156
0.3992789470552003
0.25085021116140604
0.8288377664892298
0.038477063963238245
0.01804622059609018
0.005360712069151008
0.00014096199229840511
4.103075252959165e-05
0.0005058652647316197
2.0487131929258773e-05
4.304998295734386e-05
0.000546724607695892
9.711136935319775e-05
0.0015796140366168832
0.015475236304113515
0.09334869258449408
0.4233695602474663
0.6964240018925969
0.49025211671230484
0.5759562547624973
0.9715529251644496
0.9618610072196732
0.9406144616516302
0.876792143294727
0.8513481761312747
0.8280095025897147
0.8334570847941413
0.8368601103957969
0.6619460264986905
0.08229894646497737
0.07979127746840775
0.09097313173129928
0.19592677973846362
0.5455406397424498
0.9358896787432973
0.9476747597428736
0.6369455262015606
0.4390224356360345
0.45665863050059885
0.07666930448931175
0.5912522889839783
0.1503752381776745
0.0034145304262689358
0.007463290510222875
0.06461132522746171
0.42532191480905224
0.9980127040102639
0.0759350313817122
0.001573494091022698
0.005965543657243444
0.00571341558622851
0.016497524882677417
0.1405232493781875
0.9978276640215032
0.9980299698813414
0.9881518853234595
0.12844760091703356
0.006881489387520534
0.010372024598356622
0.0064097716098904245
0.009142608709652333
0.14043293699838955
0.9569850618934397
0.18148743722180294
0.10657690267747577
0.10034316866519977
0.3883355862237302
0.13529906967919791
0.09324409255346389
0.015344163342229322
0.001399176945703573
6.265681352712882e-05
0.0005393857205127084
2.3655926257415416e-05
2.4548849477890045e-05
0.0005097764051394948
3.537433176581395e-05
9.558047692281857e-05
0.0021906221976145668
0.004739196308930049
0.008281354702110333
0.9547065437268658
0.993014762473103
0.47001742294471216
0.2367530722584591
0.8101564523220122
0.0939457622554738
0.042601074954411455
0.033331796788270696
0.0706302289791424
0.2422061656697535
0.4963638128172284
0.7124372816561667
0.67340898121781
0.5353332679786611
0.5068076643546615
0.525214804904393
0.11954578038758379
0.0054399155836822866
0.012784051185214418
0.02143394281274358
0.030436609240475088
0.019559900624278925
0.020241489042164718
0.9728474464691058
0.9815709132176927
0.9865881344506904
0.9864263042214668
0.8836780822621362
0.8590865772501346
0.8527577181154109
0.8314116091741625
0.2714892415711282
0.11714862251430325
0.11546066312974002
0.17347802062730655
0.9796708542023921
0.9770094910738119
0.9922707073713151
0.12196026483739542
0.008374020971040896
0.0024528545693492942
0.0039798902262588864
0.8845038846696469
0.9129848345059045
0.9418117238315008
0.9323286431334109
0.9553674887576341
0.950858050506892
0.9596733395437387
0.9945008697443677
0.9921581908362236
0.9948332086455465
0.9989695889953528
0.04496051615419705
0.04119133447929357
0.11738389522524995
0.12051207904113215
0.9968012705584686
0.995349581932043
0.07579247355645335
0.0018129908709209053
0.0015961785727574007
0.0008027415430305052
0.0021556961821038723
0.0027360257442098357
0.06795813366152181
0.9992037290892266
0.9188851822323041
0.9994814302788978
0.993268413573813
0.1984226662192371
0.4701807874033902
0.3100903091121535
0.2810569032131235
0.006634687246474313
0.0017190297573208557
0.0045307454182009765
0.02827611595534263
0.9996857993333856
0.14569013405480447
0.00034262976010546176
3.039888875333574e-05
0.0015291646930127856
0.00010764941747687384
0.00031354916662706955
2.3807923391072627e-05
8.833101916683184e-06
2.2981490490292522e-05
0.0013417980301186905
0.003392823036841852
0.020091949203683068
0.9999941262048039
0.9999999075775856
0.999993545986556
0.019926465458914966
0.003476639117396707
0.0014246403236801708
2.2479496929683762e-05
8.838133554567307e-06
2.3813174487186117e-05
0.0003135302247723182
0.00010725061333438646
0.0015258663563620933
2.842243834511038e-05
0.00037893512589726175
0.14775751236753942
0.9981049387981806
0.9994976413786901
0.9975136099778451
0.06912054461318207
0.006264948324688824
0.0011124526111182531
0.00772728075469975
0.9998328162709958
0.005008186233994794
0.0006270676160512467
2.1722411685631826e-05
0.00013069528072173764
0.0022682490107559516
0.997869481596074
0.9988467701997933
0.9999394855996487
0.062083625369595774
0.0116310133725529
0.0028929848118309787
0.00039375139845099216
0.002359403671150395
0.9912256608069215
0.8973389049099069
0.9674264995285439
0.973150546032607
0.9998681086523097
0.9991437707397292
0.9107171938356445
0.8808913522598683
0.9066756516677644
0.9767844153811363
0.9984384052818503
0.9868558413156959
0.9275682189122919
0.9289621247016724
0.9024560290170489
0.9597854983425497
0.0025787036427915577
0.00062497312524179
0.002347342024160759
0.01120104570924707
0.06090656132987571
0.9999873742983104
0.0012529449556012429
2.3714019493747962e-05
2.2470009967689997e-05
0.0006287677307560413
0.005003425157519503
0.007921542634836909
0.000981408304606135
0.0032027437593713515
0.06596096238968274
0.006782282089403013
0.000340462216960713
0.0004453828573763863
0.00017938318690469135
0.0037469944805680333
0.35227558097989453
0.9441438102892722
0.9435208371187709
0.9329312977208535
0.8833990210056959
0.976425522819295
0.9774458829490446
0.982240418166466
0.008621928095313702
0.0029995483392373234
0.004263587829862137
0.011674585516201041
0.027605066014756652
0.14072981821057384
0.63952095021524
0.9989696315719444
0.9999633625339048
0.999984526011524
0.633639563422784
0.13984756269729548
0.025347210297753664
0.008709161120336595
0.004698570343451891
0.001865132531439273
0.014824743782341887
0.9724687570678063
0.7999838722196824
0.7380461177277344
0.7356086030404474
0.7638023699427813
0.786144834470774
0.8736558364075513
0.9502122991422957
0.9329420270603033
0.9077304550000729
0.15002151316112733
0.03367390012564675
0.009157945472167972
0.003756282155102264
0.0025127210510434983
0.003336145500059673
0.005328792822067441
0.9993010726190155
0.9945879722966876
0.9999512413130855
0.9982859313738854
0.9979482953030514
0.9950371747837692
0.9999631957641183
0.9999799761772612
0.0036580092933851116
0.001551067773135184
0.0007909713746510061
0.004607063675811651
0.009269285300636754
0.03384423960757221
0.157549261444636
0.33763566204085205
0.33891705973801467
0.33805811075997616
0.33692501164697597
0.3081272088164092
0.9980984758904554
0.9935968101205204
