0.8627623099722084
0.796357971156664
0.6778603396286305
0.7771624444791893
0.677229141978061
0.9081628539710862
0.09743137185102158
0.1195748978128266
0.11051250569211435
0.07826132868345115
0.7923977797605227
0.207428296577581
0.815443580478952
0.11618362228223811
0.1545612509605382
0.22953604872432898
0.15279572800000452
0.8188590490498276
0.16294530591159262
0.1136109944840431
0.07340957933245573
0.5032324614260378
0.667980891249185
0.6897779338831651
0.6925249983775654
0.594250505466396
0.18835925367265627
0.21939048646448778
0.18547010739318603
0.08166598638764777
0.053079956158720076
0.0025643680891638265
0.003859643224205289
0.7977573729850214
0.013251979318330553
0.6732026264304751
0.10458876232324577
0.07442532153466663
0.08419086106235119
0.11398935427314527
0.23146132210799564
0.22736280990525715
0.24723035782090297
0.3557630612423237
0.2953097732005291
0.9248006924054226
0.7933147559341575
0.6951955180310603
0.7145654869590858
0.6375788024850089
0.06590485938522639
0.19283938269116452
0.0677661735272167
0.32645444908668675
0.3699183131052889
0.9582159144045653
0.9936245968391236
0.34158708991725706
0.3932338787502161
0.534509746402501
0.4761982233800829
0.46008654934259974
0.5804720433841415
0.9642826794909181
0.9553249495330771
0.683690930273688
0.43567640933106955
0.30792097067474755
0.6329160261450697
0.15800570940184067
0.18318996666185883
0.7600061705663679
0.6771579850699556
0.33451686486106236
0.30705094652827325
0.21063205145911246
0.3182074300757358
0.2317363768252585
0.7962450344425065
0.2610190195644668
0.8503415969689461
0.05486130589743299
0.015512097716735007
0.00685908929544321
0.013342445575631912
0.06338282697612208
0.9889760553369644
0.049732779876409894
0.0022880119142627553
0.0041477314597693216
0.02565868107360947
0.986634894563972
0.001009030739842598
0.009064658331266462
0.08881078133315379
0.9857747617702648
0.3922911249910467
0.9880793377849294
0.9750493127714646
0.9849464093713083
0.9856687735428642
0.9847894277894387
0.8770914003430899
0.49898136085506095
0.9892937969825416
0.08588006050755814
0.004963253824699532
0.004579884927525035
0.9887102876272124
0.034749995629052566
0.015316631921821089
0.005227733360014364
0.0424194265450083
0.9812969308392614
0.9903441414101022
0.06907560306481908
0.028993626955506113
0.0180675911994157
0.008139392827925751
0.11070168771911126
0.9683666958586545
0.4229177046967627
0.020281967034026294
0.014225685286068823
0.9990381546366016
0.0035325214894942336
7.374387404113225e-05
9.252228223632919e-05
0.00012022369034803138
0.009160137404022994
0.9999162898739382
0.9999651939385852
0.9999319946403771
0.999961679969217
0.9975030729017541
0.011642503433056062
0.00010427493466436122
0.0001355623038560294
0.00019427043387920673
0.003658763927794295
0.9985536394306322
0.014833243277360686
0.01746893685847306
0.9435958491041274
0.9376078306430613
0.08047133816260821
0.07165807464840168
0.10007450408654595
0.9131424515257844
0.33761799274149495
0.9228281456235095
0.019842894165074565
0.04301020476007622
0.008680684243788095
0.00011229682051605572
0.0004103314730944385
0.0005769122885770361
0.9577939265892144
0.9995028355620271
0.9631429603064753
0.9814728431238412
0.9759814516739134
0.0006296883938802234
0.0004886075139248769
0.00019830054436498212
0.0014156123093270745
0.0043386543712770065
0.030514666368889887
0.9853791561047645
0.3787456310264252
0.928512869361042
0.024058297958960306
0.020845319653688188
0.020570568202683992
0.12014293065842419
0.1430836699369733
0.20000395108032876
0.41775828584689967
0.45930555683728924
0.031237968654610704
0.025680049973958896
0.026051881073015926
0.11862858368636231
0.035770841864345315
0.0033415837008187177
0.010018915917414883
0.023156269270029672
0.8102396934708163
0.7597710316907189
0.4834030290565853
0.45368081956115025
0.8750541791358987
0.8611398828169187
0.8055847657396187
0.43462546024278015
0.33618194837934845
0.6472670576286396
0.203450441524181
0.048017607258418415
0.07281982091584516
0.04960057197884804
0.04704113806473731
0.904366980763982
0.870981618057762
0.059271280835298534
0.0017038978528112203
0.0006251881733722042
0.0011441594074649286
0.020462317183635448
0.8911676755415219
0.1249245051982033
0.12939765119022117
0.28855615963231107
0.99690069549935
0.9610048839952937
0.20383859992928088
0.2720693682976397
0.07215607925488343
0.06402718330521784
0.010740642651011156
0.041342608093305144
0.0838154673652951
0.9528343856686927
0.8016468623704176
0.924093441234441
0.9982526672541627
0.9945345684216472
0.10265249406736565
0.005577490184906164
0.006332042967010398
0.9945423654467291
0.9945777673556049
0.9988586283230766
0.9965180392015293
0.006483691743140785
0.0037033960817348666
0.016634906016575912
0.8455248721838945
0.9996319626597662
0.08979563244266953
0.003402744041727357
0.0034468410999760613
0.09511526657972758
0.4597597311349306
0.6133633341899131
0.23393821038440255
0.24937551973216288
0.9356813567277474
0.2515600849890529
0.22974559978846998
0.2249386974960268
0.9982955469821108
0.9947375816604224
0.13051579504556288
0.005088143210889573
0.0004237882490187861
0.0008746123095463298
0.0413971637443481
0.8601593260511107
0.7396752796899146
0.8931122180493272
0.011872800305616327
0.010700505535432892
0.06726562281422233
0.05855134268811746
0.0757871824286368
0.3236143986656901
0.009496411855021147
0.03831465271454493
0.24876393783948159
0.8367540270230792
0.7849709367147488
0.06661808344353404
0.0007540753769669228
0.00044278124753216463
0.0007055686458320443
0.00033734326759748967
0.0006584117733262618
0.0019122763322476644
0.9989448309970289
0.9560016116468317
0.9996395579781079
0.9999071996728675
0.9993711971438438
0.9892836998172937
0.9827073524886425
0.9822411296396762
0.0008316528168409443
0.0003629930314371643
0.0002802727076619549
0.0004021621558898403
0.0006533506426440461
0.0009857287023899985
0.09574550356341627
0.9662912142603345
0.9503258161081153
0.9693983825683986
0.8342302540971674
0.7320417194686129
0.21892092136552133
0.10235143194251806
0.09231730929929627
0.1584159442876829
0.4383937490767499
0.8218774715937002
0.8472176501695399
0.504337236987926
0.43477399835840036
0.7136691280248988
0.5789454033676036
0.6580933265645599
0.7859298569660551
0.7771419215716717
0.845478771290954
0.17218866771059171
0.13545933191242998
0.09887561410793033
0.002827694336225761
0.002623247138863971
0.00487267886722853
0.13375241234014046
0.8501962673842162
0.8181683789585964
0.8077787553010107
0.8849393721267117
0.9797288950623707
0.981629219020288
0.9004681827450541
0.7510292692478062
0.7339431231567903
0.1400890955189853
0.04078393942015912
0.013455116822425284
0.01045012896047981
0.016159434718719057
0.0390078760572341
0.06012675131755074
0.878508827608747
0.9465828732295447
0.9604018794335337
0.3798197892771541
0.34915635600000183
0.37593232122757647
0.15429946878948586
0.30102632463739665
0.7812335578017982
0.017404591629075372
0.0074439510236693485
0.013787383093064043
0.0058380776482434005
0.008970938072677237
0.11721654475850074
0.1190939989978621
0.12691172417306773
0.96933174343793
0.9723425656373769
