0.9989928517488448
0.8305442892270567
0.7199904818525749
0.9234627251972269
0.9545816369648819
0.7018726757900603
0.03364639857388119
0.12963453664659097
0.06787753460928492
0.36631129770587756
0.782328469393907
0.014382453460520361
0.00664626051617756
0.1019696615900515
0.013660495411474738
0.013545933382143938
0.05178279138168751
0.04910401634617412
0.2994363534601856
0.17348699020127556
0.3919083545295615
0.4417799180538464
0.939143485381224
0.9271327088996437
0.25062628382595475
0.33461809256922703
0.17010553625801572
0.8397750969455714
0.04462152678245912
0.030590973714172076
0.03441016870030866
0.950946380699238
0.956069292186643
0.5868031009007172
0.5879840475570173
0.6286689251185045
0.7683557017797209
0.8593374694338054
0.4677765076592598
0.45104155295348936
0.944631253835749
0.3673362153036025
0.17251325267258255
0.14030012470274
0.04076620789694918
0.12735981799819596
0.8457304550025391
0.8423263463438555
0.8564067580567358
0.8560892169190445
0.011666697517870195
0.014526516586504723
0.12073573156257278
0.13647061616968814
0.3509978839837069
0.9872075057816254
0.17086873176205064
0.13402284612869642
0.807211114924477
0.11180644037354104
0.011448868275210744
0.1131420865069318
0.024331285470523878
0.3365818016039387
0.8752217867225512
0.9646250225529303
0.9136660354595508
0.9034913322872133
0.2703903470416461
0.035699710680815455
0.01637264635287894
0.19993687411219974
0.25312009474003005
0.9975275556524318
0.6257878131960455
0.6061529022204271
0.07280971960770899
0.0030985282525669566
0.0031436499978247934
0.015620946521510248
0.0009030000758228907
0.0025982118469355386
0.021880415344341708
0.9997829475847024
0.9999347666165623
0.010822744178364818
0.015271306325593592
0.11403198441173978
0.43370267438138976
0.9936118236791006
0.0035786511524619202
0.0020105010538155055
0.0020400473202643044
0.0003364509169566654
6.909765367291154e-05
0.0004582917324926772
0.003173113647506498
0.09589953898149672
0.3540461530351581
0.11431400021307503
0.08301881423839508
0.023014432465331858
0.7411441266899733
0.5963411274941162
0.27359164510512
0.5273375207521589
0.8878596953831742
0.005781075203991404
0.0009674343396057772
7.172002524846732e-05
0.0007552248996851585
0.006732367534211359
0.06574631733967573
0.999718130069038
0.9999888528035464
0.9999874990084028
0.9999780569442269
0.06591264630671512
0.0068925584880281665
0.0009549366525551939
0.00017674698518266307
0.0009589180864917335
0.005696780206174812
0.9859760789937975
0.40586521192185165
0.60239314962266
0.7285704105490735
0.46517597137674793
0.9359866958400688
0.019055494827332375
0.016902006306806938
0.009836759267094375
0.18092743040560355
0.5693561305407338
0.713930816127852
0.11592785213317247
0.14585597939783734
0.22165479022520052
0.16308826154531442
0.19088048126252244
0.8435168319245322
0.8812925561308103
0.18202844828817866
0.200847316956121
0.883050193165296
0.7587507690075519
0.7485044755016352
0.8171444341809092
0.9345253906159379
0.9779397873342808
0.9620390754213474
0.9466599271071167
0.19187112067245027
0.1953626431216957
0.8848264197339065
0.16889703073866336
0.13955590869738832
0.1857754428992603
0.1590798946698
0.15404595982144575
0.1929846285629635
0.018128662443084642
0.00044710227507516187
6.459255646162898e-05
0.0003297854334883832
2.6545538600708518e-05
1.774578344093669e-05
0.0016197255685337364
0.9971796578681125
0.43379118124033555
0.013449519661078102
0.014968162697531207
0.11367777337769291
0.014919963080213039
0.0007928610728802354
0.0016595734891876601
0.0010886978405542092
0.0004268585872734265
0.01500984506733627
0.07386847615828651
0.14566418491040534
0.0014995634842822625
0.0012027380841781454
0.002362298458317258
0.015411014469631223
0.1276229150708763
0.9998563299067534
0.13167083230079935
0.03736788098521737
0.21327348991001782
0.9997034358216164
0.9973398277515981
0.1827823132901243
0.006326734235746145
7.559214609909048e-05
0.00010113360341235111
0.0025678116176360843
0.016016262037980344
0.013459962141594284
0.014393179640631248
0.958802762691273
0.7187398539366887
0.9999648435234632
0.9999998843111908
0.9999999133774913
0.7702027681130689
0.9485714037917741
0.0006648819880125112
8.995204809902901e-05
0.0019972637358348644
0.0025696714939711374
6.830953049552502e-05
8.986813618039324e-05
0.006536707698272082
0.18479301962544814
0.2146442482834976
0.13328037542849958
0.13468270215318
0.8986114411797673
0.9937047481347173
0.993266872065136
0.1314863502725877
0.016292467056865045
0.0015308509999247821
0.0004053796935971077
0.0011765016246535476
0.14868165294334879
0.9596039052199253
0.9964545682651498
0.041776826001384104
0.047935050449419814
0.011159312614822725
0.001479837225106695
0.0024822422574557468
0.05634001847140779
0.003008048041459932
0.835155126963377
0.9408756239827732
0.9409968154984397
0.998780602762835
0.9986282909093794
0.9924044079493368
0.9907848932575085
0.8951641761630742
0.99047742857272
0.06421480450143136
0.0629094953858238
0.00532185498701776
0.0006474228288061434
0.0025261502203020036
0.00048693219025508494
0.008978941204394575
0.8777003780138752
0.8588274559972626
0.9187859391138161
0.9948319578347986
0.018233103165015474
0.0032863131504846654
9.491923018234427e-05
4.8701472521783806e-05
0.0005962103255262585
0.9999864000582099
0.0028499659338376837
0.011489324568841885
0.026528378999042035
0.999477527219421
0.9995935508730242
0.999983953843427
0.9974560584346946
0.9976711829110265
0.028720709808910283
0.005501112262589203
0.011564432680656545
0.0008217516728424856
0.0004928667494572547
0.0006627563021628369
0.004991162843515862
0.016535999777369415
0.999595698798149
0.05059133002883909
0.00969251657058523
0.0007134341533968636
0.0011796022765391267
0.9853502680510163
0.9852312813580152
0.9848104445616698
0.9958961785193945
0.0105629356055853
0.014098876153751494
0.019600172030724394
0.02164279317318285
0.6000330524833581
0.5769346633592163
0.7069070826312789
0.36556656639265583
0.26874383734568885
0.3765582438643754
0.12330326640767675
0.04381219445984996
0.10859593493569164
0.5726957136555151
0.29734362277086845
0.4720004194419084
0.9538237091584365
0.9887636335325031
0.9576592598150078
0.9957105256675984
0.7023073252711927
0.10702532746938531
0.0026667753087454837
0.0036893322590549893
0.026155657893772277
0.858691635098928
0.9291520949807534
0.9918940085343225
0.39169033203115844
0.09619868280722532
0.001024208022026185
0.001625605940287489
0.0015040230861181891
0.9998199588297656
0.9998848839036795
0.9996852023773443
0.9996813145355697
0.0015217308761145132
6.023410694588893e-05
0.0002845464844746237
0.023106041361633967
0.2574444099826423
0.9931262901805437
0.021946359435646046
0.0028404264040898797
0.0031160700737896674
0.10667923334109908
0.2092303558845554
0.43228189849983445
0.6993391903981017
0.48877495465197784
0.09922781945499659
0.06169995568282949
0.0018694977381450428
0.006756993034463754
0.02642701202897313
0.018522812382038012
0.754775038579067
0.700683051149662
0.881425560474243
0.4139898870515938
0.05080803492689867
0.05687612014036525
0.3435485644625642
0.9997652454091108
0.8664592455796969
0.9176068166825041
0.9998166188049274
0.9998768285478105
0.9933860316758317
