0.9829125290896844
0.9393764634934991
0.7547690700567458
0.778773083309551
0.9535945872160371
0.8979602869071647
0.9053983159524286
0.11928707995264243
0.005395217606549485
0.005364134113092445
0.0074554470655632255
0.9954601534587538
0.9968355194249615
0.9960057255237791
0.9961979250977402
0.006917157279841435
0.008395047656973187
0.008799326842079624
0.031118890575082325
0.8128280126510276
0.778020843610295
0.819764975066454
0.6737415560193906
0.45203061280200485
0.39741637641703664
0.2689245005275043
0.20752719145092624
0.18542666361610027
0.18309150960307197
0.14664034412488214
0.11523435244048619
0.24819665892616094
0.22960417908938402
0.5137174641575217
0.7300963789629238
0.7012931218430698
0.7537643358191302
0.5121631299194234
0.4636576928604095
0.4779697511954284
0.6406267809336414
0.5361391619360171
0.5702169826955998
0.780829508991446
0.4465082193107718
0.3602395438017374
0.2938335267030159
0.2744243857764822
0.48165943016892365
0.21813286956458589
0.5282885296051965
0.49436139908677
0.5302537395492862
0.3795701595646629
0.4439892930490018
0.734142765641949
0.9111830061220587
0.9057103365950694
0.6941588922841313
0.30795220358076913
0.30153578871348474
0.2232763221984717
0.18045098683813754
0.4228823875774623
0.32912127154695514
0.36317854431425056
0.07368992980483324
0.2563775406264822
0.013141565485801365
0.03626053691776432
0.1493972226952115
0.15272547027516858
0.17314521897214963
0.3981087920039271
0.4548363654382489
0.9744832720524468
0.24528222648257714
0.05101267229620765
0.027096336847767244
0.0177004065684363
0.021796595313650413
0.9731806591837484
0.6020405543917049
0.5967430021063922
0.5814975460876493
0.5767946974015631
0.004529582158743106
0.42278740819368643
0.043421699995910945
0.010732574359884728
0.166237131716378
0.567592635613621
0.10751013793598563
0.018156159069569355
0.09316242197584657
0.4326134923212689
0.433500014101725
0.4446587784245326
0.11093984906441334
0.5674733985780195
0.05785070227396705
0.052576156856366185
0.2054067826721504
0.5272284410565784
0.5315528662019622
0.904339488855403
0.5226432136101373
0.46180591779418445
0.5105568086436667
0.06977451940573587
0.005622919939907045
0.38608029694964907
0.00504125284711443
0.014329628995226384
0.04283847662873419
0.08007823386798618
0.6371158937941339
0.9427693177966303
0.912161549113158
0.9262788556398803
0.7170522232474985
0.6788375406329334
0.1386153176489613
0.13343662157045155
0.04816864609949034
0.11117220205337053
0.09478077240872651
0.23749773756699666
0.3113884268071737
0.8725558490830984
0.5814942707173834
0.4033323185108362
0.44225696295309325
0.3141428676505139
0.6094700641442947
0.6103891613759669
0.6364710574961798
0.6353721908002009
0.35757628625282123
0.3337163430209962
0.5269149308068539
0.6121697508702879
0.9308698713715966
0.9465186885568007
0.9300409640122853
0.3348730260282171
0.15318808543695028
0.3186963664565756
0.8425768341565048
0.13115249533857365
0.07488065248814735
0.03420749209074847
0.03387753061484666
0.015254090470925519
0.016505820925494352
0.04169368470455037
0.10461222633683509
0.9103279713618899
0.889811089115252
0.8808770949985291
0.9047206913659481
0.9576769669279508
0.5950316567628313
0.4000915053701104
0.3513742158361899
0.34369614874725896
0.8276718675032089
0.8680744112009504
0.29532187695713685
0.2954507382460363
0.31056641786774286
0.37137868927531603
0.23268764188920799
0.6535591103345241
0.6635144104374239
0.7056067117297958
0.9861023708724617
0.5278861105884673
0.4094588900580173
0.37384850607057496
0.0033569980950172162
0.02454328891376223
0.5874217387109758
0.4811771856860254
0.5636470782122511
0.17600668244393047
0.43136358333847846
0.42233422137828047
0.2603559819152784
0.6167873185876841
0.5855706679634967
0.36918725965439725
0.3344296825420562
0.0013897195014584973
0.0022641416072932685
0.005938120757923326
0.365319957447497
0.46100658181933385
0.9905782657553172
0.45948219882913865
0.07368626703806402
0.08538927137244878
0.5966651723114409
0.3632094972682255
0.3543404891250107
0.41320163807349775
0.620149130955542
0.6177911076103355
0.6268019420231188
0.9347375203053617
0.6215733052312702
0.07319645283625142
0.022293368056202856
0.042855482350129814
0.0488487629025649
0.049947170301701815
0.4328770746745251
0.9546732427668803
0.970488871730287
0.1434471959625675
0.0634277362830471
0.04077716350609362
0.09564034419521394
0.4047434825763684
0.3455496983263573
0.4209653362374679
0.0054152267307263635
0.006509479858990752
0.00835846815770136
0.004371447680339591
0.0018027032102678753
0.0012335294860629231
0.00019615766235347998
0.010087329599114292
0.010276360056025613
0.0010470059764996487
0.0011846647156567025
0.002325380710322511
0.0011281116406753888
0.0005352931826743124
9.244476237801891e-05
0.010029955839917393
0.27298025175269336
0.9561261250001322
0.999641260830203
0.9999969043884676
0.9998700227219586
0.9560964008718147
0.9999455185534676
0.2726833801959564
0.010070695867713364
0.00011636259801783844
0.0005858376058027748
0.0011510701903783005
0.0023288036936520706
0.001184384871947164
0.0010475782989768367
0.20127261350460934
0.2087858114644744
0.3091520426285984
0.3011926718741891
0.0021531670580398066
0.0027098699585957897
0.005128713837893484
0.008603132540748626
0.029171078233223624
0.04155676444760825
0.9247263242423375
0.9134414713255137
0.9506613368710647
0.9527787756831392
0.9133393182096746
0.09519218039019617
0.05597193636528697
0.043033675683087025
0.0511629344006157
0.03882305578880674
0.03437552824022072
0.05324735528057689
0.1258916289003993
0.8769326697386254
0.3568886390123346
0.20169437256544243
0.3718494312271071
0.4430120419186646
0.2188989355833626
0.3397447118164222
0.3349165677870053
0.34150663141256365
0.8838983210060144
0.44832389571700704
0.4737359266353751
0.46825892787800816
0.5729623561378865
0.5347741367067482
0.8560529295714516
0.9751931127661456
0.3390870434822817
0.13339184172306418
0.06327023561140421
0.059866922091451724
0.3087744635463112
0.17309008085088495
0.0012085103647493378
0.0005892827171849468
0.0002306033982348854
0.00027312068511298193
0.00861770470156542
0.9999621744771026
0.539079617907971
0.3703446870356628
0.5473568223516979
0.9428882143151975
0.9998117954543648
0.9959833953240685
0.7081633061350049
0.44182587464387957
0.5668908770630638
0.6859355121047923
0.00846547237067663
0.0002865789062894697
0.00023603731155974472
0.000731459395825862
0.001577637349986949
0.1811161938468312
0.9757814744686686
0.2051463621552856
0.19251643484189385
0.012982632929200655
0.03933592536035946
0.22600567349118372
0.226796857513892
0.967878921364076
0.8303916429163458
0.8177477660322573
0.8281621246217691
0.970975985984505
0.9662705244988927
0.7591726106965879
0.7606139526287415
0.7800683513748032
0.017242314027771988
0.015709400033396936
0.01616455601926503
0.04375483915579825
0.23229238486942538
0.21328961144775938
0.8085665923059417
0.7729976907142574
0.17678129610586413
0.03243633359862763
0.02385668961560261
0.18229051379075156
0.11433101588758476
0.3656791248089424
0.18383079557437465
0.24409948867518483
0.6707760681108821
0.783437472612591
