0.3611361976789311
0.767034894954332
0.08393445719093917
0.06694834522684667
0.015851770823044675
0.015867954738453593
0.01842923281303377
0.05504244833995431
0.13951362060455041
0.6618217262356729
0.7242011346994439
0.4157954796437424
0.7302691516557516
0.700247126480495
0.8310006364258193
0.06534832930657986
0.01151753222005325
0.08448893626581222
0.9082857476984209
0.02223724766513535
0.022297347924239208
0.976400473951732
0.04148431800532748
0.0007197951342042819
0.0184808640530173
0.01910216677550125
0.005681471148782147
0.023129524542067847
0.3869992109647876
0.377405575040073
0.23875670858416864
0.22745249760819541
0.7914656449633135
0.1867944521956284
0.008541971871482423
0.012386432420701698
0.8192392025662909
0.03438446324147881
0.012419402408513247
0.016318033278553412
0.08438147144817487
0.18108417134713417
0.1806814138669226
0.14754074895955072
0.16514933900056616
0.6652319819608817
0.7305730200372493
0.1813274994247951
0.6875738858867191
0.11494411479965672
0.25755759691766233
0.4636305848672526
0.46922525931938197
0.08464592063429255
0.10424873053315531
0.05026146733353776
0.7245261526882165
0.7692078656976179
0.8087697892668853
0.9759978005073815
0.9219897342856811
0.7559679856299375
0.06326693932146266
0.07457667078080432
0.03589120559279346
0.06465826468247193
0.08401433080380682
0.3472418809708243
0.738048337757224
0.24891135113204554
0.7017098699096209
0.7107951163576058
0.16482991904615807
0.23759153667558075
0.23198607986210618
0.689096251301583
0.7794810595217349
0.8810765980108499
0.72542644063268
0.27203670241826805
0.22509997707103324
0.231113952247741
0.15516755309469876
0.14836887980736035
0.08624311980640109
0.9873717006430108
0.1634202676696932
0.06448251775966607
0.02042114213777424
0.16557506166728253
0.055334488308708685
0.8752666192339491
0.06283264717578674
0.01885072704127233
0.009666493589378322
0.10248591298369525
0.9808749540892846
0.9437797211859253
0.11353754694075868
0.05725491746996758
0.02110327035175763
0.8959136998980961
0.9371374755514701
0.9699545390485002
0.9718352773005985
0.9650948477276162
0.935008667677012
0.018727334969581344
0.02194432407440361
0.10562065202347937
0.022197386738511238
0.035659441976473305
0.03729575135014507
0.07617867750647067
0.9057878718986735
0.8456632276897269
0.02861839731457394
0.05757289428909751
0.14149806814473764
0.1895241609735001
0.3227872783287947
0.9333191222300207
0.7982535330187492
0.8344910630855837
0.8772962884559304
0.15076356035562855
0.19062290894993927
0.9409027708245545
0.005740469235146151
0.0008158456968863081
0.02156495759834831
0.019212444342815882
0.014913688381341328
0.9954877284612519
0.983974916090659
0.9823107167613216
0.9990333751861368
0.9999791708384823
0.00353078167718901
0.003598715058459656
0.0028917009595883503
0.003686928950421886
0.02513511946708602
0.5805596566421704
0.1858621284047659
0.4791402184328585
0.8844953560079449
0.9367647219050169
0.16825799063310554
0.17330209094808458
0.05375245447130228
0.02956944165523534
0.0224463115851532
0.05564793886544783
0.9434343794211164
0.26452190619838467
0.03877910992073097
0.022910848334517953
0.03846489399933506
0.02491532520553308
0.9485940638479778
0.8371463409415307
0.8438966265246838
0.861709304058037
0.9023024026597973
0.07907481753999812
0.05831128251157458
0.04337008794906916
0.2911521285971347
0.1819714505323312
0.7117059902753606
0.7731784170133629
0.45681050932245604
0.7445989723568454
0.07288866780484793
0.01286594869581359
0.004383596985635396
0.00873017556610789
0.13970900988067259
0.9575624833163329
0.9266579539354679
0.9208082982361885
0.9518483572618978
0.8861973449867129
0.8810736176315228
0.9144600405012145
0.14143143615841192
0.08112452435453166
0.08399296104338516
0.007593928932759009
0.010086158822175229
0.8328759341560308
0.5780692661427327
0.8412534611338163
0.2774892362243182
0.10832144176523129
0.1461734168541381
0.07428602761315561
0.0470089633137335
0.8535543432789198
0.047139610894117556
0.015991336549443402
0.07766125935522128
0.3750391260124798
0.4257028100523318
0.9932050674083732
0.9531594116580241
0.6241316325853612
0.07948868077858429
0.044366440770456594
0.02729399427721424
0.005176607293347124
0.0007117194011044825
0.001271305956543567
0.004121439338265698
0.9969098295138196
0.9954709417446895
0.9993183884145689
0.9855366495770914
0.9928377575260336
0.003909153755372818
0.0006260222720063657
0.003089647253254335
0.07431806774930472
0.9954226936660697
0.13924021525523644
0.033778897607296576
0.9134037928758665
0.9992184996280175
0.021611930237171006
0.006835434537526552
0.0036606431609279566
0.004235701109128409
0.9311727311554475
0.9756630806406598
0.9941034367891063
0.9959930087671016
0.07349958836869575
0.06452294443469186
0.0676913736459065
0.019019829703268654
0.9491867179418623
0.9467911212049008
0.07836655928614389
0.0037258714588584985
0.8850495529530596
0.9757095438668459
0.9837750370631477
0.06337169676676124
0.0013286375031560382
0.0006451966693932221
0.009245962405417862
0.9816426032074854
0.9972950066815383
0.9984099218644059
0.9997017249495324
0.9968605152047907
0.007062211201030122
0.005671721208177161
0.005955635142646742
0.0023805009552335665
0.0006488683796399553
0.00572763500116602
0.010533511816691488
0.3278363426673858
0.496061379096732
0.1354639811188988
0.06044592323338416
0.06634677339095929
0.09767809924895787
0.1445508548134934
0.22106537492516698
0.40827967740324267
0.47624249039319766
0.5207104979899427
0.5869233344772969
0.5277499764605045
0.5263979630472383
0.5296973471853929
0.13206184775018437
0.07952043506364892
0.009375715490271497
0.44502854260669533
0.4163064058450898
0.9174890825271498
0.497939996906673
0.5023633634800762
0.4848484602365004
0.5047156919827096
0.7511033221055181
0.28368004541695
0.40469496623864565
0.4115017684096295
0.3257966169283669
0.30373607399770763
0.006217440355193449
0.025557150813840912
0.16656556907182363
0.18015736083083045
0.2794659590235866
0.7712203625397862
0.1372183930762353
0.011310262142061767
0.013577138933707489
0.023781582506897436
0.29983120992546286
0.937300425692702
0.9636954293393801
0.9254447765698323
0.7327526927351018
0.672653584519793
0.0807988837014284
0.29163541727736497
0.26870163974521155
0.27365104483175773
0.30256362133062187
0.9255410188114211
0.9937343706090291
0.3961863337489012
0.29919005987428093
0.04538479880346358
0.05002796912081209
0.06089453621618923
0.051325127414306504
0.13545279279174216
0.8704094033201025
0.05971711145140146
0.02330618675157503
0.0068389983803188725
0.005177496501592493
0.024366379332708687
0.06127641594164468
0.9748438080554749
0.009568879193502022
0.008685539805011189
0.795387354347844
0.13484590082346792
0.008206965856609849
0.142201751194731
0.6019658137515793
0.1671345709109633
0.2975082979279967
0.8819594753175238
0.9261249749353417
0.19932428585753603
0.12760042668973093
0.11955517846114083
0.11935986395284592
0.05001490032878042
0.009256546408689115
0.013159644473790144
0.7934931448832774
0.5209229762485672
0.8666229315732826
0.8757499431723222
0.7437178508475457
0.74960224161638
0.9879243407132342
0.9904338046611345
0.9959959257377168
