0.993206092100257
0.9906335275388465
0.9950449614249796
0.9942169620519006
0.7482379930412781
0.7403619244612683
0.703457967318579
0.6728099995255132
0.938479109450282
0.9329522983897085
0.006049732101122252
0.002176403687195294
0.03849578456026903
0.06836556452884146
0.9998519312759787
0.5027663196941635
0.5211143771942535
0.778651921242872
0.9863335770070337
0.5189390964434476
0.30620372505135574
0.01869152052655887
0.010934051985453053
0.7252363096655993
0.7183704616885438
0.9886546347736853
0.9921491991295264
0.012704979639010516
0.006373529577779369
0.29937546476809573
0.32013203638356
0.5782011619519276
0.5178517889368434
0.936143254865569
0.34318707442732077
0.28346275731151815
0.2793400644830252
0.2895300131812961
0.9988753406506664
0.9956677160262236
0.4488981529421987
0.028857512328323898
0.021770036194791675
0.9865171621210901
0.9653470673663072
0.9852429940310049
0.09838915877891585
0.00809785453594336
0.012530099909524695
0.013023935858241131
0.012001529872444627
0.01722105306017263
0.8980395483393537
0.004057982179605291
0.004736338847752597
0.0038348524135795037
0.004020713936816023
0.007872174653830277
0.06277294206645723
0.7751186467047314
0.6723347021819724
0.3780984933049758
0.9949951797137001
0.30808785943966566
0.20002427861508432
0.06610156873468354
0.08433769535811986
0.24945878002351574
0.28990322968649584
0.16458789579915045
0.15985355145317504
0.671251527495857
0.20834921771130266
0.7747721474540821
0.7703318800334018
0.3817638278956106
0.30665191121348245
0.6528313416557053
0.6875692116953485
0.6818472287152035
0.680076534459817
0.7319050943898128
0.7468491970638917
0.20630768721335324
0.04149710286894048
0.014966812598851909
0.014623593530968537
0.0065191086183002955
0.9893941732878485
0.9977818725282622
0.9900444896776434
0.9906402688121334
0.9985880131965489
0.9995922411074152
0.9985699543776794
0.9980293759600439
0.018949560704346946
0.0027262114955594052
0.007759170337881649
0.04283643502171175
0.20097813571556378
0.9134386526735709
0.95371858323218
0.8683954441704324
0.8619013921148007
0.8622155867241654
0.5208779843115938
0.6254919551127147
0.924547006638796
0.9141533447462883
0.6192919126197451
0.3580160030498253
0.32092722930167406
0.3183469906870623
0.3797011782252442
0.20255336178851358
0.3482262555946928
0.043743835500702155
0.14903526024788283
0.15377998915444668
0.17432102177054098
0.5514030703455952
0.4419029452318427
0.7640729563125902
0.4455086569837131
0.37062590014613805
0.3652905261766902
0.13783908572269388
0.10431765836579332
0.4460381128323896
0.4362139333316142
0.9891077493796456
0.12050329831699069
0.06599798663787282
0.05609179168561329
0.05688101868554851
0.98206371465843
0.802973317993878
0.7328679414277566
0.9514919865254353
0.051949893212381415
0.0025333580296451608
0.001955817285223427
0.02610750280940355
0.9888235810365797
0.9997756376556114
0.0018817427563297962
0.0006664555918166615
0.016915948920011137
0.03295747758394918
0.004566278123414924
0.0022229267505513572
0.01756019522640284
0.7061637403405749
0.7284222743324882
0.9702047668762487
0.03994209052223341
0.086295403235218
0.40789268784140476
0.3940277440271933
0.0649959843793888
0.07095427892117001
0.08824360190252156
0.07774999417513795
0.046589497943778535
0.06267123230215288
0.4549845827668153
0.4001018125241962
0.06102023014129199
0.01433256475028688
0.033622977139410315
0.8104611494316808
0.9571064157837397
0.883935194432845
0.8940231939328138
0.9146896117621334
0.9740244501327058
0.9985371435445336
0.8504392874517777
0.9915666484286386
0.7374103313624341
0.7038278223886739
0.7668001239896959
0.8110408249991182
0.09482033202352425
0.18306402682514133
0.2617834241790864
0.047305703186167225
0.11380621196324092
0.051077727208046264
0.04369205542657417
0.09056189991630104
0.9794174905256717
0.06600976130520975
0.05041727606059754
0.026269412279147364
0.3051937333678335
0.3292575459258186
0.9356842903341707
0.7344962607051678
0.45251217433659274
0.762969609012256
0.7525089798739073
0.9735832595002173
0.010158994536660138
0.00081429795896093
0.0034620611963335213
0.03480588339510726
0.9892651410493101
0.01993552914659913
0.0025291100366948704
0.009499999553930771
0.9881955763766626
0.9887814284034612
0.028857017559474563
0.006428438100133382
0.011285424670314015
0.051424805683542685
0.9930193515536333
0.6349660544970221
0.9523344948097596
0.0028423430110967596
0.002273266473907243
0.06994220486240932
0.16277363735646866
0.7041233561928787
0.6794735783078034
0.9134980443963666
0.931948269175283
0.18093763359750692
0.07719342138285146
0.03122886542118597
0.017973754212150417
0.026725396394739476
0.027927275475961744
0.14241348170573664
0.6725174182954933
0.9816873681734217
0.9353900532560538
0.8815533809972302
0.8933957096786924
0.4623745062095914
0.29568209983434235
0.27175437536976377
0.3051221494463705
0.4612787741258042
0.9690024766533
0.984042989114438
0.7573743913598783
0.21901007708113118
0.0762840145228807
0.06606856081312595
0.08881008319893291
0.25722392750186485
0.7103873040891413
0.8514182202593841
0.9172805190484927
0.9790991423607294
0.9949770683046527
0.9479478331150315
0.9287867363075045
0.9592111675416618
0.9515146582500097
0.9633227596405716
0.3236389083751291
0.4007631877967134
0.2400499934957182
0.26438871410360365
0.9964792413218359
0.6178935694007794
0.6139224861105612
0.48633028689104074
0.5028142449922424
0.6551121575182275
0.9901032200129639
0.9874099299118541
0.8810724462581772
0.8920374859343316
0.9807202602647336
0.43174184258910564
0.0423019704973322
0.361311707104112
0.0295656161339668
0.6034017383574961
0.47570797219683736
0.24017434335366694
0.5697942790226156
0.11873387392037471
0.03656686037602541
0.21714907418210705
0.380952364603806
0.0035600695918814873
0.0016514636481370637
0.0061487029902448365
0.0063973616346695295
0.008339671991213216
0.01387550739436505
0.9975405289661652
0.9974909669412978
0.006225945270574185
0.0061662355300935445
0.005333732486852649
0.01670599604562828
0.995883748383469
0.99538578948233
0.9953789648196392
0.9958770961650071
0.9993220800141588
0.994309299594851
0.9942660785234984
0.9959304511972482
0.018674545924543873
0.0005694763140261516
0.001931339920240971
0.007479694590398767
0.9989000452344445
0.9991496251344589
0.01523111652462883
0.005512674227468484
0.002918861431981834
0.0005379651819917841
0.00039643787111920403
0.0032104870027219734
0.9951853490398908
0.8358298556084889
0.7806051354034202
0.7643089969806924
0.7817788469983467
0.9608256735495717
0.9852595450591624
0.7381754119174002
0.300451518206277
0.23148051131891145
0.009895581294077305
0.00922111820694882
0.8871653348733592
0.23286287609945255
0.9965690334429547
0.05559992691748428
0.0003776637640757752
0.00020840254252307844
0.0003481410709099686
0.00729346050435753
0.00495321320511144
0.016545189564378115
0.05027002747976628
0.08218283895395839
0.8888355437403505
0.9962142056503557
0.9960503416552554
0.9980277391575533
0.9947508004860238
0.9086312654062431
0.9355527704079017
0.16164656515488418
0.08106118318593758
0.08868766466140265
0.07092766957421015
0.007914420580981574
0.003677973049986405
0.007470858980180406
0.01556258642164532
0.09876941179522858
0.961821683143246
0.3508932226416812
0.3730422147196032
0.4287536997118724
0.9812740532607955
0.9984071850138382
0.9992586820961256
