0.9767295728364069
0.9595636864688742
0.9656264720982185
0.009875334906721323
0.00783197425276927
0.006782821139558859
0.0025129033803412693
0.000850603001932515
0.004151278113307066
0.015734540239610295
0.048595718382085984
0.9846259561058538
0.22216473626813582
0.9869165476160053
0.0030837204343939772
0.004209099795455029
0.0015534441768186857
0.006227263434094632
0.2997717971569508
0.33334953058511096
0.9902176523272378
0.9969616747612001
0.03653235985767511
0.020428327015761805
0.9682263345607283
0.033508268375787686
0.0030504871377462495
0.0011590657742973631
0.007102479139974638
0.04668840585308032
0.15453623725154753
0.9800971929368724
0.9413619426855545
0.6790648103335875
0.743137497569343
0.37602213676997687
0.5240616121679798
0.5108172478683304
0.9388225420003592
0.8826250811634306
0.7488694758271597
0.5170110886745156
0.26144551349109946
0.2846376549592726
0.9541606182371319
0.1304911390230098
0.012180669360441376
0.0003948587778278556
0.002697840869530177
0.004471701684760743
0.012408132008395523
0.9683373506719853
0.04076123356795047
0.03586534162919053
0.9926374651605556
0.3146467648251595
0.26728234028600417
0.9609574440183327
0.004693872595622928
0.0017193254936235247
0.03819057325691766
0.0025833840566524824
0.007825593740117043
0.04249387794330217
0.4783912714705637
0.4313150554263617
0.3705516703493562
0.7633648682902403
0.8644852246986588
0.791278850959469
0.9290169747854093
0.3385200654343592
0.3596941717132376
0.12789208255207418
0.41844201508881185
0.682300425171782
0.5783648287328716
0.18408248858944132
0.20112497853281586
0.20434098820724322
0.985093969430304
0.934983702353946
0.9107494119572365
0.9751558999888371
0.8544374445465812
0.7878829744044452
0.008706401843951661
0.1479259921649062
0.018352398799316605
0.11056269492600912
0.28623158095992174
0.6483449847650462
0.12063058494109324
0.011996825828209823
0.02683168305918271
0.027194066397452366
0.00621961145071992
0.014305162151510342
0.029020931675864947
0.04309219187238411
0.9940973061485969
0.0549371857078641
0.011620179590073665
0.01000828949993604
0.007743144782920375
0.033933883326419445
0.07221493306429716
0.6677533383620209
0.09523139238152722
0.004183197191808374
0.005532620695062329
0.005104787613917194
0.005172706266540317
0.005355024337439396
0.004502875737497081
0.996196862264264
0.03261682774214314
0.002459972363587859
0.002363807838921095
0.17254388374161467
0.9155396028969381
0.07631108599555658
0.18412083263445267
0.994443247182409
0.9991938051987368
0.9984318000209756
0.9992293778934124
0.9085916136481718
0.9193030045432857
0.1795973071169178
0.1537935547776036
0.1730793102778675
0.005053792640018484
0.001582297947740563
0.029839758271737016
0.9941114293053263
0.9935440646292117
0.005257664682038921
0.006111628750945508
0.006418870884031813
0.0066432163996392735
0.0068873321062299375
0.008627766868367304
0.21857143903679277
0.9647753190108326
0.7865147204771457
0.3946614939485613
0.15720489463964604
0.6087243857540034
0.5913793495989602
0.006040090043220703
0.005899314092707053
0.00796786397348237
0.021060419182761914
0.8397944279923607
0.7436399737123134
0.8027277968006639
0.9937153404004425
0.9973057163701342
0.12049305264056409
0.03553747958644804
0.028542714223772636
0.39359965622590853
0.9798638331104116
0.887502110987496
0.44179821155038446
0.540380155569713
0.9963643371397233
0.9825190311306509
0.6359649311558293
0.18398392092269544
0.0626876301189947
0.05931293144691596
0.04808286509369375
0.018515104150026884
0.044075099274099805
0.01367246478828743
0.014702610581534103
0.914034422984098
0.9388288173473094
0.9369984753756799
0.9433515980565456
0.9461796127347202
0.9738517641585038
0.9852561599456028
0.9648263245867693
0.03243087229765618
0.017023636294506317
0.0198243029416858
0.022146086189874237
0.02879682229544145
0.049182210477288435
0.33767464219870647
0.15665497629103253
0.12270377576424807
0.035918679656870456
0.025305474048367027
0.0063686144193481065
0.03958379157762648
0.07602464394922415
0.9667020904275363
0.9864549033592642
0.9955218370880031
0.9930356541163476
0.9631698412887872
0.9340513405965348
0.9306288916338337
0.02230604389629942
0.013781819832514697
0.011741415797180799
0.022042318819149087
0.015196342737550661
0.07909405736696262
0.5774197896076396
0.91674927506173
0.6901733938441086
0.6195943303592906
0.9149385930561844
0.701110670203595
0.13445397024495798
0.13809592278725935
0.16569220813738983
0.26091327579010026
0.42113025505073864
0.9761371518573795
0.9482695520564306
0.9980258282272912
0.49381695390136426
0.19088861578984428
0.25684139413626417
0.047459115196054835
0.12686128601309388
0.5265837397171507
0.4011222329474614
0.20979403539825514
0.25269997117369614
0.6333519456929977
0.6871971452022443
0.8057408216313839
0.3379106860834845
0.15945077760328463
0.0028671944688917206
0.0003103378772025822
0.000743895980746756
0.02194396028694745
0.9933487834725496
0.03181626522415437
0.03202746734090134
0.9999641359759226
0.99992788727418
0.9787723731104454
0.009210799564611127
0.0019547029344699762
0.002636072356970831
0.9848534976467208
0.9756990331956781
0.975699182035445
0.976106326127341
0.48794650785738236
0.008375291869639812
0.004410823099700534
0.5099639926137055
0.02012930756343312
0.020245091256286596
0.0030192761441093507
0.003917401330617132
0.2388289550108792
0.053516784677772655
0.008990212672064568
0.002633145452591523
5.393862094638102e-05
0.0001236501760292219
0.016552543389391605
0.014408456057211416
0.019160289283718934
0.9665591016894357
0.9376777293392634
0.4697877356652057
0.8960941803387874
0.004348869812753509
0.002685662705711911
0.0020158904438285496
0.004153009448248146
0.9794238209730952
0.0848055377065644
0.11057179931561079
0.1254599191448903
0.23618102280321684
0.9466716061412686
0.21531548320887273
0.0051639014805577865
0.0030255601088329254
0.021806606971403908
0.07009639133746715
0.9447455867529015
0.9111032297883316
0.015745900862004447
0.0014276896084385315
0.001303618065145895
0.002213509647138401
0.0004836845130060663
0.000645227529090131
0.0015931837790100767
0.9974570281623525
0.9546327039502032
0.9994025390363604
0.9998948919862638
0.9987571902057824
0.9885618755019168
0.9820221875534842
0.9814858859513929
0.000883793662052268
0.0003401851380454568
9.34503705135592e-05
0.0005609885314100671
0.0007339871796308017
0.0018966323518007089
0.017862890923611596
0.9825612936210529
0.9435856180925415
0.9567329008427975
0.9326524061757173
0.9522903548560911
0.08085121273439877
0.02249524313398643
0.011653572638362308
0.005580933490101914
0.17127685848096608
0.9299504810030802
0.2907830292738033
0.10035682533170831
0.09687462843571026
0.18444383421273558
0.2814924011405283
0.9151398506060022
0.34308515852102117
0.4018675475713993
0.9862805184833189
0.6288259979156661
0.8078691939920682
0.039272567564502925
0.005621203653204732
0.008043870342695714
0.029714850109770374
0.8504564528788913
0.9196977835447887
0.9201231041736964
0.940383908529149
0.9586156991686849
0.9762529677744679
0.20085542038350968
0.18871097830319628
0.1635881009651582
0.16161867275588782
0.6261811496106852
0.7781633715488017
0.21432707675282525
0.14441550265344294
0.148209202637005
0.019239916593890127
0.03376059457929026
0.20006041215486559
0.3028199011483308
0.986313756828036
0.14546646532987773
0.05162179170628456
0.02981791247264065
0.03082309187210086
0.9441596407774647
0.9224890451548983
0.9274621974261542
0.02667411683247123
0.046568867480271114
0.043099197550502955
0.05113551501983138
0.9527232870310487
0.413241532602603
0.8504337201845638
0.8558751836279841
0.9291239037020361
