0.9894814455012687
0.981978592594102
0.9837482742006008
0.9912747368087169
0.9989848700141345
0.9984228739709171
0.9918609072267801
0.9985284209118761
0.8245928612244758
0.12642695475276988
0.004894326731322729
0.0038882182748182226
0.00516603838840346
0.7195746944256003
0.8671898811646098
0.9942451060821444
0.48666681114034016
0.16665316414242348
0.01125140523305046
0.011754327451166002
0.011485467573859043
0.9999264033157957
0.9986256808050975
0.9994625932242691
0.9998112922294397
0.0019726386903234916
0.00027824616133953484
0.000576253270585303
0.02143713805426295
0.21276238349409027
0.987819772578588
0.001831959690049234
0.0001655275274622392
0.0005615540408453468
0.13558833313814578
0.13556970718468497
0.1298526729536652
0.9924442406656013
0.9978962472894525
0.008659782521019732
0.0022731370554937014
0.0005156964262783559
0.009051642362177814
0.0005673179593752575
0.0026210409485781794
0.9395658554741223
0.7671580231609408
0.6486400327387218
0.5339549920783657
0.003070487217975093
0.012244188956458957
0.2536753175601829
0.39385938860798464
0.9959199181056542
0.9972719002441447
0.9954912681906409
0.1242922256031549
0.10589472544931355
0.00977221018283203
0.0003101484186925907
1.905214026143298e-05
0.0042611923033025745
0.005425985914907394
0.008230927970949042
0.15537359641958826
0.14293026761832672
0.1863306579407965
0.9923086227906451
0.6989627902567448
0.86742956766457
0.8661661998213195
0.8702008462944678
0.9825827895686833
0.833625129705859
0.020369756851897014
0.0017468349961147212
0.04393055419324943
0.1326539239393254
0.04419562070566507
0.9997460796953062
0.007318586157168738
0.00019785226106183718
0.00012187011172037909
0.0005557827560552786
0.0005479426427823508
0.00011355453657235781
0.0005079185607573811
0.002562436717304273
0.996066611088488
0.7676731285901287
0.03479512765416559
0.41522793937619373
0.9978612302385408
0.9476187375701173
0.6386832569553678
0.9911338139929351
0.9999991009207448
0.9999861227261335
0.9995324091411351
0.6178971525828985
0.9997782108958573
0.999983711180801
0.37255053760230283
0.42125765161925854
0.6142520044248869
0.7647156472145976
0.9999666893769948
0.0021263568131743016
8.060052477498747e-05
0.00010071451532422948
0.0005658947214853827
0.0005291690207155364
8.95230495963073e-05
0.0002473104819714633
0.007523946289232475
0.9973993364021636
0.0475333118158352
0.14663203113134016
0.9946388238858674
0.017020650783863722
0.011148311984850112
0.001619644098001527
0.0019299940276401584
0.0036155280189499317
0.9678928157052329
0.9670828502452886
0.9648025085549614
0.9936831394472676
0.9999091676826218
0.9988064336449524
0.02640641230560281
0.024107220819555186
0.023162254707813967
0.022000774667965795
0.023998651942446214
0.013299477032053142
0.010048897543922908
0.025607498810679585
0.031943942749946275
0.9854846877483863
0.021698847989447656
0.02383336330405983
0.9862891526584744
0.9823429463123659
0.9742203946533963
0.9743743917943658
0.032348126355008056
0.015763994900136025
0.033889666123374185
0.04568823397682753
0.17376781554789045
0.8010213262343895
0.9988708016212532
0.8471338418299297
0.22916689379917343
0.006632676889124722
0.0036326959654727764
0.0053516506854167645
0.03414357881925023
0.02798050147823339
0.023142755952789695
0.024660349457871766
0.025460891387892426
0.003354058104856006
0.0044350303228006815
0.9587262130441657
0.9994659595571465
0.027421177298514787
0.02306684174494822
0.061793427045632954
0.0646424471071243
0.040236218984683214
0.003442920146990658
0.003295098001594776
0.0001696087502981447
0.00012272273787350407
0.003955678631264226
0.015425074419841756
0.9996994608258706
0.9996567501027349
0.9996036929799494
0.9994710169060586
0.9997281032854356
0.010115206574454527
0.009291588526381123
0.000336058824660479
0.000501272730811908
0.0011849190693449252
0.0011721826729794715
0.38506778743087855
0.9964714386891783
0.9956575606441145
0.9956896129713922
0.6543395561359819
0.029776204648108928
0.0035849729959857024
0.03043483134756364
0.011971675704120277
0.9742302606248381
0.08223275304634836
0.10870599739825015
0.17543833169810497
0.21552740793824754
0.9807044743494047
0.9639206412293002
0.13975359889269912
0.887146020821944
0.013499345762786108
0.007798501564373006
0.00029754293995165604
0.0007437158325006576
0.004884003424997507
0.018895422759219183
0.07303635556001598
0.18971185047786898
0.9635169310045488
0.06433228627149223
0.006810753108733025
0.0007842361442857992
0.004791494821607789
0.000691928436623912
4.0656113130976834e-05
0.0009289725018065687
0.034523032817003974
0.9874784453204661
0.9526567980000116
0.9353580796793677
0.9647347432005358
0.0998552648922787
0.05726921808981966
0.013416088597245301
0.00012219673075830606
0.00048252904066181657
6.873423598907635e-05
0.0015618983945020481
0.00013489358079554759
0.0058353639104073984
0.9999919867769455
0.9999885100107782
0.9999706087225483
0.9999995171543159
0.9999996155419788
0.005676743276708751
0.0002903267982312663
0.0015417001184242496
4.899497779142781e-05
0.00043907782718177746
0.00018792403227041454
0.003235632991093751
0.02797581268907612
0.06213348376825312
0.9837920561948786
0.9473692449586352
0.005083540333171266
0.0004459930014825142
0.00012115689872504998
0.0016603682261079333
0.005151501502311695
0.005743554718909749
0.029892920201149087
0.1137568409901134
0.9769918692115831
0.9381546094376637
0.14131842052939703
0.054890725258491924
0.0035748303377862722
0.0001792019182048632
0.003686123170517752
0.0012645680770384526
0.0029093854596586866
0.007418431939412606
0.8168732978304214
0.23366136260110482
0.7085552177028578
0.9940966022449174
0.9741809376869495
0.08113327007908566
0.07510844861568566
0.06156204629011741
0.0970590528877513
0.9691917665703658
0.9773665957080779
0.9834956128984422
0.07758983622464732
0.07453197788323485
0.03733829231710761
0.03711963657414963
0.0370108050107133
0.4988634574457045
0.5134537419688203
0.04545653039705899
0.05796861127350372
0.9645428470923203
0.9619420032366589
0.9999073258719046
0.9779406731135504
0.9770267927286965
0.058121138694611885
0.034448149468685574
0.00023422725188571025
0.0014572741984010262
0.7709213029038283
0.9603498035747283
0.8617000070369775
0.9573264790609624
0.9510354327660302
0.9914085608163422
0.008780140388113922
0.0022832990936060282
0.0010793855294557453
0.011783640842485177
0.00984186895314898
0.014811404885618717
0.9998089410161816
0.9968250999580295
0.1361980362503723
0.2912490898820981
0.005258840974737389
0.0034344284614459264
0.004645544914832711
0.008964071520688899
0.13106666388068589
0.09204281618353272
0.9990734049153308
0.13215762541881682
0.011140331097548084
0.0009581857364622248
0.0003655628603296268
0.004287934209168287
0.9995550502428004
0.9995800048931005
0.02059437201369685
0.00036970476924791384
0.0002883089822135476
0.0012461051699343972
0.004698152439286174
0.00740148426963072
0.9974700842158917
0.027352731869163094
0.030981486022785276
0.9995739332287208
0.6773785484016626
0.6502602596335383
0.9897348039120527
0.3846024633584483
0.37457720832640673
0.999732208524899
0.9982956498135651
0.9971770709040895
0.9783655033336375
0.06001501269411935
0.052071472173882194
0.035474217718427625
0.017976036995961953
0.003914511200156068
0.0018147077548175128
0.0009396826161450766
6.854184881588399e-05
0.00012308229963053918
0.020578423083703612
0.9997062779622443
0.9997037888772466
0.9997078406775316
0.004082154385123937
0.00011965081630282981
0.000928802783415561
0.011072192428742578
0.13814769979910124
0.993791715599152
0.09434674970418411
0.1271983443668091
0.5622818715011155
0.4463695924009625
0.0011513404522696113
0.0012199514289369384
0.004316446406336993
0.990335900467241
0.9964239041231487
0.9985932690293206
0.9986073249537081
0.9992641875729921
