0.8871142607926021
0.5156453816006965
0.5756848528017159
0.3111971935996001
0.1690036541491472
0.995933504431709
0.9991032857404786
0.3278225981911598
0.200836443875128
0.1275932763928972
0.06030712888326706
0.1370400314217347
0.042494842896972806
0.20408603712187323
0.744950413991345
0.8509159735533164
0.9316392350429873
0.5254446127995944
0.1718494387115448
0.12948717155179834
0.04554422829781024
0.2141728280703905
0.8113026463277189
0.9439179601214192
0.9429092652210983
0.9468333116439568
0.003681831085772136
0.00025761867904461333
0.002830280892148096
0.12121121836297377
0.42465904121381437
0.9441850872738191
0.18150031872483763
0.18166224899537842
0.02047293317039156
0.030584143956837506
0.05421156284194284
0.7550725109602134
0.10991834018990043
0.3315824876529996
0.6961279346605138
0.7313190039044071
0.007790047126459476
0.011033208301820308
0.1308452374928153
0.006610054811197141
0.49949939812060373
0.311568018155291
0.4284637562086404
0.048744415748648295
0.026326315398321087
0.03571485599667423
0.6267216855304873
0.992593390947389
0.7915121345361374
0.8632280481580851
0.9565829471199885
0.9929599526383165
0.01743129485372752
0.007699024846818503
0.019764725377872217
0.015073205685966373
0.9940615195634772
0.9924704995805761
0.9786664135284778
0.977765368922188
0.016977136016661953
0.0006243692096034037
0.008231307519356745
0.002002268701443599
0.6832824139102079
0.5282528742261583
0.8530554482796517
0.956380977699579
0.6188370304117892
0.021254933240999474
0.019580802465756775
0.014911826345919699
0.33542687728393117
0.2775502349244411
0.07749529420491763
0.03862886246345043
0.00654734465348894
0.997762701229155
0.9979794241690524
7.851068116970783e-05
4.662432777535752e-05
6.73771033966597e-05
0.004378060099619052
0.9723264298403362
0.24385639754839172
0.010952172452751596
0.7538765247359873
0.9996352996386669
0.8918174949551934
0.9999385821750055
0.9999538311943102
0.9985600995387347
0.9970885241714451
0.8953945613813743
0.7517789486287462
0.7662656520715125
0.23942918301556093
0.21482518589298238
0.9999029074637499
0.0042688707130296155
0.000326656368616729
0.00010506249718222893
0.00013451794412355778
0.9966955576542597
0.9967668488327562
0.001810876553634544
0.009193456291187063
0.04991330699314045
0.2486529856714137
0.933951765018695
0.34311888052200124
0.17791467397496197
0.17166307707625061
0.4519142146867954
0.6885140625197883
0.6398751288858305
0.6838932764367007
0.14258330037086597
0.13045506804983853
0.68689476614086
0.999397538139035
0.9993096520464154
0.02557062846972602
0.019884871773681922
0.020503334329258882
0.01394220460105533
0.013027914876673874
0.01714495459463805
0.006749367803387973
0.003545374360887421
0.2531655111494153
0.9981098085324437
0.5301905908372053
0.5239069526490956
0.9753569211985871
0.006127246709145773
0.006017095450626786
0.012060177924553162
0.990631835397216
0.011075800355629606
0.002140467731661211
0.0033873062842457724
0.004747823316872957
0.0115603439406049
0.02846743407136787
0.09481204010695277
0.9897826677578546
0.06394173800136194
0.1820178029027909
0.9656602561931168
0.93524910580471
0.40413541983964085
0.05024790431074466
0.004964302630774964
0.007833570092099507
0.005611875348117024
0.00679296350696712
0.9989278616252126
0.9974065721215148
0.9928958252560874
0.9909952686078942
0.007908664270611987
0.005566231813695421
0.004715499215334318
0.004419039953742265
0.02239314663428249
0.3823741121573214
0.17273124042479315
0.15173252349802857
0.8930084493552586
0.9951491443850192
0.09052342717894435
0.020708413419533223
0.011750140675657605
0.009585407467755935
0.0012691206342545502
0.0034234026524940786
0.0146912871798488
0.022470981231245357
0.0008437554730702512
0.008675758213995022
0.5225379422729576
0.518893172959743
0.9907041609360056
0.9997957347796055
0.999575478057931
0.2749888670028806
0.9992870587381638
0.02068151125737816
0.011865935012826956
0.0059241799317506505
0.0014671097477578776
0.014062909523882117
0.010536895984419536
0.02305202694425046
0.023101989484261454
0.9831833141219156
0.02042675060505983
0.004822064535182857
0.000649174379571904
0.0025473565087282823
0.005998028455057036
0.0032860977496629307
0.003224206738630886
0.000956106166342563
0.03759874598651447
0.35384743180900236
0.7838518989028123
0.5958243252205793
0.05599769737799065
0.018774860206407507
0.0029538453097517348
8.231970958061385e-05
7.222739292478408e-05
0.0009929775393059392
0.0011530289321054488
0.024723343458974978
0.6444976528685475
0.9683228212037015
0.9764898466338574
0.9864332080642526
0.09138058189439302
0.0008518591441327716
0.00038654271121607575
1.9788031748291246e-05
1.1641701526454717e-05
8.645772323845335e-05
0.00359355809967421
0.0150245148330036
0.9999986859907655
0.9999994733970501
0.9999994199840588
0.9999999999696092
0.9999999999109597
0.009662742892651566
0.008955857809209489
8.406565292284895e-05
1.0910408694164708e-05
1.7934101230743238e-05
0.0014768509012582642
0.005408455028205972
0.0958986535362899
0.9898294860276714
0.5763164218284855
0.024876262412433237
0.0006572719560916651
0.0008503380745898959
1.396285832888644e-05
6.454636904773547e-05
0.0030046119364695034
0.10958426475002025
0.37677712129747054
0.9066381946137035
0.6816106623069371
0.5957401802433845
0.1375518648068601
0.04191459696190958
0.0017923107661198534
0.002254416034774609
0.0020789222128814178
0.004949816904067039
0.0019125145086893447
0.000877478656972297
0.010595290176824701
0.03384606156231329
0.9884410887962849
0.19658023545058378
0.14641597452306654
0.035686195082604955
0.0829277601825229
0.02417800604960263
0.021257353118775968
0.0025429147576107036
0.9749410887096918
0.9973402778836514
0.9997304350493819
0.988136322492137
0.06577750910362923
0.006642738247280122
0.00019674061010555022
0.0027203095064106675
0.0019443433108019548
0.0027937646972243657
0.003398698002695655
0.9580115649684195
0.2361078554208973
0.9999433019645602
0.9998694771515889
0.44068436100788955
0.04473611525891008
0.00025215253419652583
3.3800582687981695e-05
0.0005141697875310491
0.00015355118434656756
0.0015079185253517036
0.0013505177053750872
0.0044141438838289915
0.01692776565516141
0.9961395658685619
0.022087169173401144
0.00910058805883518
0.017783688870138592
0.9824565341127871
0.9777014704375323
0.9951976515448397
0.9999384771957033
0.9999995136512556
0.9958785353502616
0.9789919288045689
0.9671080833264692
0.0017797776694640222
0.02392506143096007
0.03289951151892456
0.9975857339410191
0.9996586572877977
0.019271071791320038
0.004208506904700426
0.0017867584885427057
0.0017249832744794524
0.00015225737667878825
0.0005612059729696028
0.00018826954159290032
0.00045915269893626043
0.045516389387556755
0.447084555734942
0.9903470106503844
0.9967493816884078
0.07804674721660099
0.0030849922160549603
0.0057426108143120436
0.0016109654782276994
0.015489240650647051
0.997406354476193
0.9974351924414544
0.9958595398996031
0.018744624377077024
0.00234960656912353
0.0028678666478951786
0.006144706408038325
0.07483575706060974
0.9849352153039829
0.9975461993243686
0.9968187567784996
0.17654291852240167
0.9776727095337082
0.02225284324932053
0.0006808807472182821
0.0038769230085665685
0.0038752582611270014
0.0005017591704074009
0.00023368489349373522
0.05946062319394674
0.9993516093864931
0.9999349348074298
0.9993860321926122
0.0018622124652143413
0.0009977690060382072
0.0265848017031739
0.08593141041165508
0.4988351540467274
0.5344619320232376
0.11802483146251641
0.16545359196342768
0.9156686413204858
0.6611438907988387
0.07517170978319099
0.010368810937172568
0.004575025647874709
0.2896596050324408
0.7418842175525877
0.55809595942958
0.9302259131878065
0.45637232638386294
0.08209703655586309
0.3169273649457379
0.28470421485519026
0.3168320362107885
0.9861671507995569
0.9988049658359237
0.9415266563686618
0.8054259849219436
0.1490191341980811
0.233332115248564
0.1951152277656667
0.6062429164990741
