0.9950648269137048
0.8643918431606636
0.2955694945479047
0.2886508803813084
0.43033320552040466
0.4575111985821645
0.8515897010344364
0.8658620604771601
0.5538236226967705
0.5520918800752269
0.6335361242400686
0.7361461333102992
0.30678017276644975
0.17000118992374358
0.14152401646408364
0.1689722517066614
0.9832663364025894
0.003191740705906887
5.6992171084013776e-05
0.0005367957705987303
0.0006426911705156302
4.422409404181149e-05
0.0002748970645441995
0.9986697074620596
0.00371016972028948
0.0007049475471924138
0.0011221420035972818
0.9954176608229103
0.9856017684486594
0.987937798246961
0.9987540058733804
0.9998696367069433
0.9999815065861489
0.9999999658676721
0.9999998526400513
0.9960911654432258
0.9641585695321471
0.9999997681189815
0.005030146204723307
0.002667948521633323
0.0029036473895583947
0.0007361378614288983
0.00047131110701259527
0.0006261798906047611
0.000544121260791397
0.0003041186227387138
0.002970703218848625
0.9861351298396676
0.9796725050524973
0.15059050032579446
0.17359605800943767
0.22035318768340406
0.28445305480284777
0.9569883175520152
0.9857711476320276
0.978825710442495
0.39962175835650926
0.32911551656318794
0.08137871729692758
0.16611186273864442
0.9946928978976072
0.9984220487330879
0.8909154289692678
0.7649278331230188
0.3587313274580024
0.33905295378323397
0.134213073614315
0.07238109353308553
0.053427253380359474
0.04747315582384448
0.0434662987521246
0.05612267082347777
0.044502737030762685
0.4933346805370782
0.4277433935578405
0.4116194447580982
0.6489922473797485
0.3160897284955735
0.7849707213450128
0.9913249343470979
0.9961203990740378
0.9943242712635297
0.7207345124345053
0.4463405583858696
0.6469392974720063
0.5860252050029182
0.010482496019689425
0.04429438303640976
0.0837405863680547
0.30718623266702105
0.5268342412964433
0.7913852848027055
0.9826060582114517
0.9125275992256917
0.5877847044484374
0.5729052850758665
0.9278923851994828
0.6370477857149098
0.026555731344595768
0.028948233506407517
0.028752723651569556
0.04577031500148798
0.32089123801530495
0.6637140619243785
0.0846854932600466
0.06104662955340712
0.1009780632219971
0.1224727398474047
0.23644427112337874
0.4486206553495087
0.9249741362061064
0.984196151701987
0.9406100630585682
0.9675844424399712
0.988829822044265
0.6652750526554945
0.6963440176358104
0.6389834793550491
0.6458627725646546
0.14768181873693909
0.05149581773704326
0.12356026281189103
0.10000408608565337
0.09777699660963712
0.062120273611522725
0.7425771526954215
0.17409223794510864
0.2437784130056181
0.36268533424666405
0.3454761668935499
0.2678465918900734
0.9246225983679639
0.8863926358292785
0.027194449918778396
0.26942659719193096
0.08448956224451509
0.034304748629545245
0.14439235913352577
0.9780946343269444
0.6993267642135039
0.6228342356705082
0.2140778472823308
0.018259360851198503
0.007360965708538503
0.10028922626857228
0.3246914392224589
0.9912354207870725
0.541448106779179
0.3837910375447542
0.3785319441194843
0.08285432585037533
0.27573610451026365
0.2066668095637203
0.552606124621331
0.5732362025035024
0.6016418902640848
0.5041188499447948
0.224947988400504
0.10941720446995074
0.9378968103519684
0.18710148777879743
0.49174192344961054
0.04367082035115111
0.04309730491471797
0.014488448886462502
0.03581956290804711
0.028349009864468533
0.07012778942509734
0.9782454504750997
0.7385998586012881
0.9981832584828291
0.9457557338800607
0.01808869328652385
0.006469218424404399
0.008269245025481098
0.008309786685296361
0.011223016005291075
0.9874213424717543
0.020094200238495397
0.04699715930037229
0.010196960657111065
0.07168339932677281
0.016081983230692765
0.0015836528333860178
0.0009441614119164443
0.0010148347657812362
0.002430026511188843
0.9459135916073828
0.9623165584652396
0.9773380646012998
0.9738633231147487
0.983446932269226
0.9415254969367693
0.9813404526231779
0.0033468859340175516
0.012517406320773028
0.01568307011954506
0.011918245983264297
0.0376862522605661
0.9912089686709951
0.9748676276799062
0.09054337190508888
0.029765044319383427
0.0329137553292016
0.000981267909441308
0.0013014940192263014
0.00176846076484094
0.0025348701977999655
0.002427869748704903
0.021832341963522572
0.9918973454151456
0.9951835229472714
0.7577852059022242
0.09101316419444949
0.02267918685492376
0.010181527226463594
0.01759389559495972
0.7034079613314099
0.1936888652542157
0.2204632772803855
0.7418196402146247
0.7527659884651637
0.645021595939391
0.8973519667052513
0.8670389085536809
0.754995868682844
0.792941839143096
0.9808597655190465
0.9956521983213498
0.917808787892387
0.9192712661103281
0.9156416334214212
0.9938377773891196
0.998011749073
0.08691567029402592
0.06650292255523471
0.04188180678657483
0.051626338273624506
0.06619106144039744
0.09403920415527944
0.3345337019863619
0.9692449363815223
0.8440774012025029
0.06346869650112297
0.053359646265229155
0.02605684761617255
0.01686821891496637
0.08185995399426427
0.973438991734804
0.4482510457314961
0.36164939553532105
0.5152414095201088
0.9935787383708843
0.023660535840004382
0.0002761323867862542
0.001249092401745755
0.0016113075945815014
0.0015163984689000598
0.00020301272119760405
0.02473586858564203
0.9981742850843689
0.9991392119944901
0.9992615657610153
0.9999714132120118
0.9999831628676934
0.02473204460133216
0.0002917829813516848
0.0006382607247696903
0.001576018061937079
0.0014242503980704813
0.0003815564586486797
0.026701445055824724
0.5986652847694369
0.4123933788483417
0.3672274555757463
0.9855391138793348
0.9979083233115356
0.09557016025392873
0.03554314962380756
0.00948720939852754
0.007260886529549371
0.00837273331293864
0.08511931513565973
0.005600941317000396
0.0014299674988194067
0.0008044598203247322
0.016040777843250087
0.17824675763423758
0.7831725823329148
0.26045640941153647
0.2033453973649405
0.42109539910734317
0.4799700861728452
0.40788725797025893
0.27061451723432794
0.6466986637913003
0.34711547877879567
0.10942020514733941
0.22527556308775032
0.37778484592471895
0.8147441612385472
0.7105913184864582
0.8388814421665488
0.24474913022747458
0.3628593764129884
0.6108717842063789
0.7743427307370789
0.49029847067158294
0.3147836674834663
0.12415095316507274
0.25526265414635396
0.34908312191427404
0.8340856466312496
0.9893980777369112
0.9910796848915411
0.8192817833413316
0.68726549025317
0.1826525824595776
0.27684294557811073
0.3381042002825999
0.9781993923449301
0.20706982852862788
0.15939119519894118
0.1417133623972595
0.1427108001135785
0.07982443904683045
0.010951923824982668
0.43907681919866615
0.5342551643905153
0.020868621578420732
0.03807864919908621
0.04326679315129145
0.6600219101492928
0.9814154496736348
0.9906349941784345
0.94557501646646
0.9341449580857346
0.9145838989646542
0.027339649577672764
0.007690808064651167
0.01160079162143779
0.923367397001274
0.9354497432106778
0.9988519854658039
0.9989648051173866
0.9997180515926207
0.9923218749939114
0.9849932363711049
0.996046900048461
0.9980046208156174
0.005984462793986345
0.0028466754846853126
0.00026988660303883805
0.0009928091090626312
0.9970751039817586
0.9977358286021505
0.9999669811324615
0.9991523569716316
0.0021826226420080808
0.0015333789872149506
0.0016515946403558024
0.005039962745162052
0.997020968460575
0.10660918254706997
0.03300126186747232
0.02004169070109174
0.07020326745884686
0.997306644101668
0.9950478429655399
0.991474775311712
0.994186233702024
0.9905149131512868
0.9832238750373805
0.06033428641502059
0.009933900603933399
0.004913481145395249
0.07390231859938712
0.994588987692211
0.9923437555638863
0.9605933384355939
0.19154893753691504
0.17539275768342388
0.19601680664476173
0.913480770231111
0.9102074334837414
0.9518477612130353
0.6296104338960362
0.26819468559652393
0.05490068665978065
0.05196924093785904
0.16910351415054448
0.3852401954590343
0.393578866072977
0.5481553936060852
0.6398480108046987
0.9698918412200104
0.9798138200641371
