0.7567341306377497
0.5061483006822478
0.6221188777246777
0.4735862831602242
0.8164046011666916
0.7023197647639206
0.5265837741756345
0.8236050536845836
0.878248789466806
0.5304949496234845
0.39244247596714554
0.04160896066196851
0.04687372067598794
0.7638205201338636
0.9801694432563496
0.9960161757965106
0.9022228361500666
0.3487462140414348
0.20103017575798154
0.3285117496473622
0.15766093635598755
0.18302759704401006
0.049645356796464646
0.0795418004971239
0.9865747434159531
0.8523588043348558
0.42402102580962964
0.26389778201090053
0.011977341057135882
0.1450187061117867
0.1552992969915914
0.9106527426692772
0.9994428791133452
0.9984699778899985
0.2579884263982196
0.1567531162331779
0.013189254034592923
0.03792959867347634
0.3521016027395404
0.9853177686357826
0.0929356350792927
0.016232415103802134
0.011638568726554221
0.04878038063777579
0.9103143598950205
0.914415655443126
0.9829545803952382
0.9409758104723194
0.06238781139835925
0.03274579293078461
0.035174674646963666
0.13263358091281852
0.9534906083941546
0.9381549997222114
0.9646976178581078
0.004673684937565592
0.0001431514757037622
0.00011152506778355775
0.00015450307562825394
0.0003150417344097711
8.59375794410866e-05
0.0006986442703288409
0.9995877058280231
0.9995822191840331
0.9995882677284783
0.9996565321051846
0.9999947992252837
0.000495252694491688
0.00013488966603902863
0.0003889062098086926
0.00038468034856731226
0.0002978242435880407
0.00030222941457147545
0.003716165188985432
0.9554866409406267
0.30932842591697396
0.05365504620399386
0.021049857115273407
0.00019763672445816116
5.4502544053591784e-05
5.603979518287172e-05
0.0007213512815249512
0.0003986456301712238
0.01330804135955499
0.9958001963194059
0.9952418768063452
0.9999965824006602
0.9999640435513738
0.9999644791856654
0.9959977045420327
0.9909971016681566
0.01755181383323834
0.00020525412732297355
0.0007050628261248137
0.001520769308462122
0.0013329669196149307
0.0015064149262038473
0.021652060828897923
0.05905078090834481
0.28154633556871733
0.9310141537984375
0.985268550577224
0.9911665086726535
0.2582989828842338
0.2561183852324904
0.3004270677059513
0.24366126860819148
0.25472258029114214
0.09836603529683441
0.6083157651804808
0.6519833358152187
0.7170193828704485
0.9842370931977065
0.9297616317019107
0.7529396372160002
0.7956510485311429
0.2323800399388869
0.18536863465290443
0.00589922374498375
0.003326232190409506
0.0024535443389966938
0.011219071976724004
0.12234980457562472
0.7714668545595684
0.973589354422031
0.31544388344413254
0.0734870716892756
0.011872341902171235
0.09875930807102695
0.7294104657350349
0.7216409296927526
0.7391474260950182
0.17281459452401315
0.05706154953636955
0.06354400376324987
0.1965868171487728
0.990655379379394
0.3376775732322669
0.28994368609543975
0.2561361785291605
0.16713250923944722
0.16791191546129625
0.28133485196149866
0.27123185430243557
0.19124699302676362
0.17432046832062387
0.2592947642507435
0.26321016001529496
0.10590711042870637
0.1090567990857062
0.6649529911038812
0.6849773391001777
0.5059137195046447
0.31983897526517857
0.29902316830732645
0.25756873906331756
0.23940197365037785
0.09209562839781282
0.28003726796963346
0.4857290249051316
0.5018606104995665
0.7756508469271642
0.047723238692183756
0.04632699483071123
0.027681602216789614
0.07887653353425561
0.42322730017632215
0.9756745868748797
0.3662074237494666
0.2843893243582819
0.8381205098577672
0.22692369053418815
0.07786368490025763
0.09833260674432498
0.6338117527437257
0.5746616761031288
0.9855803269413844
0.9972644831591824
0.9952834565343587
0.9884696835623699
0.0046514223731899396
0.004443450936753357
0.0010376790904842448
0.00014448463820004864
0.0005712594947772098
0.9994281883202796
0.40062791063138503
0.9983810393461362
0.05255675520844283
0.0003055769014455034
0.000867762079889145
0.016668442042069187
0.015363152947507674
0.0024019941399658906
0.03860429274145105
0.9915105744491489
0.00636905287869205
0.0010017360787666352
0.006144579127240646
0.09416011089804455
0.9729128704548651
0.06341935481850725
0.006001644837195341
0.00016566487277303032
2.9396301261308544e-05
0.0013546229696752565
6.355693192205969e-05
4.6783092961466544e-05
0.0003740789783106546
0.033097204240830735
0.9821385053557231
0.9695410210142997
0.942023525546273
0.988438992547789
0.141528062902181
0.0006249831539468786
0.00013038307351898037
0.0011903025458277483
0.0009882056442012122
8.988926036568312e-05
0.00034452867280876376
0.026740713771080227
0.23778978988318744
0.9999999709930428
0.9999995888536708
0.9999999867675399
0.23778984166193584
0.026738868650347802
0.0003467911530936618
8.982379914190819e-05
0.0009882217954506611
0.0011901449860834967
0.00023552849284769195
0.0007077548270765233
0.14120904877845997
0.9999951603880574
0.9000027322401241
0.015390349099592804
0.00035086817602791864
5.431280829815144e-05
6.642102495957314e-05
0.0012963056601493772
2.9290001597903625e-05
0.00017702023362609065
0.02307696359147904
0.10588865931027813
0.9823879950861648
0.9561823228527808
0.06779748712285183
0.014343752932498788
0.07744414755736684
0.014539912166335323
0.9293542195697904
0.04703089865082288
0.0029627525732003335
0.007092367363895957
0.8769523706951136
0.9796391577017199
0.9915287261794461
0.9543192221749361
0.0035537035256024696
0.008674144309517073
0.0016164188504621535
0.00010613081806642999
0.001954649791695795
0.8997164607324093
0.18334157376851967
0.9997586359567474
0.9995461008686237
0.9918263361768395
0.06497620088276079
0.004035726777456117
1.706505939236269e-05
5.8088424765845303e-05
0.0005863462060123892
0.0019293454268768384
0.007617379324726836
0.0033609357340957935
0.0019319896411418291
0.0453577218780985
0.9999792097775039
0.3642483807165626
0.01607952858401751
9.593440247168683e-05
2.1968078073864028e-05
4.904899382596195e-05
0.00010882838306791598
0.00012995113910829748
0.0006817538164171077
0.013682349131080351
0.010836996564689727
0.13643468120455937
0.00736132007139545
0.001158949497015338
0.06239987594085972
0.31956462086567616
0.9991162735290315
0.9999991035608968
0.9999997236485639
0.3198241651704281
0.20500972487739832
0.001371116377588466
0.000542570870941339
0.013776644900689639
0.39765373083721856
0.5992686948746724
0.9917096910584773
0.6213157459772662
0.40014422980030306
0.0007157791024966498
0.000136383166364773
0.00016396829319154094
6.350989550929498e-05
2.6758553772432414e-05
0.0013458526509884106
0.019259961319148755
0.3593596561930953
0.8699911270259413
0.28631990443626176
0.03372373217989777
0.02541817196042384
0.8436499242510354
0.9609187969854941
0.9582043828412209
0.9868649963730479
0.9839121621779443
0.8299921069082132
0.10417077589715384
0.03763281480756908
0.1533228465709916
0.9860626129273581
0.9956512584391879
0.9941399885352621
0.9916130805142291
0.015306269357957203
0.008577138025475217
0.08026335522443806
0.0027274852205595446
0.0018018691183971924
0.00019930999231465574
0.0002814649777945766
0.0001850821476225839
0.0003431060663983132
0.061472427686822595
0.9996651973718773
0.9996716723203372
0.9999967669646104
0.9999933107621851
0.05317151314982427
0.9684409917537347
0.0019241741583636562
0.03149771541982349
0.00014413123820300466
0.00013639613509519588
0.008733217982373032
0.9915035575293211
0.987230038621614
0.12253280526827481
0.0016702803086369178
0.001471598913802774
0.05198498281386876
0.9991080273902772
0.40374768317761023
0.9956276866412681
0.00116456870301207
0.0008204916671602502
0.0013967693787473312
0.002572421925089885
0.012122685656738241
0.9990328677174085
0.9956122701137464
0.9509658837626914
0.8879301576191256
0.02676510962791978
0.028309072825507986
0.31762136006432873
0.6442476481333625
0.08516795518083164
0.11266502372049847
0.6378602377287326
0.28998593262195616
0.3726185012492217
0.02875979851348809
0.013191276346448899
0.08749642072519614
0.7161830287969548
0.9661552443456571
0.03112356388252202
0.009200891532358146
0.03578111313837229
0.03415080729721387
0.9921051328123875
0.8495941627264539
0.9851682538275215
0.9990496819209401
0.9628153506932959
0.9618987950769639
0.9583316664426882
0.8282533116256443
0.9462622666212205
0.03052925338384005
0.033941218411294716
0.04083506762088396
0.032381602497606465
0.7767203221527571
0.7592337231944126
0.888296577972426
0.9453060517500341
0.952907291802802
