0.9861764438333839
0.9722075394337103
0.9907636308830023
0.9982172977395332
0.9965024960547089
0.9958020427849047
0.993680413554549
0.9781757243461016
0.180276781635062
0.10096462266524264
0.05327849316819633
0.024381024499439796
0.06943322678459607
0.7313687228511578
0.14757050378936698
0.005275322181392483
0.0050200866525288435
0.006288280880790698
0.00945661320593405
0.01375374437683452
0.9860878932586548
0.9975323376978465
0.028301088569303245
0.004669909945853701
0.0014701085710080442
0.006236722311532161
0.019059770299811984
0.03853446835895902
0.2127629593176007
0.9973994045290281
0.9216929277159159
0.9879645534593621
0.06063699908670084
0.0018072614994478764
0.0007845589862043312
0.00035991101018018057
0.0010418121779021128
0.0015131250882831626
0.0712281973627179
0.9979615376677288
0.19087715623628487
0.11684912449507667
0.11628584543829268
0.183296542906771
0.0022314015171380763
0.05086294703239336
0.12386457595671452
0.10174708779607711
0.9930722682547928
0.024699622689326017
0.00843387403985607
0.00523306947026736
0.503188544031383
0.4993544513723889
0.0015222215910216663
0.00047732862924065866
0.00039387388511347154
0.0026586166763812313
0.006675174632947201
0.06360346578094134
0.0022318869434362343
5.432640736346972e-05
1.6443366177454344e-05
9.989650472808087e-05
0.32649019633455334
0.32351491351664974
0.33710173540903654
0.013431785411656794
0.04035894675032392
0.31001958629930215
0.7710357226824174
0.9999705693949773
0.999993822556736
0.9999648849991442
0.9998011119222207
0.9999598681995443
0.9976439337929767
0.9991500869067768
0.9861576681736872
0.07089407189000807
0.03996816207728371
0.027620854088726943
0.0005724917136284979
8.662948520143932e-05
0.0035481144179188018
4.8474161487011e-05
7.33799863100737e-05
0.0068370242869142395
0.6986429796704374
0.9968035048920117
0.13000158449449495
0.10974227475336329
0.9623858566130488
0.9584797265929608
0.9918133345488812
0.9945442677317793
0.6613476812031466
0.1475025287921261
0.46677418639529533
0.9912971383516939
0.9912494975023017
0.985884183977849
0.9647974887177669
0.9657089185433171
0.9604531112744957
0.3636052552689596
0.005538298516988394
0.001542610975544867
0.00023354678409026608
0.00047329073846791303
0.0016142273484806013
0.00445738760252512
0.006640253691102438
0.006627985992112451
0.022760432725485003
0.9078184655669048
0.021746596280247887
0.1197620445259282
0.3479979527635604
0.4679413931789277
0.9514158130800523
0.8866734138506356
0.8879626559127984
0.006380006930160054
0.004795466965919926
0.005516462446518822
0.0070300233432161185
0.061808285902455906
0.08455835431058112
0.41101497366562467
0.8956986896729652
0.8817997519728119
0.7951344180321027
0.9362763208628471
0.9836390262783655
0.9278293806003114
0.9958882058625357
0.26224593626953996
0.07852828266368128
0.04762711757408067
0.10776868200619405
0.2848110132520101
0.4160208662764481
0.0167544403308878
0.013706593570373182
0.16600904453782284
0.1747894137195819
0.9595666403974774
0.9984110888514104
0.02929747832571228
0.025000842794859812
0.05187331307850973
0.21145400174609164
0.9997380729707975
0.9994406994404461
0.9995889074768664
0.44143037749808256
0.1094185254207245
0.09646309761122418
0.5225555461741698
0.8414750597081959
0.8396669319957843
0.9388756656189445
0.3928950874867887
0.40655942409680057
0.05490287292402529
0.5101712419525501
0.558942768740678
0.930025003385515
0.23546593783762348
0.13054515989601156
0.013633587539113368
0.03156538815579546
0.9068223383936239
0.8603167425581622
0.02295830399472698
0.03515755141115817
0.13572464079134305
0.14097712338756774
0.9962596265867496
0.97468235292055
0.8795120767001638
0.8410103168473555
0.7868038266576036
0.8857135636200658
0.6719224667222532
0.7817452131111624
0.4443119951579142
0.4418598549468339
0.6311115243209338
0.6415594816991654
0.4772066629084146
0.6898008677032441
0.5920166028148464
0.871837134905191
0.30309085479759557
0.01741368734633164
0.04201415307295531
0.024922858748994692
0.2518393379660805
0.25944167181478917
0.2621332060745757
0.9773597752802683
0.8480589690861624
0.7003115130879825
0.7633375246205899
0.5476941819251105
0.8006432338864257
0.9034004618779337
0.9911888949126062
0.7662111748869214
0.35980087756509216
0.0754796447149243
0.010770072039743894
0.012262582028218505
0.3401253126215451
0.4681997065909229
0.9747489711101823
0.9788889626684059
0.08817977462809701
0.009672522013763118
0.00039666234247481835
0.00033792435947432864
0.014550373507097203
0.9997659734959732
0.9995671718936847
0.9955598003861753
0.9977299872132563
0.011706735468536844
0.00039586179412209876
0.0013037358367706808
0.0010383794914633482
0.00023934419255156048
0.0024807104256210355
0.33589454030045873
0.6437046788904934
0.4201312759998005
0.48004064415021985
0.4869687238277095
0.9999830680707901
0.9999958789860297
0.9969788014236519
0.6797159837438307
0.13737432563050256
0.4799104589473001
0.0723155030860777
0.002459783778236191
0.00025029062955683745
0.000882058683824849
0.0011062124245400096
0.0004276495839091732
0.006650560600135358
0.9997871475339509
0.9999030611731737
0.012885589818340981
0.0002625546104695342
0.0003027220154284693
0.011568709136719368
0.0981741536765307
0.9957881420204266
0.9967399076632513
0.9631386730886912
0.9506037450973386
0.7995552695744714
0.8478428779533322
0.9981737990572652
0.9967570556401462
0.9740409843425883
0.9660798375827333
0.821514720132676
0.5663205920902685
0.5731660061939573
0.006935651150068223
0.0037995493827017723
0.005761852939554113
0.007935640432040758
0.0019447339248206408
0.002035599103778929
0.9933867805937625
0.05925583775209675
0.027933538258213764
0.9993832486995415
0.07815747491670355
0.0029300624836483546
0.00030218363526490766
0.013880364731400419
0.15984920506248712
0.9974538588208671
0.9963410363049019
0.99612076998985
0.9958968770232361
0.1622177383225577
0.023203825916676024
0.010802277208811994
0.007612005094876473
0.07663802332585457
0.9861646476417335
0.021381026424971528
0.05679470614305837
0.9956734112405644
0.003638353184503451
0.004766553445095578
0.5026186618271731
0.5053647042080944
0.005127938770614571
0.006049464026434914
0.009187807444761775
0.08326210171258352
0.016589476572864692
0.17030804942421218
0.15324802073721777
0.21070853359754305
0.4471478874012197
0.8518692964887047
0.7633829116980849
0.6758627766703289
0.009070365529859625
0.00331222633329209
0.0016089107075821785
0.005015299874538193
0.2818801071853547
0.2038384062214732
0.38187810408717715
0.973520965506912
0.37564262618432465
0.29381465626032033
0.3171494934043728
0.05070941132837481
0.013355611335294504
0.004088303394557347
0.0005382443849945018
0.001119931362739801
0.0006704932435580568
0.0012846098913437132
0.1936293766809325
0.13449560716965603
0.8837468525792845
0.91412258090847
0.9126790373160117
0.9936499730944022
0.9987165369910501
0.9891586492143345
0.8262377320593705
0.9575091368508373
0.855919792140881
0.07011200946908858
0.025413462571240997
0.0060283385496519015
0.02898008245057271
0.06734994104771008
0.1896395517042221
0.19192534532684113
0.16649260415561395
0.22174763824788757
0.9898603797614925
0.011260493316199716
0.006911072098926385
0.019351583731587296
0.26145636446239506
0.21112430690537987
0.12094228047641364
0.4819467858108112
0.8729152071890478
0.8800836428070485
0.6230145666737781
0.4122573747835433
0.3793394185997099
0.5542079948387143
0.01203160823409044
0.007880716776291208
0.011252796464838122
0.5081137782768612
0.03416746398740944
0.3851127733403048
0.2771072622386035
0.6242212655066279
0.37282231908657915
0.43423498793442605
0.7955857628459095
0.89414080887494
0.8597390753706428
0.9743979765326649
0.8448209987150339
0.9066321932869223
0.8618005874553452
0.8475488875340668
0.8747247605206209
0.8995300266199738
0.9200140995905299
0.8924418562590455
0.7400856144881232
0.9241891533326704
0.8384873904247329
0.821586443072284
0.8469864552522915
0.7667041961221726
0.7758265684206194
0.7343512503444731
0.5478721021959378
0.011025044839712228
0.09475139946769984
0.14389392017056013
0.6460664595739534
0.31999035524754516
0.4981050641857262
0.5005191524192736
0.19935219719845843
0.13718177858096625
0.20497354128923595
0.702090197265094
0.6419072999546964
0.6506190443611519
0.6352819797313498
0.47605662720751085
0.23378993523981095
0.3026557613234877
0.822018655365731
0.8636863216126291
0.9458179432586155
0.8309492264939279
0.8436245214688556
0.7467860180985947
0.49807697628755143
0.21567799198256155
0.5898942370294039
0.5471284802757945
0.0647931723108719
0.20107275739443664
0.5608092067097875
0.9158379097735605
0.8879578330268668
0.9076849091350685
0.5644945764296032
0.17524727233736614
0.16700948404376192
0.2778130426974824
0.7477627660092283
0.8006002065637365
0.6150620504748792
0.6699768501624959
0.8068305985679365
0.5588838213974269
0.3185287659784002
0.10152894085844033
0.07657305002150505
0.08046810146445926
0.5457448803060037
0.5356218739222507
0.7707698089797278
0.7269615265800908
0.07682531354889166
0.3262462891799278
0.4138222325424239
0.6063357238657064
0.7257334328983409
0.7656244281269385
0.7754947630290447
0.7511180307694059
0.979343597978577
0.548303149234441
0.2846988848762849
0.027255382066627365
0.03921242721562235
0.05359482200928822
0.37094621420999074
0.9138881052588448
0.9694705724761413
0.9490757576620175
0.6894396166195034
0.010141270559642757
0.009021231659496975
0.9552635532914675
0.9594622956305098
0.014668491487504598
0.012614504232169033
0.02942167340436319
0.02386711381454365
0.03618082670704792
0.9981581315091731
0.977878364870084
0.501945512311647
0.5399513034790491
0.9629750459756713
0.056650523786045515
0.0020615898318173675
0.0014993162402340277
0.0016898090406191058
0.027366494722869894
0.028456903838618985
0.015211729190886425
0.00012406315340096619
0.0012029059374698559
0.0019901494206500114
0.0009843812558762988
0.9932542786896009
0.007445087451524612
0.006506340351912221
0.008557669620614772
0.9999982939317386
0.9999882258381856
0.9999362946770469
0.9996778898540132
0.9999993165573363
0.9999993359974821
0.0018111590970245617
2.4925608968828783e-05
0.0008171698129348925
0.9919294596046283
0.0027338486038410714
0.00484231805253299
0.008828755562577562
0.0061416300567416204
0.018656018069005853
0.9959831795250432
0.028195653497754547
0.0018783901865813135
0.0018574153580328545
0.0018954161999007457
0.0020794935415429094
0.2601210247638249
0.7792835560997021
0.9998492626194891
0.5266587928264805
0.5403366490370418
0.9991005971236403
0.031817264945308454
0.016206808856064736
0.0077126476598529115
0.008274652135365712
0.011349062895029016
0.956295165214077
0.9784653120275616
0.12048592223328769
0.12183969141023976
0.9102368438673704
0.9181602891023203
0.8265847402361363
0.8560268878724973
0.48976960628468647
0.4699108857918224
0.4598952569771755
0.5120146303144623
0.45999939679875135
0.4532691591291056
0.6217760548075334
0.9286104556097472
0.9897674111735693
0.9875078186492295
0.45939745652015995
0.19771081450520855
0.20734926002291132
0.263309164024485
0.29312691928157886
0.4012002911680215
0.25301169908467547
0.8291386927925886
0.03856077597032437
0.018073152116661384
0.005367900561069727
0.00014244124170847972
4.205935146905926e-05
0.0005061896660181198
2.0535176489144824e-05
4.416782425908927e-05
0.0005467978449563704
9.723031364272661e-05
0.0015812067689516818
0.015477646346221396
0.09335275739818061
0.4233720630717479
0.6964251490620872
0.49025412199232365
0.5759579896619454
0.9715501934229067
0.961858125200374
0.9406116063392057
0.8767922134227598
0.8513458819602692
0.8280071801871745
0.8334562337814889
0.8368581222611295
0.6619431124782831
0.08229856817328896
0.07979151382992467
0.09097325319791782
0.19592800653032516
0.5455386702884746
0.9358894275281929
0.947674476418176
0.6369451816732439
0.439023364800742
0.4566595452994875
0.07667054471767387
0.5912498966391737
0.15037455281386003
0.0034145406490486696
0.007463345905152408
0.06461129533823762
0.4253223410004703
0.9980105165447625
0.07593485863448679
0.0015739109043907407
0.005967990131348078
0.005713716741944541
0.01649754093158473
0.14052277577697625
0.9978252913946705
0.9980280435736733
0.9881490868426953
0.12844807528673852
0.006882434227514889
0.010372559249071656
0.006410886808710714
0.009143470401609233
0.14043390009486978
0.9569835920223194
0.1814878798625177
0.10657729373070535
0.10034346679235262
0.38833473450089373
0.13529969148620358
0.0932450082495514
0.015345359195002573
0.0014025691255766803
6.57663762307914e-05
0.0005427610900403668
2.436021634300012e-05
2.5430871694709367e-05
0.0005102898629940622
3.5873974940758835e-05
9.99533357024518e-05
0.002195722613404283
0.004748769937988895
0.008279469895158487
0.9544814145004119
0.992311962571922
0.47175692640151123
0.2384837106573784
0.8094133023100355
0.09599241338925579
0.04402633723362159
0.03456333508991927
0.07366347374668414
0.24191875306020472
0.47781641290967203
0.6935909693749099
0.6552924874831101
0.5154937561058495
0.5110908345541436
0.5343880887568496
0.12825764018350005
0.019527915201463575
0.029583446377021705
0.03395657775740302
0.03839378390774062
0.031087414565916904
0.029066179310608398
0.9871526298339572
0.9937376670733
0.99206004616074
0.9806007612171855
0.9596821132068468
0.9464092512248098
0.6534199584646995
0.4866917235956951
0.14131662217489482
0.060893040790233055
0.058953236618440985
0.12681850153522956
0.9971982272133516
0.9959857525519826
0.9984169888608061
0.01901960859664431
0.001216837328138154
0.00041587375778651126
0.002517300243075171
0.9839832755820879
0.988584549057375
0.9880303720108103
0.9905492253324395
0.9968983824890587
0.9962898865626449
0.9974530017471199
0.9998305293409991
0.999551244250231
0.9998231753287586
0.9996293136346064
0.00760116177394099
0.005983787745283298
0.01685908158491589
0.019595983191677546
0.9995760774260984
0.9978267540350162
0.07681888470151577
0.0014419839713545324
0.0009587255070994116
0.0003459047666251047
0.0017686379083183823
0.0022239222328374053
0.06728650539896597
0.999297016535472
0.9189015932817246
0.9995218116130687
0.9934000805372889
0.1982601514393043
0.4699973819506744
0.30983073485055757
0.2808067585979398
0.006245740526738541
0.001472213887055429
0.004318562813522719
0.028011094384024715
0.9998113157509383
0.145695561479962
0.0003425088275041954
3.030725906261189e-05
0.0015290670262680939
0.00010763819506232064
0.00031354877910194645
2.3807920222607137e-05
8.833101196481508e-06
2.2981489567475144e-05
0.0013417980286868358
0.003392823034532144
0.020091949201944792
0.9999941262068686
0.9999999075779282
0.9999935459896282
0.01992646545858512
0.003476639116849367
0.001424640323128168
2.2479496896155027e-05
8.83813344143558e-06
2.3813172010611616e-05
0.00031352988083210853
0.00010725026543134675
0.0015258267266575753
2.833454694350923e-05
0.00037866213774284674
0.14773812699230615
0.9981020598934908
0.9995316143469928
0.9975611997804972
0.06905334048099743
0.006250088474199389
0.0010996033811487838
0.007714534891508307
0.9998657638045771
0.0050073686975086185
0.0006269286137996488
2.1707949729443676e-05
0.00013067801527244516
0.0022679855502848456
0.9978695308584109
0.9988468925496771
0.9999395447717915
0.06208345827281214
0.011630857889988966
0.0028928352152580716
0.0003937161429830027
0.002359369138717149
0.9912257695039219
0.8973389854861746
0.9674265540671784
0.9731506015176596
0.9998681109472883
0.9991438228959738
0.9107172681735342
0.880891443244149
0.9066757364616486
0.9767844180759321
0.9984384073320796
0.9868558447449781
0.9275682306456462
0.9289621432561619
0.9024560361118027
0.9597855101670363
0.0025786429424871082
0.0006249017806737589
0.0023472527743441107
0.011200922718200723
0.0609064327767086
0.9999874306177373
0.0012528564232540118
2.3577134638519404e-05
2.2296950979439067e-05
0.000628426710796659
0.0050027196177193645
0.007870390608460731
0.000979498879769669
0.0031486666883062675
0.06596816597540167
0.0068421576692916375
0.00039771553803269466
0.000508616708902343
0.00022415117936835927
0.0035985105539914075
0.35201994903494227
0.9440901523564068
0.9434855710976191
0.9329056534282856
0.8833269886909447
0.9763956801671636
0.9774412154831308
0.9822369277432145
0.008451532993464017
0.0029955925830233987
0.004238872657815862
0.011653020726912766
0.027583651080264615
0.14072804819052276
0.6395314531655127
0.9989699527025334
0.9999631402428855
0.9999843469708362
0.6336363544780016
0.13984064761798154
0.025340477557546426
0.008700179515441109
0.004679327466261318
0.0018430325619701593
0.01482755899879884
0.9728200531819028
0.8002268325908356
0.7382640000746543
0.7358298707587718
0.763788062585084
0.7860479105033316
0.8736469690925859
0.9502007192598527
0.9329411200262755
0.9077292183901524
0.1500409470000248
0.033701360744157416
0.009159900231799023
0.0037579574911512648
0.002513352145079528
0.003336710074781424
0.0053294336203491
0.999267979411115
0.9945550232982662
0.999924642170335
0.9982847504310962
0.9979430085413165
0.9950148563214072
0.9999398844608767
0.999959357537699
0.003666647702507686
0.0015637243221298114
0.0008032805367633733
0.004624296297785935
0.00928856034496306
0.03387063096117571
0.15757090292214082
0.33774822952762107
0.3390293265984382
0.3381708008291001
0.3370371164486803
0.30823323892995047
0.9984012776709353
0.993832593292864
