0.9998267430558305
0.9991867845091199
0.99857432672648
0.9993893785989423
0.9043802046495064
0.19890858122632504
0.07430514589924264
0.08134862853989788
0.15775909703631374
0.8250258285894869
0.9300489505977675
0.960271420214163
0.3759213735187905
0.08121288800657955
0.0014487274669471306
0.06630325189194952
0.0503632087128143
0.9643675394681132
0.9027399129135903
0.871657193017575
0.9585535002224643
0.19283698254625403
0.13625875157732092
0.043336343961338564
0.07074745341435296
0.3670198099837426
0.894476753001469
0.020388224464159332
0.0033400616327869947
0.003572951302032945
0.134163984006757
0.13033944147829124
0.22698237032427926
0.7514314653203162
0.9198031486610265
0.22140347352798817
0.0017043274879029457
0.00015419689185358632
0.00021005840708476775
0.0026552877798416974
0.00023957070886637677
0.006838737211770307
0.0997447414652326
0.04679007317513406
0.03901526028354596
0.024734747278916447
0.09107052829745343
0.9570786855910638
0.9937132817349488
0.8914769657123515
0.9793085383574839
0.7872666770596444
0.7991285012820624
0.7945782785945239
0.3564343819021315
0.011940575527380815
0.10488263344706539
0.503412101398253
0.9075669804830754
0.8878382628248048
0.8860326418661961
0.11650306875905536
0.02908756385904543
0.18622147891573937
0.18034547073973095
0.6817062310127884
0.8808036646947797
0.7396502526359098
0.9972622700355316
0.9960957039746763
0.9941896578996356
0.1248441571803629
0.010514870446368452
0.000556894129424168
0.0036662336100161674
0.859262833150639
0.25435966978533453
0.04237974062022398
0.00918386530079185
0.0029943498071662855
0.0012913700911915127
0.000700686360352476
0.00010992366493589589
0.0009683998455273235
0.0034661975590314364
0.9803225630353947
0.9527479545940098
0.9366749723490971
0.7907717982679443
0.9897516637858437
0.6706012042680769
0.47205387342102934
0.8126975975832029
0.17656711619686416
0.01037146929963595
0.0008780526983021009
0.003777639843448033
0.008555459474335225
0.04270707463194312
0.2243160207578384
0.9991310081159659
0.9995212760596246
0.9994755783850267
0.9990914622930296
0.22464205148924188
0.0368839251575368
0.008505471054687463
0.0033391094373992347
0.006335435534116751
0.009691649492804877
0.00685304338562065
0.6594300391824952
0.47383939547459086
0.9778073326385844
0.9896421890438363
0.9233587574622225
0.9501732839422844
0.9332015797723551
0.8698050710018784
0.9993627574018924
0.0028682671039588215
0.0007228509499015434
7.783310484854589e-05
0.0006052397806821652
0.0012875568813990323
0.003007724129269973
0.008230444068871967
0.04134094566106894
0.30809687456099955
0.9783304663886312
0.9157659733299779
0.7663042889006004
0.06030071486263089
0.03897893630146998
0.3440727071674494
0.7377425436173147
0.46047175085895775
0.4738163062128078
0.22983872735563782
0.5906941533066783
0.8996900071483215
0.887384089993621
0.8790198309723808
0.518591093002237
0.6240377012304474
0.15586792277456085
0.1510804406755536
0.1478516830381923
0.165886016860468
0.043054149702207556
0.04417880006193642
0.3798894396930562
0.9775855514213359
0.49245470593111695
0.5087307145753752
0.5514408585756938
0.3809774317766734
0.36822009736380834
0.36185737785122507
0.6439025900934686
0.017739433008205463
0.020403632815093387
0.013382464336217037
0.06485716690269083
0.29663269957945404
0.4119043870838415
0.894998177081017
0.7166292507343235
0.00528369462311451
0.00185914322858316
0.0022603924502638817
0.010894764864769257
0.6382120108942584
0.3489746698042596
0.15610938338962432
0.15379894834636
0.04928054601501919
0.6817617780039844
0.9907727726094918
0.9817112351530525
0.9090461623141252
0.22294725114189928
0.26216149826868584
0.19072021840132536
0.4041676159593307
0.7338309247351635
0.11002887230821579
0.018544705909825376
0.01004126593376542
0.11568722956442645
0.7949771725968962
0.8831749368824735
0.8973376469944193
0.4343339962478098
0.39846217550234186
0.3651190027293677
0.18148316003378073
0.06537418534204897
0.08997481211358604
0.035356464796943876
0.04375661167713796
0.1512249731288614
0.5352476243362929
0.9338343759411816
0.9591306788680194
0.9273002921882836
0.9500411080049646
0.8391848741360162
0.8088558404440838
0.005270383496223552
0.0012035031848215416
0.001802540642129813
0.00037354649946941265
0.013710947868525891
0.13151940786349603
0.9959434528403405
0.11857734190425617
0.007222815785586922
0.005688461408279277
0.016984812401249383
0.02336153146780595
0.0023949401071812204
0.00014322598091898175
0.0009042963009403548
0.001466634813060086
0.004289678312776712
0.04129390800051902
0.43242788163563006
0.83493132566213
0.6916274956966091
0.041601487094037104
0.0026520262620892687
0.0021842099857166675
0.002307569370977758
0.000682152125479174
2.873935643066261e-05
0.00011663475612133656
0.024511656495646572
0.5255788812859535
0.966978003767402
0.9825970639499488
0.9969295709212153
0.6568673051927357
0.8893083892493426
0.1206580087357989
0.0002905406791655629
0.0002851749854996255
5.1217190900176846e-05
0.0012043487302741962
0.008441137423316647
0.9999983737723296
0.9999999616409098
0.999999794697337
0.9999999983532325
0.9999999993101307
0.00845094167471161
0.0011956925805256535
4.9578136888439595e-05
0.00027868654463414355
0.0002960558144587955
0.010663535301086435
0.7896201285877256
0.8674576422647404
0.9677751940271186
0.5052495586693804
0.02450200876076092
9.747331267295767e-05
2.6490512906485186e-05
0.0006906062550999792
0.0023138996397269462
0.002147248621285236
0.002646705314535036
0.18767130673152022
0.9751628228253226
0.8787385783910174
0.6917488192559881
0.2673241013445199
0.041429698608969834
0.004279349689528034
0.0016657096695393836
0.0011330694643691963
0.00010559945556321004
0.008838578275003006
0.02246772013968379
0.8644552144383557
0.42938466809237585
0.9944225861547796
0.034678331077474644
0.0062419387103477275
0.03151966931472927
0.01177675860009586
0.006005402007146832
0.001188757868130108
0.003317908181540985
0.012939650758879928
0.04554106310490347
0.9995177246405548
0.991405073464412
0.06958462601229842
0.00021986743615909354
3.758685395793826e-05
0.001873593455327227
0.0013963304814577082
0.0004715674849359308
0.020372617612610888
0.9813556468741491
0.967999807755192
0.9999711453912093
0.9984804024334728
0.022107458251293677
0.009222342163870967
0.010741318018164026
0.9532642447593495
0.042172722657084494
0.10648352127617622
0.5460510641984988
0.34692445981895204
0.723713617839681
0.5018253973515299
0.7452664593158332
0.8930863536875718
0.02056828794142307
0.012805111195678509
0.00905300516023122
0.009819273946462759
0.020530921206816877
0.9999881890481542
0.9999226771480062
0.99979691237756
0.08083168970408328
0.008463021143102933
0.004194062841943902
0.04518737827831698
0.9794393936184856
0.9797889750455547
0.9980609729333957
0.9824044192188296
0.9803981163851434
0.9700451656837151
0.9557410771124643
0.036584145723757566
0.0026657679829864556
0.005986308328302492
0.08287923323210478
0.9744133144913613
0.9672304848716835
0.9994772429472495
0.9996874738582519
0.9992260928049551
0.02093426768716078
0.0185340777521813
0.009020705497439385
0.009183532766864788
0.02770753632806766
0.9850828540082628
0.6338496272574246
0.7196202221023487
0.3413440309276671
0.28343690157429835
0.7754511851984196
0.09827873012920829
0.061004245018173475
0.9975447549538303
0.03628177047597503
0.009189532302089742
0.06392111737509176
0.02570618415123105
0.002116853742954672
0.0012900919909074604
0.0019531821069803668
3.527888732579587e-05
0.00021337556126077573
0.0607900412374045
0.9991075311803654
0.05165020603973269
0.007647263317495212
0.0030891894050236735
0.007471209022664738
0.32281744469166995
0.33175306410075955
0.35642192944882545
0.031539925769755506
0.0061127464685235555
0.03132181529292588
0.9773997647541249
0.42895717384528087
0.12689075804729877
0.0007588877352837642
0.0003259716325129114
0.10934761399218873
0.9897842853792772
0.12392221245922741
0.014773976553550505
0.002115386526788221
0.011830661819207111
0.01298291587429068
0.014903884197458472
0.9945221122847979
0.9984884822700447
0.9976818328232222
0.994675278414174
0.10081713367154754
0.004346985733922892
0.00034410882010504906
0.003601397186587474
0.006061594472534404
0.00513541772321402
0.006570900319988304
0.21984005110606952
0.9802760787306518
0.19304168907129649
0.2575577379874212
0.9955165909962455
0.9964596222672255
0.9997695825067856
0.9940035240605795
0.9970930399677056
0.9981920914709946
