0.5226237001397662
0.5327403428051425
0.4653199277257425
0.4529205603634634
0.679855427130594
0.19077378465245087
0.2776676388218162
0.5775661723565648
0.41886302056580693
0.3929426166128245
0.4722061121219767
0.7201567726430333
0.9643211464847978
0.9065635155181754
0.9179882947072749
0.713980410301085
0.6474988754610049
0.7069096074093987
0.7139105129255795
0.7114465065256069
0.06536086647668338
0.006081772725953338
0.0187808667327104
0.05323404246120267
0.0916993933963387
0.12018550190270239
0.07831267246401008
0.11070226993022125
0.4301612473869101
0.9963455536241378
0.9979279345396982
0.9984513076065646
0.9230585476763612
0.5664840705993828
0.3429969435784209
0.6997881767715637
0.7975091058934671
0.49730721149547963
0.14259072075494106
0.28757888616594185
0.657646715703708
0.028635371356548145
0.12693352681652326
0.09568048017811837
0.9026201713555857
0.9181709406168604
0.9965781126782991
0.9308535516272234
0.9239174496000289
0.9232047220565489
0.9844902585412547
0.9983015269799481
0.9290919597187333
0.09708880752628224
0.09630498220492967
0.10510935068933136
0.5328170465368827
0.5119071545906125
0.7245374895000323
0.4401791965286259
0.6219874270832277
0.78504871481842
0.4526599072724674
0.4733337395017899
0.011736928910675903
0.003922076741889047
0.0012466810681068807
0.02913089349031861
0.9960177303245269
0.006193650091532166
0.007410869816048438
0.9993982799192327
0.9992657855513393
0.9993305031887738
0.9992732595469476
0.006717853789544703
0.00595333071226678
0.998140336886717
0.032715213386452335
0.0032855124660510215
0.006255757450741806
0.017096894275165364
0.9965633699287422
0.4359565420987509
0.30243604444356964
0.04842580149809517
0.08988171445559068
0.01607520676978047
0.01713659066325024
0.11897666006069219
0.04977129357185306
0.17134866297040574
0.052189627413076534
0.02696655254448732
0.07813629726917704
0.06502378777044227
0.07346650107901942
0.1076891396609847
0.005138398379461062
0.00034250703045324293
0.0013103692107834242
0.0014566738194413675
0.017709447200321193
0.9999312224907493
0.0171539977792039
0.0005019755262670733
4.9528422665923166e-05
0.0006904645719056912
0.0032868600725306507
0.7643176827881774
0.007724115796633679
0.001023306242989408
4.1014666281480316e-05
4.6624663881389417e-05
0.00296016176489744
0.9999812376364787
0.9999811199424916
0.9999810994306412
0.999984597634144
0.0029826438097058094
4.256681325665035e-05
4.165592871974155e-05
0.0010514172458626625
0.009088572848629073
0.9999468791308221
0.7641192539706279
0.9985191477410935
0.003335022288302847
0.0006864168939827442
4.221764293677044e-05
0.00044975443448447283
0.017221047229837638
0.9989857004813901
0.018167050820209196
0.0017480403146636903
0.001575167253949572
0.00016872666584699658
0.005018253014119511
0.9952823046295736
0.9905782161610271
0.9834214405471872
0.9660642822500014
0.9261185156164943
0.9079616779581345
0.8725121672500744
0.9044674373316032
0.9154902903477832
0.09997664882948665
0.005495255980058511
0.004171428579112124
0.0025780367082358646
0.09136421061467026
0.09220941321944476
0.09477675683845876
0.02176648576729978
0.1674092973213639
0.36369795082402845
0.9046476730947788
0.909839981638249
0.9245833507800333
0.37073827798548953
0.16418964522824653
0.030818231835386456
0.08458403721251939
0.06563891387536425
0.08773952090958204
0.02807728977135293
0.024915673753487133
0.09049706935204438
0.07878417343360467
0.9381855689394902
0.6850171522469839
0.12888669805788844
0.11247936952049531
0.449355182837076
0.8579461100190511
0.5327351218745104
0.5485290827664606
0.6780653397161345
0.7823355853924304
0.4732464505441245
0.46665961831731273
0.7311174651583038
0.9512304512560357
0.8215456137325297
0.5492708481390252
0.528962881407269
0.5822516764008578
0.4020885392370799
0.4289745103153766
0.2543631315141677
0.19463109184446026
0.18123411085281083
0.3441107544005726
0.7417034915024183
0.739927884667974
0.7447100439606742
0.7419299590622204
0.9094719181059434
0.4284920796066949
0.18055191085680256
0.16069558461956057
0.1688627128903507
0.7032252022422313
0.3787430413599788
0.7549657611663743
0.26837796297719063
0.13335522440796965
0.5876212348117764
0.25739495979116755
0.31223717290738406
0.422352950515689
0.5240595705757253
0.6396583920863532
0.8134892728217894
0.6685384435094812
0.6316076733405556
0.7527367251730495
0.42186021909217275
0.2245353666241534
0.1592156401482574
0.13552188005012833
0.17551034263101817
0.5384873972428121
0.010067082207512512
0.0248594112317837
0.45205903625920496
0.15844019518241304
0.5457612573854203
0.5486803814894521
0.5437371681909371
0.5456505922742765
0.5755492098420584
0.9866056168514576
0.3573216876688664
0.4226983185507871
0.4339226432758708
0.052530063519041104
0.050067393773870816
0.26315763239497025
0.6745918054960274
0.018440724850514734
0.08731219398610812
0.07461250277805298
0.04868052790633581
0.04689279865529172
0.06040469906528134
0.034900964192636885
0.07405823549934232
0.050079429544268916
0.07450656343987694
0.532888215214065
0.952591315570491
0.9925968000685246
0.9471845303991034
0.9417031612701483
0.5112244212671475
0.1020369507787906
0.07527097762013579
0.07113187250597519
0.07359329861204511
0.03723200721867814
0.015276866571091285
0.011988572160633426
0.05690506511244331
0.9710919207499391
0.9729160329355961
0.9926975053695271
0.9901376366433008
0.07650236779874342
0.02674977479058327
0.026556693108060747
0.031201554481332217
0.9899618228419899
0.19390823559500592
0.0013254143084194814
0.002236021868244231
0.00612381655369032
0.00016215545512610063
0.00037417765618175114
6.416876910708691e-05
9.013054191220338e-05
0.002462865265397851
0.027303654253801657
0.9997232385688588
0.9893974402879766
0.015477814226591335
0.0036766121522028294
0.0032246445605556007
0.01102562604557511
0.9759448918241493
0.014674664819143812
0.0019628369743149854
0.0015281574692743716
0.0038772661199488745
0.01685316610269738
0.999774404730164
0.9971329696772561
0.0012733630266774654
0.0026575562628516902
0.013493454290192108
0.9970976472099513
0.9999458407555083
0.9802096942523554
0.9999582902297868
0.9998388686837709
0.9971463792513409
0.997460691598216
0.987836033810819
0.9913164758485422
0.01711723743235727
0.00016148724705189466
0.0009280520177571416
0.9999725151010438
0.9999806791843766
0.01674545484525436
0.0038419373338055562
0.0015597422251969473
0.0017157850382364392
0.0007812111182204928
0.0007049463425428115
0.0021274910022301974
0.005204607208203593
0.004713489005314098
0.9996891834358715
0.027627030050785928
0.002477983137980422
0.00010246358745547024
7.655855970312153e-05
0.00033036369075101213
0.0001809817794180546
0.006123850993565383
0.0017424897525855076
0.0008665712499439371
0.1915455058401313
0.4728621996056702
0.0558786624959835
0.01583687839922454
0.006267067990385011
0.15559383084447453
0.996932180891015
0.22366457706667375
0.011586230712993584
0.0049348547578823565
0.004300740417296556
0.9802590039869387
0.9801244929059688
0.01208407255600863
0.013602675970399436
0.773336344923686
0.3248820540231063
0.39443371347547596
0.06121875159015666
0.03453476250677856
0.07860382997978232
0.6374551675456506
0.9709326337878125
0.9948398655366419
0.9958349138651922
0.9938748639726305
0.9935733501908657
0.48564066158229524
0.11727410436044816
0.027976336175699168
0.03220353316657509
0.1514949431385273
0.9986737922159444
0.7765543677787676
0.9753789785516261
0.6776033543025151
0.030773384984117524
0.10490968253076816
0.9742063123983263
0.9751409433918679
0.004038867815356784
0.0061443393799972545
0.017308382560784485
0.22533372277212427
0.9884385699967881
0.15946439632052112
0.005468162164434465
0.00968206796113591
0.048329357082579905
0.266156082894071
0.5592958890170245
0.34390449263467326
0.3134919922372237
0.3254034153097073
0.4497735483927514
0.28583432624042426
0.5443749386793526
0.0035011469833721165
0.0026133579396413475
0.003548104952691089
0.004703069952216921
0.0011035178518099542
7.353862215919715e-05
0.0009206876046442547
0.0006651894337722508
0.0001769840019173463
0.02344347039191974
0.9999514048118676
0.9998027042976441
0.9999736083375753
0.9999460063547371
0.9851085699739663
0.029405758316445207
0.006525616851775107
0.003075401074426942
0.0008976632696352516
5.984115044377347e-05
0.0010865963111785781
0.0046499561754625995
0.0034118940195526637
0.0024570244328668833
0.006496337230582405
0.6047942205572872
0.5130429731126496
0.4778514600033943
0.4865512633571466
0.9980846942632893
