0.8353910483034565
0.38079026503996993
0.553807846381407
0.7482981153601012
0.1551651994241442
0.0575331481189133
0.06816831188230077
0.12707098257821337
0.2875704101423876
0.48013174550128557
0.9470499147680387
0.9390155189066438
0.9550854773212891
0.4938626397879692
0.278143110682758
0.24744753179062906
0.25313364078226663
0.27815693241819683
0.39734976692947577
0.9476276159694209
0.971607545950169
0.1265801364536583
0.03601665643881358
0.13169668051819705
0.1425816801525316
0.21107896626253397
0.18340028559292654
0.23414562545062956
0.4804146932705837
0.888875157328078
0.9564343247348639
0.9037818501392477
0.8937673160356026
0.8898442859353419
0.47781628264857245
0.28870421535255897
0.16105804712516247
0.042081337194335044
0.00034480524280910974
0.0001856793819275948
0.0010539249615302282
0.0350054026904022
0.7176828214361912
0.9355471396738239
0.884012924762022
0.8729019283586209
0.9193419119044193
0.7871498568638889
0.4918485282066496
0.46400667691535324
0.15551305612154276
0.1657628303539862
0.17246982725651827
0.26755628071850324
0.10398810810433878
0.6010694771647991
0.15031304926860278
0.31169122030796226
0.2716556450635399
0.09056482622566331
0.16411230967334056
0.14212594516985222
0.23227435394275642
0.12691337113152035
0.0934257384455649
0.1666824133283461
0.6173883117272483
0.13665153767072757
0.20357439630542373
0.605658545639629
0.20904432919432425
0.37864887884518283
0.27793857529451893
0.5672008930347503
0.6435846779809842
0.18661703049706246
0.1461079185742744
0.18828911017185102
0.5631244658093477
0.5567968554169913
0.9937602424310429
0.6536067054742571
0.5983708963606272
0.5858691073753499
0.4503016478073635
0.8314600337871593
0.45418069977450437
0.001760224032103741
0.0022474900215295746
0.01158626704128951
0.005533490234961969
0.02400263626322452
0.5256328370231568
0.8500759366955991
0.42324104762171877
0.42311416127809065
0.14247554479974323
0.43956895466923207
0.06333303799661516
0.11959086600212376
0.5588018801288623
0.4134596464939274
0.44065946437007264
0.8387766650118523
0.4410962379406692
0.28260716048768475
0.19973151638125652
0.19944540384398657
0.4873943201006643
0.405779418764213
0.38137117451549574
0.3371481394235307
0.390831692341005
0.48158037128604925
0.6533735853890117
0.42245441466491584
0.25665861241727395
0.255710553857037
0.2529352633096902
0.3245925697671038
0.29647616222817696
0.35397752863575427
0.13306602553555757
0.1122273206552189
0.03435773169907175
0.03805104770776657
0.03347662242440008
0.043213516276798924
0.9279418519806881
0.9061117747439661
0.8587604757545483
0.8677633237963689
0.8616714388526574
0.8611095351521715
0.8476635396973802
0.8438890860305086
0.8013467731136519
0.05151194564262118
0.1271103157257063
0.14177313999744035
0.1357784965212786
0.14520597185464523
0.36778272659794875
0.9655444196925148
0.19683556416040737
0.07152482076300781
0.012608876549798587
0.00039392453084596823
0.00025939834798993644
0.0011736386638970808
0.0022675079634545403
0.013400788880445269
0.3805164109395688
0.9994968987902638
0.20657485783194307
0.0917074804356568
0.07258613856369622
0.009319557144193857
0.010589777855619875
0.11807707061497041
0.9166819036140721
0.9147404030315934
0.9803986727616915
0.9446135245024246
0.9835654296175055
0.911464718652641
0.8684053278692225
0.932743846375047
0.4188496544800363
0.20765710174172325
0.14350071025060496
0.16450921830533982
0.16447030683466002
0.22661236657651218
0.25229187165602995
0.7977825888000536
0.873900957093183
0.8713031098371904
0.5552245162305999
0.5286698946392003
0.48732770841220696
0.6693081792933713
0.4393305848067256
0.43716845515672875
0.4149712402192295
0.5181160891816408
0.712560679994926
0.4339204770169869
0.14954003715073472
0.11500326886694345
0.08200834725203887
0.1071896185931358
0.4136671577198415
0.9071640552951448
0.8816449578858006
0.9031832399777857
0.8956772927848189
0.41782292680191735
0.12316002861289344
0.1566053685739187
0.1202830345555882
0.10899707575767681
0.11000013215651361
0.2848026193674006
0.20492529209633326
0.16731511796901766
0.226520867538627
0.574275726554624
0.33607585381980976
0.21282198042592115
0.24944051340924944
0.31477199852248805
0.3282701989678971
0.3344583295881559
0.43060141549011366
0.060045882562521746
0.01908928588129566
0.04608020759307552
0.07310138732094995
0.6297487429911115
0.3433158348195605
0.15502222718133984
0.9340326623579515
0.38116090478864384
0.013152898816776393
0.00479931247043941
0.00030453004247310567
0.0003014828637005751
0.00032013980597711544
0.0108971301356382
0.05833081359419179
0.1440558867298385
0.6359281901018636
0.6010062345674787
0.5319433924725941
0.5172419523470275
0.5442130413656222
0.390139215403733
0.3444617609849828
0.4014695929996438
0.44005201052702636
0.7562966382273846
0.7167669873789406
0.7021546239819287
0.7037668678019766
0.7642299216110484
0.8635972002416521
0.8598929941039453
0.742993771033771
0.3431657569161597
0.3755197715644618
0.42251185326394114
0.5467059136913708
0.5880828734195929
0.34799786957037815
0.29587308235393817
0.38331511026816145
0.40332990425301296
0.383623299475948
0.38449764703505385
0.3958383367142393
0.3412435671065108
0.6968509487247515
0.6179527368708817
0.13881047061517537
0.1945397245929268
0.06116043761356971
0.0673460911021303
0.14783890441364034
0.5595902278639417
0.6582205475708713
0.7391531411061913
0.18933328248491776
0.199481432522842
0.19784478436807407
0.18558904837650758
0.1739635246218999
0.6365610579827629
0.6082810711045191
0.27055579287002973
0.31058552150617047
0.47200679960126
0.49559780037581236
0.6232098600001549
0.45419253648687163
0.40071168480167696
0.3223108527788249
0.3239969550660158
0.37189097672008453
0.6591694337085126
0.7537895108439394
0.07164369053828357
0.03458291670119007
0.025420963193612867
0.022668066967720835
0.028065952028984986
0.054335710497305345
0.8728626371083681
0.893440622396401
0.9704185411695777
0.9768984675918455
0.966068763977328
0.32428729490345254
0.30877258969788957
0.25835608268983146
0.2810019350768358
0.8237406721843475
0.6245073325648418
0.7016192091676208
0.867733847701888
0.8692750299661436
0.9201676277258369
0.8375003104600078
0.6307593607412406
0.5786399985137668
0.8830681234640434
0.26795152899060526
0.24442527604995812
0.30343048694548036
0.27449429054124364
0.06559605725478768
0.05185204351462125
0.0653019225163981
0.0769571636057097
0.07629070388214987
0.06116907474108246
0.5382306278084092
0.3949974804887817
0.2572947305100082
0.327119866514861
0.3637822211581627
0.43492868626765624
0.29582271361085744
0.21650353196412475
0.24054411035248457
0.06982101092389026
0.21306930407759783
0.41361732970339704
0.6707125056815458
0.8348972235335343
0.28836829076891
0.13821384391352798
0.2175889899649215
0.9220859996617563
0.8262056306623383
0.7220208490692943
0.7183451155450398
0.595980335071377
0.6095531862637114
0.4891041180073973
0.6216231737862455
0.790510416357917
0.8056030074681417
0.8743040822702313
0.8718215427161126
0.315080804442201
0.05629170694591756
0.03537622247268102
0.04063216183697038
0.13831457125895907
0.188443380792916
0.9961673039637873
0.156000487681639
0.02246514534774613
0.009461626486873431
0.0071994921070924756
0.011968804198726146
0.039014369212689304
0.036966132585485645
0.05053456150432156
0.8771994786198662
0.09423394969045262
0.15652285985139058
0.9934794381209052
0.14939226987759513
0.1589269203580137
0.8444643293859779
0.8291746643073414
0.8735366049248117
0.875795440908606
0.8775076123826901
0.8718054804466245
0.8729239655680917
0.8596695516095647
0.04189572065139324
0.13044627967586764
0.9597480475206354
0.633096309465117
0.3608441704777583
0.09544871474331751
0.8730898284473789
0.13442599254256626
0.027181674704499725
0.032834454543974934
0.12144124094795672
0.11917699991222741
0.0184777584672573
0.015321410481899278
0.0445899891342304
0.8786566908290381
0.06387431333295246
0.01649894316537026
0.016894369443628654
0.03407396512488192
0.07113105947729337
0.40434829926095195
0.7662286322609326
0.2032393473676095
0.09544945103625135
0.25177070884136277
0.12773867058177246
0.21246246782315614
0.8521066047452424
0.8288435515806558
0.8331143901405981
0.749552840292739
0.21158926884353257
0.036752482087884175
0.02637480896572142
0.026128649252019076
0.2395545284070697
0.8206768289247903
0.5768348322679475
0.406633759135383
0.5872275813110203
0.7724384549607741
0.8959719071288558
