0.9951918371998618
0.9598869263767891
0.7424664319376366
0.019736257462649065
0.01479030292445449
0.07991489153334408
0.18164381897826154
0.012917412444865661
0.0030139106120595782
0.023730902506342577
0.01904842886870628
0.010947051892457038
0.06747817024259473
0.030033530907763728
0.027578374379770176
0.023399986311240628
0.3871132421228435
0.45382481274512787
0.975281245254062
0.7287744502206797
0.3377219260549178
0.6074131846384825
0.2681589986753128
0.6548771383016276
0.19664293599772853
0.3818645210744338
0.3857228498204437
0.9668405908424808
0.78789695000627
0.782035525244227
0.46268883617554724
0.18914199094966733
0.8087233256528858
0.9900607850348725
0.2486049831481838
0.13862227977453512
0.16642942408774775
0.15339964149013163
0.15330353344149017
0.1760883326945859
0.9993486419138985
0.9993828965225741
0.01028513984183399
0.0072072783290370035
0.8292769761992206
0.8287286459218905
0.8315754581300594
0.8400269744006934
0.1733387624816617
0.17204456453327
0.9997145817448839
0.9990301438711721
0.03357253737194432
0.000745707584772215
0.0018705400017434703
0.0031104327654088992
0.004885554388530333
0.04449665335603914
0.6926847758666714
0.7056362875261504
0.6246128769143553
0.7249313286927287
0.9683739251653756
0.9915281093698617
0.9697082640923148
0.2829538103522501
0.1357125050869925
0.20641312685034707
0.331352810008544
0.37685732586911413
0.4235678250654915
0.350715790258776
0.7268657038609523
0.5687067807436423
0.438660588066932
0.4531191769587808
0.34370057557395517
0.29402237686961075
0.47392825591079246
0.9496861011039635
0.657022455186514
0.6649701768886501
0.8435767659240451
0.8758714052368656
0.7516302809834057
0.9496237314954291
0.028366997609332922
0.0064365277260496345
0.005064187199968817
0.0023568129392143033
0.004340059966356891
0.01842346216621238
0.319452859250418
0.7309698597486411
0.9978257544302642
0.0953214951470931
0.021662839320472305
0.11298491180414216
0.9928660815284635
0.8564182682007982
0.027664288994149966
0.05153156622196309
0.03961014877115254
0.003290987555870206
0.007437150869271436
0.007860812939783357
0.0024392043544689823
0.03181121926914321
0.12194517046321895
0.7259609962756719
0.1348306483431998
0.1801245700126285
0.8428092915428206
0.8625368096995696
0.34984057071819274
0.48499237943674356
0.9140355170412581
0.006183650915949523
0.0008017759996595819
4.2179991206592327e-05
0.0015543105013799963
0.0008534275085188003
0.001389344839507145
0.9991888042056511
0.9993225220632653
0.9999753220139306
0.9999875840962399
0.0020172979133441515
0.00014901176919279724
0.0015886360863068827
8.565914100155947e-05
0.001270493418237706
0.006261259430904609
0.9985835617620668
0.40080831906779446
0.5421746486950687
0.8108843206232115
0.8363142744285762
0.9960768803744279
0.011183206449675742
0.011418745519939155
0.7592094150998359
0.05774556620662619
0.7715231800554345
0.8032460447762237
0.865827776139874
0.8943173442167326
0.9048326325231582
0.1028970060167208
0.006098005478596624
0.005437706812826626
0.9978281491424154
0.9968269188830997
0.9964954376496794
0.9966440025273592
0.006992038793425914
0.004894944994961903
0.10990144212396269
0.9890907238831276
0.9951487636228227
0.9884350426878369
0.9707474005488019
0.09955364336250128
0.0814294670952318
0.34731829720939955
0.9201234592033657
0.9184739770858708
0.9997228763253082
0.997303268817579
0.3220361201378613
0.26520517678805067
0.02406346072621346
0.22215196618293154
0.11953767013051586
0.11378523520477979
0.0333224595844841
0.013660825586120251
0.08940253841759394
0.010243131241970405
0.030185083686042224
0.7493516290871034
0.10249579597977854
0.07364085364807937
0.32877307265255507
0.10886088565540597
0.014013968352816542
0.0005834596778798717
0.000861123379402251
0.0033607803170319084
0.0017528066584548974
0.057404779122953054
0.07462526347839737
0.03542352084091349
0.041371251633317785
0.04474568635648224
0.05095619947157892
0.11238454110104834
0.10162381527452191
0.11695243900958385
0.040422287016159575
0.03666099401400913
0.1204749553647464
0.9848905514920745
0.9747503708868939
0.2062651996558419
0.0106011920691228
6.435295525575313e-05
2.2458327647689735e-05
0.0006912096296575188
0.008206565281092981
0.01165924977893007
0.012071753412977393
0.9696913329894147
0.7277551423706807
0.9999258585473109
0.999999891942995
0.999999975946534
0.7669319914264378
0.9609022792772198
0.0007798826500347023
0.0001320319266195913
0.0008028035408961243
0.0007885847044525329
0.00012409144405378658
0.00016939330673004793
0.012770857714479278
0.22581377909781275
0.09788564289484203
0.004866981164563966
0.00224128736565965
0.049311906043204234
0.4727837308616095
0.9258235273879031
0.5697293927977818
0.14989313303559304
0.07018689708289938
0.06852578465112769
0.0685589789520572
0.0013773403044062826
0.042429527227611064
0.8919901463636227
0.2240751901672633
0.12020887938437474
0.11608048320919062
0.13996854649564983
0.026132300047807977
0.007100281728534497
0.013372948134032892
0.06377071862300276
0.9679144281708743
0.9854425166002861
0.9813027346356458
0.9790184616331472
0.07419003106735744
0.012421319184770407
0.019068174626588053
0.013926328082827788
0.9932481514365402
0.8927388791884603
0.8948391581010979
0.21751521567400944
0.24051731780455687
0.04949017740689987
0.00953533036879639
0.6381637792317978
0.6675180520941739
0.6659088726434241
0.9985753212348412
0.01764254088050876
0.0031830980793925434
6.463682285606787e-05
6.441730676420843e-05
0.0019445715128504348
0.9999830688949041
0.0070359870791588675
0.01338427011960086
0.028085980333742988
0.9999899068921676
0.9999993578064195
0.9999928983339985
0.9971058858484386
0.9973557242071144
0.030865127708901152
0.006085679045038428
0.01684514385818292
0.0019297369165000022
2.5324416367822344e-05
7.689248904141355e-05
0.0038411343572550827
0.015531073695728481
0.9991755736213829
0.01865418212113057
0.004251577153694619
0.00021163706957472161
0.0009816808013519696
0.9896659950677694
0.9902536202855915
0.9893541837600455
0.9947721727420358
0.005563299600605309
0.007343595956514792
0.00972788430008864
0.014244042057319772
0.4717553609374785
0.4655457818122022
0.9041933752210115
0.12965304171498637
0.10822972673164366
0.13141253042208367
0.6174349917887305
0.4891371129401253
0.04678412173752422
0.26128789316251577
0.18127039426184044
0.22721476136690544
0.9956680578109096
0.9974539199742922
0.9217706818239155
0.5579091662344546
0.29990774367476225
0.07053011389238195
0.3669553178430145
0.039202633536218334
0.4363897403101511
0.7057539444241272
0.939039477092948
0.9711127803079364
0.597666240525631
0.31467088386022146
0.5354205773321297
0.18822870821134896
0.23561017058598577
0.40631491078524695
0.7533407286652323
0.752295882640493
0.7680139031378739
0.003669881237811201
0.0008947603714714036
0.0014006119473418677
0.07266319754937256
0.6001951720480219
0.9724279068873931
0.02844115275117487
0.011377158575016089
0.026414617763597104
0.6689297220429048
0.03311284347040999
0.04389392644332368
0.38986195846940563
0.9573436146167376
0.028047525826293218
0.028566813501764154
0.0022378239499092345
0.0023776434922957446
0.015184956571835606
0.00728719459113325
0.9352979158207007
0.9323807203215777
0.1714789260880002
0.04954523771853614
0.006298435159754701
0.004852502848935125
0.8404941951228768
0.9966109008882441
0.7085893784234869
0.7966974282497155
0.9498029036351372
0.9675758378465464
0.062033798177645205
0.0005115040373496749
0.002605876242363969
0.003468600377226516
0.9796174038935275
0.980078668666617
0.9796588854721298
0.9444139675679559
0.004704250740237947
0.005906477497589324
0.05154695799539244
0.037501664249501854
0.9239037031505906
0.6926723381923909
0.7880485860105637
0.9359881135657121
0.8368650082357904
0.00149896917716974
0.0009742472834243232
0.004436708305543213
0.1298603284026374
0.39123996709653985
0.10074847610417947
0.03338939668571794
0.08590304042037644
0.9969846804042933
0.011508665329700407
0.003325536364463866
0.004826849866344851
0.00438621160065733
0.0039043877700807306
0.9910149858391928
0.9879797948240021
0.9881477773784141
0.85303847712568
0.9944779652739903
0.975355036085119
0.9702204284534397
0.9766244916601979
0.9739275663192098
0.9971925141614215
0.9881886075713852
0.8538928592816964
0.9879174609279493
0.9667877558659058
0.9485444334978825
0.9730539222300172
0.005745555208002573
0.0005059237355328206
0.0007333553044239771
9.333928982468986e-05
0.007260404397959608
0.9988391991350822
0.03764741940491623
0.02972956436192775
0.10036932659631126
0.36908233997678297
0.22522331928774397
0.05817877138335459
0.03502720597709286
0.03766192086527709
0.7838378776542714
0.8299287155318736
0.872018014908856
0.9653467547937555
