0.6989567905700096
0.9806543067884442
0.04931158028654559
0.0047388687978753286
0.011080229512130058
0.9781213471501194
0.03804065065351836
0.024929238676276166
0.05451466974519348
0.02222740151515612
0.03473750589420932
0.02710704994719937
0.7265103655882811
0.9801931175672662
0.15422205004204104
0.01519210775539459
0.007418287751689179
0.009887097764522124
0.010563785021311278
0.012372175584775102
0.016805975922706606
0.030381536126145692
0.054234234303336515
0.05831923016221674
0.16680316814861418
0.02413094121197068
0.08021507774350667
0.9985408989952108
0.05206309767823347
0.0024464013207986524
0.002241624625096028
0.009461860197681693
0.30118006502113925
0.04389558250015835
0.0321065723976377
0.09671525791146929
0.9677137087599164
0.9884744640425938
0.9045502075559867
0.9114759783536176
0.8993486855493428
0.1120254658008536
0.06939175081754534
0.041585276917634806
0.020791353889627384
0.026222262291069054
0.06408712711965658
0.9984224566886297
0.9970061563930938
0.9868637432653944
0.9860387729401077
0.06252992712118721
0.01632875551552393
0.012949765819206482
0.028776685823008852
0.060518788900833176
0.09670645353977891
0.012063814895142855
0.01737026431190669
0.10782873986503094
0.2342605299645646
0.9422382322042578
0.9846759559858992
0.016486894874512936
0.005772138520049097
0.005110232519260682
0.04157997045996453
0.9912017885132949
0.13271959913539888
0.07209655134789716
0.15933058858780136
0.9939083174430945
0.9990498055165765
0.9852373536114285
0.9993481017377925
0.018846997283077815
0.001291655263669922
0.0017345226572873518
0.0022329232667899213
0.0008030323922596505
0.014183755583973334
0.5476262505717213
0.9999806806351602
0.9999685301036476
0.28816743205266393
0.012416494912277587
0.1751259218644139
0.18974762206600804
0.9956743894734352
0.005076075740778618
0.0021992479110961582
0.0007148851725999883
0.001080083982961444
0.0008930553728865309
9.916125619713334e-05
0.005009291849360942
0.9700514097247952
0.033993052047374794
0.001514729185516428
0.008215903658052692
0.07983296328990419
0.8347471228436449
0.6719245771025856
0.4638219238480559
0.8664063469644899
0.4559202174169731
0.414544133154644
0.007745183681150403
0.0023947392251634225
0.0008272108842076742
0.0030522745839365317
0.005361092373355358
0.9971448577567876
0.9997996075030355
0.9997516225195106
0.999884064493942
0.007421651088195702
0.006264221818019888
0.0028431871465989245
0.004210169117149554
0.014382564477619098
0.996149848466402
0.42222559062042575
0.33856648770965014
0.8863250712580951
0.5936878796478708
0.7952047005127
0.9932672394607236
0.23823796201328507
0.10194437675771872
0.071111939560776
0.15378007521028236
0.9596147965676193
0.9043199718457835
0.984877923143934
0.2059015185149261
0.03790127735785298
0.02342184409813941
0.003459964381513081
0.0042073049581643485
0.00801147193870555
0.03453750624616947
0.2528972545790017
0.9979418896904179
0.0755799288740493
0.012852792938959023
0.013033258084113042
0.995452377809323
0.9955297022502909
0.9933920611197826
0.9933752713680853
0.9868150854441906
0.9872066251489137
0.005578632182033361
0.0054667080495671705
0.06855196573874267
0.2422176858002585
0.013996260468625121
0.006153242319383967
0.006555066097307938
0.007909494696405672
0.020390646616504693
0.044058214867728096
0.1391800692116767
0.5322466046298551
0.5379283527448668
0.6112929769798304
0.8963911186690626
0.6467233487253419
0.5236994465081186
0.6340495317915174
0.8101552175381013
0.6231965716357231
0.5157230068309501
0.8356656391627646
0.5672215181380214
0.2986245493160593
0.306463538978618
0.6018126778389965
0.00574346915211521
0.0003403204746332822
0.0009844697548742065
0.0010693999840720725
0.0007178878748683726
5.3217720617948494e-05
0.0029464249899493478
0.9979017470993811
0.18971294748462664
0.00973356941038206
0.012675452996790182
0.0035226917426046667
0.014920488138976506
0.0002614076653036923
0.0011126394969620534
0.0006242243101187706
0.00020969994839215023
0.018643945715444143
0.05419514932568026
0.019989925582535206
0.020252176008152656
0.04850427295833348
0.1886569008987039
0.15106736388219055
0.16779064423932866
0.9947915027169774
0.030160610198947002
0.010588304833156426
0.087417959690546
0.6423158122602113
0.978296982744761
0.45220675942039
0.04534206642144323
0.0014352306191486308
0.018059126533040093
0.015811846867128887
0.01750712308315472
0.997641926575965
0.02017026684089729
0.0018270754496133579
0.05143999456985593
0.9796387354501463
0.9796275462334492
0.9797605998464125
0.9992963104363488
0.05202456695853108
0.0006434198931474233
0.001587519980449592
0.020991245559300542
0.02090064417904869
0.020520263980735587
0.020720616572301287
0.05968131357321804
0.15539215430845632
0.08233255377467164
0.012537216033856935
0.027920444596168048
0.1682050355777005
0.1562264934632176
0.18760659211115782
0.9579385137432079
0.9562035674795553
0.9783659878691614
0.06343392943213189
0.02472069135298638
0.024067525192197015
0.06598358090033019
0.9989163705319086
0.01744228154135563
0.0001013001056200391
1.7874962346731138e-05
2.1126049910447087e-05
0.00027991053677245414
0.0043463721427211555
0.005935222503294257
0.016011317883818488
0.9999933807831777
0.9999989781914649
0.9999808234933667
0.9996421904755762
0.9893767968870036
0.9883942498498599
0.022541759019401808
0.014459386060408086
0.509079170824849
0.5012919260213307
0.0018181261175902463
1.5141908838667284e-05
1.3922865822912911e-05
9.266785652684018e-05
0.01920293517415217
0.9973054515518375
0.9983565966317923
0.997344239207977
0.9991562241956381
0.19108774884180213
0.0005109964466796235
6.556552325209797e-05
0.00020302258990356759
0.3945103055979641
0.9998530578707298
0.012828982417119383
0.016072861847487796
0.9876932919140173
0.9998522863160371
0.9995124676025484
0.9999846699954631
0.9882047079075107
0.9935064598317236
0.07805799192080531
0.015219858473714543
0.9428829557974774
0.39545328285395054
0.0006160435762915251
0.00032717863096975996
0.0006103358362569145
0.1919435997443938
0.8262745750249466
0.03868894972663528
0.0004772262980402564
0.0003178138322940116
0.007547069994012334
0.9974491378517262
0.9997828273476487
0.9993671367742725
0.966951671525303
0.008013658284329428
0.001157053746226211
0.031419446974234155
0.0055933817459706825
0.5713031252917022
0.4010198987214608
0.6304984553120504
0.44389389833476167
0.7249852794402941
0.43691048557866485
0.437455989960998
0.3782344334691148
0.5714277887962789
0.5723492278631541
0.6164236979870584
0.6591805556067651
0.9814673810579548
0.9944678870651257
0.9761207299482356
0.9524329836918148
0.3901605762744077
0.16370435652012627
0.09868421765153768
0.06915154024549397
0.019467982210553347
0.10930687608039702
0.9969193637669966
0.9985906982398735
0.5629339322558934
0.00778608442056572
0.0017494420318928672
0.0008042309850422313
0.0011072955855847555
0.9974118960980626
0.9994778758367162
0.999548138401873
0.9997945709150194
0.011170723048488318
0.010084723821910169
0.015857634538030907
0.014678200143119824
0.573323662099059
0.9910994517043598
0.8981548387140307
0.9030664304281473
0.8606043363524754
0.8560611595796153
0.009112694469455285
0.009698035002654426
0.009226190216707897
0.017416787840501158
0.009617291235144987
0.005888923153661851
0.0036136375460807946
0.002031294294475572
0.008331034940596838
0.1327896656304386
0.8634983835162953
0.9097031534731965
0.038511992278808416
0.03987992413143582
0.0673930336878561
0.05953041330283515
0.062302498568053255
0.06816501696888522
0.017675633815728897
0.9219630791279604
0.9221937540790217
0.9997587778635918
0.9494445291531515
0.9209530286457923
0.011996965098218793
0.001997656873907183
0.07898971340666294
0.08022053336234003
0.07935164272819406
0.08138761098159453
0.007859258022577364
0.782971745356607
0.6802452027885127
0.6969029098302604
0.7698403301614538
0.6586339228748255
0.8068825503751165
0.9093386819942426
0.9251669449020239
0.8864568253613766
0.9179379693721741
0.911409611282999
0.9155075600865388
0.8488484326657034
0.8245100297754253
0.8015005159366619
0.7959119724752923
0.7216455446522771
0.08434254735975244
0.04355571572922501
0.19811449306177387
0.03312851830554564
0.0729477353930924
0.9732500650961834
0.9692905567815923
0.7167383903609176
0.9653396301923232
0.9678259261709554
0.9734762060816597
0.96212575582238
0.9770049814614423
0.704135108205872
0.7366897023510109
0.9277478722146161
0.08022020127165519
0.058002422653370744
0.06267512150883858
0.20321439293339572
0.022304667368062026
0.04468307797561444
0.04207059233572352
0.49868347730089146
0.5119155871996972
0.05028956068358148
0.20319853621445538
0.17997447149961987
0.6448388599179251
0.988668024557602
0.025046714913836143
0.017216077905311433
0.05808362993722549
0.9967157106284447
0.7076386647354252
