0.6374793770811579
0.5991883500526463
0.5863333769083455
0.7571542084936365
0.5476413268260338
0.5929917105809359
0.3156563418998919
0.11170489952390616
0.060815311653943604
0.07741129900251087
0.3066827969072773
0.4096550772757095
0.7460574272379561
0.5812379750864656
0.07089388385782858
0.04456766606128104
0.04781363801822214
0.04574588487042397
0.0715125645593182
0.11874320463505983
0.1262467168297361
0.0724070112618731
0.23645185506275646
0.4814442385423654
0.9240642478333261
0.7090720377141732
0.5150255676984539
0.4300240536592608
0.4943526739727345
0.41495098420100907
0.4575752954863882
0.48307279136469594
0.524179503294763
0.5698204539758387
0.8637662691321951
0.6626050348072541
0.7212945583042067
0.6868587717397296
0.6271096517642643
0.6482512993018033
0.41268804274069093
0.5060760966796554
0.5242891859881119
0.6656406169877773
0.659743539430897
0.8482807007158986
0.8817666653996314
0.6977842320051304
0.6930761289946241
0.08513177966644458
0.0787713426146518
0.11754918324904451
0.2078646848891903
0.4393519729681127
0.5979539659673679
0.7728352333451752
0.5340635881958565
0.10643516821191179
0.281416092425505
0.4087933083888
0.7146478950451627
0.7124135601180882
0.863621213050174
0.38458147750844707
0.2897347920334693
0.38196871658132847
0.37380924323913367
0.4592915306741364
0.18055839215600622
0.2723303932495068
0.06992916664114623
0.07459868097214928
0.08682729890310792
0.32326163835571
0.2967805279203466
0.07194647211436611
0.7037441101341592
0.9391862637433538
0.6876367508652506
0.6866737301953703
0.09915740257158367
0.025710814604866905
0.41877874494928236
0.05106464575764824
0.07193876672453092
0.27215575295256866
0.30968611909500954
0.07413672574577945
0.021263660294792874
0.13705072274273222
0.17954348602807624
0.210983790945954
0.10861771426254385
0.09346658361180238
0.2640484716547701
0.6875709373204534
0.24884886143219687
0.12418005541392829
0.10028481798788946
0.18316232707020952
0.1047583593319007
0.7941455245212805
0.7132609121009272
0.04222033967422767
0.04045131347322961
0.6873303822580111
0.8122083012252826
0.15579184468696394
0.22700014065842422
0.22150366948419087
0.9815894158631683
0.7776143500273425
0.9786478165964264
0.18012866586524723
0.010461897694407085
0.028570981146234575
0.29181861912351237
0.62679817474743
0.13139178192187906
0.3487841037655719
0.7377629701157516
0.8513161067156895
0.6051175524957799
0.6432747395088017
0.45929049525028554
0.38124884538613724
0.18241356591727886
0.16953802563796172
0.014539955800276783
0.019652921843450466
0.7589598064408238
0.4635864013561516
0.6302902845448176
0.5888878401694688
0.16693656541612012
0.20498711826682314
0.17814217356855133
0.569901794434385
0.7969024919012033
0.16829515893042923
0.20411782730156158
0.9990759442503713
0.793464312079513
0.1791739562329996
0.006446899068653922
0.0052574943746751535
0.06744617597919333
0.290322090941474
0.26715286089375534
0.2520430843834446
0.2480473240543053
0.11984573038190394
0.09341450440917609
0.8049639703448374
0.07307855824655929
0.25850270715471446
0.9929498960830646
0.28292419403404634
0.4687786000143559
0.2436914531659926
0.08858620026659547
0.028203540157076157
0.07698614118150648
0.15920159875910378
0.06618331205321093
0.3792045754258928
0.40239489163672615
0.951384262645873
0.7785657492082364
0.3548879531444632
0.09929655655022429
0.07105781334168282
0.20502147279320915
0.18189199552460333
0.5991385592941227
0.37837755720314714
0.40356920241895555
0.3977100786932225
0.3234232263763187
0.2984121623442737
0.4274155479942692
0.412770512229523
0.3472255619936664
0.38421390109319264
0.8483775375096378
0.614655538099256
0.5137283618184185
0.3568101878378389
0.2908453742508439
0.4366911819188837
0.5917056344132746
0.7667039995920873
0.9713227585768492
0.8435979706716894
0.40856807484478197
0.022265746766075734
0.027865931074476546
0.8076091652514134
0.8030203061281547
0.9777572441190754
0.40037154631464267
0.29900227648421795
0.3522148297799319
0.13135088708608245
0.3613545693007061
0.3747189806590806
0.3014866749842834
0.5740614459171287
0.8673612555964885
0.10551997575566086
0.08817637219145247
0.02076887135352634
0.005800167298051329
0.011086835807406548
0.028211292555902157
0.9886825617802382
0.998629143508225
0.026542342442507194
0.008473100020505497
0.007994126485350916
0.041419201916317094
0.9943861038943719
0.9923371148302003
0.022675476431526342
0.007731666691442429
0.005764532516676191
0.00024033966558112407
0.0027796205931104323
0.3660747946842813
0.9904896827838053
0.9556081526062024
0.982040405368687
0.9826260150074133
0.9827914214216632
0.9440616438192501
0.3780743195402423
0.001412023495421355
0.008650626546543916
0.014456512325058957
0.013377470156990201
0.03287069243496288
0.9900650408585479
0.9817217929043393
0.03285603638282464
0.002172445762937847
0.002851686446528112
0.027361474875040037
0.9989460145926162
0.9970932619850852
0.04582177237891849
0.005458058123533949
0.015243207549130222
0.037089747615597246
0.05375046336132505
0.034479056728414004
0.7949464269784426
0.7038103710582704
0.414276175257673
0.5959584750387056
0.9671036000301603
0.7222353475532557
0.37376939523796227
0.2795421118411514
0.018740877200032702
0.04599609579752162
0.5018955574271831
0.02790173009540675
0.02445310128084688
0.2813523477284732
0.16514089444968238
0.7924352502153704
0.1501349587205163
0.0016928632542189126
0.0006722524398857788
0.0008270975380807455
0.0020472930640249576
0.9936800168323237
0.9970573787960358
0.997927978969647
0.9954749460452734
0.0019412613433710257
0.000718493627688277
0.00045919416213802133
0.004816878701201732
0.08835368330041371
0.4001096879746948
0.3130224009967022
0.22685152208943293
0.07015550377964419
0.09527189170880046
0.09574463612376127
0.8395306173575777
0.8318739607438681
0.9799543920504941
0.5441712534639065
0.09387565468727632
0.20125821525292464
0.1934289743345139
0.11876161821856268
0.07157000493688703
0.007668242299727068
0.02253090938573732
0.15542729674084865
0.8740923448698988
0.979663872751232
0.9900011066986614
0.4086169963127724
0.42587749430327737
0.6111865922177793
0.5441014958384411
0.8027537003292029
0.9220884553600016
0.5153632678769382
0.3553872772882063
0.813291255054755
0.19655023133460048
0.006700793492913193
0.007978795931514404
0.04403333312303892
0.42754393238932653
0.9938400782752852
0.9870710093820101
0.9841875499577696
0.4657575998772827
0.09396192619169519
0.06721723146593717
0.07127790124263911
0.13582442388730187
0.5073356915598146
0.3499354598118065
0.2880751734943312
0.36240598069845165
0.35618981759561175
0.2463660499285445
0.24662758970790077
0.38586757990338494
0.3654843760222596
0.31991395293239244
0.08607459384893457
0.07645221846089734
0.9301435094377566
0.502502461026209
0.4834525756423016
0.3083973420784236
0.0020149210905744397
0.00870588528893479
0.019607340095035397
0.10853562884302681
0.5953188454627308
0.5165046023512493
0.5609849144890999
0.6009213643665818
0.6174111413220225
0.858490546608969
0.8349938357285589
0.8347065972316761
0.8367632419208847
0.4830845004286236
0.2093426169813244
0.16568440597935397
0.17662895908625487
0.4879356735396245
0.44242645524795243
0.3281985973303556
0.27634788274230593
0.6764329090831627
0.2596896008519244
0.5722051945969334
0.9952341227852487
0.5706063291598672
0.49547195184897963
0.2598225583424484
0.23251641265845768
0.24608455210119518
0.29755337641002333
0.6361177593478653
0.5479951998483013
0.6258023272050623
0.49433472142773804
0.5396017461646627
0.5659767981243451
0.6258815502021282
0.5031309805471548
0.41392483471205077
0.43424867474694884
0.47501118608595894
0.5092330549265106
0.37947446835584286
0.20408449069806966
0.20445599080436894
0.21759286057201999
0.6780180165730683
0.5904814205502656
0.7895183193815234
0.7723273868741618
0.3061204747482801
0.017043056320866445
0.03129011155788297
0.06370990047657621
0.5667539525458305
0.4123463452422689
0.1675119508013605
0.14671859549240185
0.6000068406779377
0.5733224215900701
0.6183347041055265
0.538950570685844
0.18592341323849926
0.0380951243702079
0.033609074333485145
0.42118613778110137
0.3011519903816271
0.3950899505691421
0.3566421720086833
0.5485089658885327
0.7127350922906339
0.6748491769918068
0.524021474055387
0.5197702679221802
0.46588912772839586
0.28256206389865235
0.5878350503921608
0.010946723784221013
0.0065834379923088715
0.08711117233727261
0.3164949808395485
0.9092712974837933
0.8654472622976759
0.9187542610826158
0.8592358739589432
0.7925338154720607
0.4240352669912396
0.07008859455458238
0.08761242362019173
0.04499974248846916
0.18485315658554757
0.2438704837145047
0.486605164163059
