0.9715078823778368
0.8975581774231661
0.8586389697651844
0.883734595707967
0.9472734956125407
0.9836704878671451
0.9638407223110912
0.9255911956465354
0.9476781361252588
0.894474556398656
0.1491964626818244
0.021391823696053414
0.007341104100806017
0.05274118850989906
0.6792456974164196
0.8733451817003924
0.9869172575691484
0.5080667906457264
0.16280997284856602
0.025882946495549564
0.0033107396190464877
0.0028471238708230873
0.9700540756710633
0.9858549945014446
0.9962917200979007
0.9952225526607464
0.034242832985507565
0.0005541077530374361
0.0007904180615703194
0.02348300075999632
0.259876164155162
0.9535514045383902
0.053906745211185436
0.01564348614650035
0.016391738844708348
0.22621493897880152
0.025972815477234956
0.04732345970096863
0.9532361946857766
0.8942839914022896
0.07202860960408919
0.9456537607928275
0.01210259967769789
0.04061552633699961
0.015436606817873622
0.007149545312275074
0.037783040847359506
0.12297732416059304
0.23787486710333183
0.24567899649192115
0.21942503143544945
0.16114702128801117
0.30281367262945824
0.39306801791476853
0.35519083469195134
0.9417537012261817
0.9865173976190468
0.9876678465123752
0.9010793161232015
0.3386382488023201
0.08484529313195732
0.01811171342488227
0.1148436470383144
0.16955483717150832
0.2582742856122813
0.880619937957961
0.9204808652965396
0.9224916560242028
0.12478106935857525
0.007019348664696112
0.0788190327827214
0.07937376166596333
0.9611714161205858
0.9959405019365177
0.9923276381004988
0.002995799748290784
0.001853279346975767
0.0016077287202793666
0.01719627875367813
0.18491181495303743
0.04871204953417385
0.0433715346319532
0.05060363708347482
0.18436047198246175
0.003605120229998815
0.04887484400621711
0.05127839987327665
0.050499422501662505
0.05184908587730963
0.9835324223744274
0.9595980820284591
0.9726160447149453
0.5989294469153714
0.995033441304709
0.9979102562321361
0.351738434933507
0.02075783740150816
0.019648505584633824
0.03628783178089612
0.1027076269928856
0.07303532063997831
0.0072561212724114865
0.0010240227908596689
0.006755854192045274
0.011055745888679525
0.6198810531967658
0.6327903463168286
0.6788378096735588
0.9999991052037984
0.9999623587016154
0.9996726129118337
0.9862941127373273
0.6698443745180658
0.012381665073898707
0.0003219950763025947
0.00036948877027709326
6.701470358394523e-05
0.0011835252080729664
0.0035834796529168322
0.06429815881913059
0.32298629457912287
0.3196692480811987
0.10199269145678491
0.689714334317981
0.6884620096224765
0.29390420108279547
0.9660922686148192
0.9921575541231993
0.8602986727916325
0.9450430017041124
0.0023619395690793743
0.000824153368988334
0.001415507704873864
0.013278657374310998
0.11629532615035554
0.9972226105747161
0.9882811766912097
0.9517897481192699
0.8498268293455505
0.9015708639893416
0.9790206997869739
0.39424981632812295
0.11773532607289172
0.10649767475224758
0.73958716111911
0.6524642727748884
0.6595267121962147
0.9497030548613208
0.29545311608383806
0.3173450442670327
0.3618656602850724
0.9788352475763809
0.9814486978754969
0.03575479937173831
0.01655950956619945
0.004086133300900352
0.008974066648574253
0.0066488982792241025
0.016959159391064516
0.010050333997944638
0.030718971329521172
0.08019961375063978
0.992404248950294
0.020963276958190225
0.025087443097573048
0.9377357618746145
0.9970328215066544
0.9263469311582809
0.9240860901611966
0.08200998248159741
0.02490704790814413
0.06074957277057769
0.06439121711500506
0.19686809795772642
0.8103700472957072
0.997522410461096
0.863113652920905
0.25628202032499625
0.004952225255128506
0.027363752939656982
0.042254045390713424
0.08120813172026431
0.029574874683598762
0.6686445766208342
0.7404967436885277
0.13956833393722112
0.014703401518825654
0.0027695017070380468
0.12776894819509577
0.1481252425717895
0.0716766759190921
0.04131742086568424
0.0495878899269091
0.11732808549352258
0.2773766992199913
0.9652974920606592
0.9802582718254198
0.7251965720452744
0.10324793266643906
0.12269758459191715
0.6786734622212598
0.9569421124083929
0.9386139984737198
0.8306109296634051
0.8282381459999139
0.8292466849038685
0.5844086830270148
0.6614412587586334
0.5701569353345569
0.6081225202648235
0.8305348931418522
0.2953990571670053
0.2650641426246887
0.7986955710095813
0.9402517152638494
0.9577881941587322
0.3446817492427169
0.042309411123351404
0.0014196401704144046
0.001207141302603909
0.00036361808690976716
0.0023750204841830325
0.004053578633955501
0.15679408135361317
0.18097878086734553
0.310700730714659
0.7870882557441629
0.7803390269970859
0.7609483701117525
0.20375275403779014
0.14013915652135112
0.2429419400210081
0.9670167580983873
0.17225978900243444
0.08580352619580911
0.030570290986260407
0.025685685351417575
0.36945917402708295
0.7527780363739949
0.6087297828123734
0.044876395756564325
0.004590762883297961
0.06174727679109804
0.06409265136189546
0.03291338400843424
0.05573113051478562
0.05662526589504213
0.03366812422329046
0.5129029849717862
0.963176444967313
0.9864624177795686
0.9467308623747255
0.5071729587772752
0.6739594048571904
0.08546733298792919
0.08364421077215323
0.08576613134793609
0.0036963682595176905
0.01968507160937072
0.04141960479131945
0.9488559909967802
0.9510715923612368
0.9858994154051157
0.9981160813578459
0.9982797678467978
0.035609717534636376
0.016493652669769654
0.03384966658002464
0.041908044257298105
0.03302482168894516
0.03718100504076993
0.6585923789434376
0.8986512316809442
0.9129314751188322
0.4883946564062439
0.02477059016252925
0.00019553929945637094
0.0001706227840442276
0.059260932291916424
0.06179793930952637
0.06009765242218146
0.07658364809219309
0.2697852070415504
0.9687758574810359
0.8727110421362239
0.6743871419171521
0.24170407315201858
0.06512875348492053
0.05538131087734599
0.058523093862668185
0.1741237497235053
0.9092577445632068
0.2866584312183189
0.0697981713053416
0.20337914772596566
0.8185701796022585
0.8555604647314105
0.9155610094734591
0.07658396619647612
0.020003125925854404
0.0019237536164329327
0.0013014618596614014
0.0026974820961127577
0.005328545986102995
0.9645496860617757
0.04412317033086255
0.040395544106465286
0.15553421549434465
0.9521069131343728
0.5896679854471416
0.6050183747672961
0.6267514808685561
0.976552976122812
0.10683197101212527
0.04806703236175103
0.38476169261172355
0.9927669159504394
0.9995204367441564
0.9985900494335836
0.05254747900124501
0.004622736189236809
4.222092616057438e-05
6.319405881360929e-05
0.00178332448167684
0.0016987203335135925
0.005613485291258269
0.007941744387663041
0.07672416696842166
0.2631544318639114
0.7710852750174872
0.03232779905045402
0.014168023083110715
0.051068497395498236
0.9802297635128633
0.995829009796655
0.9903404308133397
0.999974592955478
0.9997940461138227
0.9972410090623596
0.050524581816117964
0.010340684080243245
0.013102721320121025
0.9977819460449503
0.7650141391036204
0.8683717176837096
0.9988189051863603
0.3747634331268821
0.06421963762444705
0.027500634501362087
0.016479449969581617
0.0004370374480994199
0.0005549638768638232
0.0013253267066641872
0.0001964473524629362
0.004197190922665683
0.05347266491432123
0.9974390720329418
0.9982358083555364
0.6457849858528847
0.024682593331358582
0.0729468146202733
0.13312658957436652
0.5806819379781265
0.12063713451864666
0.012817772986151166
0.015828223664923757
0.9982248757130907
0.0068249574803925794
0.004209511020479728
0.9959954190501588
0.9967007331094873
0.9970925822941066
0.9971717509862421
0.005420223885317155
0.0006292379384594815
0.9973848963761333
0.010502093833067772
0.0036739626679717086
0.09775176799691232
0.9664769508562747
0.12828523717633944
0.0019733763313664054
0.00674641891228922
0.9981460821122952
0.039513879990023426
0.0022384999675646444
0.006859712950774588
0.005429699501576568
0.03547261613452102
0.09147618246181077
0.9813707034654741
0.9783056445218027
0.7489200613173901
0.14856841139450094
0.057073863938826075
0.050317633390393635
0.03678897802933068
0.1741712743460877
0.9502230096314465
0.9552189872142365
0.07362945165873924
0.038017070421440535
0.033197550547972354
0.043443484142025146
0.9920128059082919
0.9797960508074481
0.06605285160196883
0.03416174454439547
0.04360154102132607
0.19893940858600012
0.9505275248445124
0.19228538450996646
0.0077452629209353585
0.0032008287370699495
0.022876810408261394
0.030982902734475792
0.022305218654322112
0.8904589269587451
0.08854322999062925
0.8486613674876523
0.833045689001879
0.9798982435417004
0.1195383242590532
0.05544199660909821
0.9457469454964285
0.9832631300629717
0.9884635549643832
0.9917845895355335
0.9305397764123794
0.9751991381873306
0.8298761768941944
0.783963217204845
0.9270429468618984
0.9085139257978005
0.9137293533353087
0.9815774451898229
0.934362098303593
0.927748645354961
0.9014534443380484
0.9385469988456017
0.6541940384504189
0.6711585243632168
