0.9988879400936544
0.8683241508416844
0.7923460972118104
0.825890542608363
0.9438679948633489
0.0693680348810265
0.0059401382370052325
0.00783287658905385
0.0018680737473811826
0.0019065705465073357
0.0010638286596975632
0.06976959883120071
0.9886355039623446
0.004310568222507416
0.0014792253097548613
0.013802264123160879
0.9940393238533112
0.2190600032323594
0.009046315477467703
0.003549849897410473
0.005706264816915163
0.007386676663634684
0.010652702094912758
0.05442593372658899
0.9714783937257931
0.05090763519998809
0.0025877738339654677
0.024527473659016308
0.01840646423045833
0.026465452881942797
0.02582293742034092
0.9930560604045787
0.7566668289135354
0.12110461927038807
0.0614945183628246
0.04677744906941994
0.08270260675595353
0.4992587523768315
0.7188805464360555
0.06271243754649414
0.21550792557923415
0.45432956689962445
0.014148350012073041
0.5316878008307452
0.6110833212898843
0.09021806043936886
0.8250974071796798
0.23045303693681585
0.518602051054099
0.2766404044879015
0.21229523045693532
0.08210157938305784
0.16377360038708688
0.21250802634417376
0.18712184813297172
0.8048246437187951
0.6437970734972371
0.6261734845839575
0.6007777606178126
0.01468140573935739
0.02822288188699862
0.3694095396437673
0.09057780181830988
0.1236550759577959
0.14403090977823751
0.4165896854973936
0.5852350651379862
0.7463426754402047
0.37737614115853957
0.31615143748018204
0.7817074454209019
0.021216733822283174
0.1160647240024727
0.5221374074876126
0.48970412414606246
0.3290119911389451
0.1726475282225679
0.1627433550951407
0.04775617290754208
0.6606512604274946
0.7657344830903856
0.7546829305091538
0.574424483571747
0.8327504528369618
0.4556126865593543
0.3649677623797537
0.28808560663885885
0.3953482730013159
0.8159863095697462
0.31319451811473065
0.37166911235450373
0.8780754327340441
0.7836742141630103
0.39550254822881414
0.6102760900500444
0.5294079202640818
0.53714248342864
0.39066674743448193
0.37051962564447316
0.026105280719972423
0.3727445495957067
0.9982762712264249
0.6358743527581499
0.18106813934904054
0.5485004962871006
0.21095066671033647
0.6354589743924823
0.43959526322808296
0.020733212017085334
0.2418972199844398
0.2811781208075649
0.30302715317477347
0.2985831982043212
0.4886113383456977
0.14233321145367783
0.03969169312765841
0.05058385033794832
0.922787191499943
0.044540309889654295
0.03929920671868903
0.9388872966014307
0.8737491465751286
0.3496110297573348
0.4981833955251469
0.9037482311077703
0.005883930129586545
0.0011342236010410955
0.001586285418903377
0.0020055098020724804
0.0006879846843781401
0.0010807266310590702
0.9999992832941952
0.9999994524207168
0.9999994791605751
0.9999985468380214
0.0010788626877510366
0.0006912921419726104
0.002005681050255559
0.001585155381178427
0.0011626110318309069
0.005779077841929325
0.9996582889454713
0.4031166250489746
0.5598468107464297
0.7912354571733824
0.8559017572654476
0.9984867930002154
0.00269144531767207
0.0015568522695009746
0.9874161214012194
0.023814204703220043
0.2423985083820691
0.30669057475673167
0.8669254641125292
0.21309317752969859
0.0663798027216621
0.01460599811157215
0.0674708502794571
0.034353254336845884
0.6019410732078951
0.7204531692928015
0.9890597569042306
0.928384902633388
0.17133882268629907
0.10252957124486894
0.11862299035693735
0.3469799478519845
0.40051898106737727
0.906132583817002
0.9728906698897097
0.04169795107378549
0.009569692136198849
0.0431907035416933
0.08117532592495191
0.0736420978344614
0.07906843621789006
0.7510247451255728
0.9812619779577314
0.09206453667526393
0.08843597056715469
0.9788098800003283
0.9965783823087971
0.9788659596907894
0.9773455900427683
0.1024589005567782
0.09583930288802744
0.008893196282462545
0.00030896299989013887
0.02510023655237259
0.028409584038008973
0.03915187370410578
0.004855896377100932
0.5349521297363886
0.4159850541651521
0.23520845680553526
0.3064765482615065
0.05033198359548641
0.017549566775318604
0.01520943010505238
0.3721641578091275
0.9837797948455298
0.09396754834399401
0.03097841093508269
0.4800466563496538
0.490938381472687
0.0105656901329928
0.0034956206855676353
0.031229995899095364
0.33833606901894275
0.3364840136841877
0.543790817080946
0.3469222618242497
0.1602387689190068
0.028156681582224063
0.006818277433374043
0.005702764280162809
0.01872910718719223
0.1494355538352249
0.998641327418982
0.1073535902877587
0.03781818968538475
0.19665280890351378
0.9997766842945891
0.9917652724787509
0.1900877212753066
0.007845107280151087
0.0001903569607684119
0.00042952467182877374
0.002569105431238339
0.016716373328712897
0.013809637686617582
0.014430007883038831
0.9580019662460239
0.7181697330654464
0.9993497451323428
0.9999332850619514
0.9998886629613974
0.7700443890087819
0.9480796741035674
0.0009823542201765623
0.0004158261326664414
0.002323442440317347
0.0030280871805231646
0.0004376452047600843
0.0003973127620162664
0.009375337082058066
0.1956007128158448
0.19426341205474862
0.11016175369811787
0.11142655948263813
0.8778136827484051
0.9323581534246743
0.9611157016542053
0.36977363726319057
0.2895646993374583
0.2456927294530732
0.23435057043903929
0.3035069535427416
0.03848956044117113
0.5765164847058467
0.9702220219168766
0.038488154876381464
0.016299918922354384
0.016711174838446863
0.0030065297360388765
0.012882852522220767
0.0178173479192284
0.0030791788112569662
0.8675658420926339
0.9784271690871158
0.9930433130963436
0.9948962001030657
0.9957119981637877
0.9655354053074112
0.9638223367057438
0.865584614700881
0.9634599077222916
0.013198372266513325
0.013201520643764453
0.012598802910205542
0.02424207410064183
0.0008730684639921549
0.004141045996253534
0.006319977875350213
0.8872607398356762
0.526069111957592
0.5235786428146723
0.9953743411239008
0.018545763900758017
0.0034218677712901657
0.00019052989311907353
0.00018137240405724508
0.0009378705810918486
0.9999725998796566
0.00300928177075821
0.011709442794912928
0.026768079449128623
0.999963432122088
0.9997429974170566
0.9999723458311672
0.9975586432579034
0.9977786169819362
0.028444476876407943
0.005205661953754381
0.011381370763197118
0.0012713563907403858
0.0003239468078506391
0.0007307340547397789
0.006099619113552723
0.01751858619549984
0.9951623445361059
0.06548060266378053
0.01624197617975942
0.0014942751238686824
0.0011860741995078916
0.9671937468161335
0.9683597259597202
0.9668829901208474
0.9907141185566254
0.020689738616670006
0.02737803397378613
0.03134390141570842
0.032485831325393844
0.8251349136731804
0.6928902860529811
0.8178725906054531
0.7992337256981636
0.7822190073343512
0.8629667727589743
0.4185284818078989
0.37138750855411673
0.2942676151727036
0.0615339649769544
0.16463586508922634
0.49839431544510326
0.6329179010873225
0.7109689064666891
0.9878715734093859
0.9847646937986889
0.15629935342886103
0.02760773442583475
0.004358107347459561
0.004494693130727034
0.026782182921610054
0.8529113658900043
0.925904935541801
0.9891023683944612
0.389845667954248
0.09635608156120723
0.00799345420166142
0.0018171257759769244
0.007771751922378112
0.9928952259973295
0.9928125546242708
0.9932925457343245
0.993299678369182
0.001614870020753445
0.006692694297918966
0.0004729892317065776
0.023043248571867125
0.2549358150846538
0.9919889693198526
0.026472164973166512
0.007246191148968406
0.001967485015935244
0.022327079815007034
0.14074757655155967
0.47710714848516045
0.4244363964649678
0.09315773303991826
0.06954505283813672
0.4269143566608633
0.015695868695392745
0.4719765404402866
0.009203089551884203
0.0010178881363848147
0.02426673930712886
0.004102693564218773
0.002418697985044682
0.048460437733464756
0.9800609874579127
0.05454261412314054
0.008763769845224423
0.009600524873063954
0.006127610370603942
0.0012418696953554464
0.005024971683052826
0.22228054526684393
0.9949471034104503
0.014200325537784164
0.0019349144850761002
0.0023440004360235633
0.9905786983473828
0.07479842331656017
0.004294895146481514
0.006969515821678707
0.0014717266344735913
0.0013378458897236323
0.006463105738491293
0.056264739456384105
0.3468797262330422
0.22765020057231022
0.2205831898795917
0.4428822110871429
0.9449518079364494
0.41743559990770507
0.13246380814142256
0.690531521229383
0.030348649131366034
0.32224951639567734
0.32558757734067334
0.3284213557371086
0.3635231627044925
0.6888090315788692
0.21097572914495732
0.42173603474809773
0.9867381457782508
0.9774996364261861
0.9643296456406909
0.8586574658517897
0.877720050162219
0.7134065261432481
0.624922190764795
0.28359455411524437
0.28487169533776546
0.23742886929091178
0.310256586935429
0.053375905328778006
0.4281730585399154
0.07582820364257592
0.41280376117951645
0.9949574106604744
0.5654628805231979
0.3509757947942441
0.0230017249436546
0.01154405104708034
0.6803859149298224
0.9958123407941726
0.8468313282841025
0.845921423462501
0.9955360901243486
0.7918715600626479
0.7827267609911243
0.9648119171950587
