0.8462566922895867
0.737406620163881
0.6585227069210589
0.8228484130963158
0.8371855039510472
0.9438037461347577
0.9571066084289287
0.7438575971329029
0.6601084714846409
0.33994251916563156
0.07197390268852355
0.05769672758785671
0.11752825636340847
0.059682413001405865
0.5910082032054548
0.774873239601235
0.9303564618922207
0.5346462890485832
0.2069034846820934
0.036494136291664536
0.032552513738466016
0.004115403107848525
0.8317045300032556
0.9411795657363622
0.9682043957037502
0.984859098839954
0.045386453724134856
0.011022747703623215
0.08340033206733477
0.1378156437554724
0.37517236732502535
0.9732390628569678
0.16797399636470467
0.15797572369245283
0.116342188768772
0.26878350255980665
0.21676989415569148
0.6684437851493377
0.23161939750256333
0.4073603592273689
0.3729571844854128
0.20907236793367068
0.18533261392764222
0.09248987401513897
0.7927676968699798
0.13196980375372336
0.21788789141740061
0.11687040132847137
0.1393132026865932
0.041068084130312155
0.4587614805177256
0.35604963215216634
0.5296875844369777
0.8314422438304554
0.5747192430654486
0.6011410278983073
0.7951703935226723
0.7388147906338911
0.4967038616706898
0.27984832951619454
0.040345160220192744
0.3082920540733308
0.3730326304801316
0.7743836558756332
0.6398678354037294
0.42386868223404717
0.030091939949752677
0.5452853290899571
0.34766500173417003
0.4572729918420275
0.7285347057055291
0.6998177559536495
0.7576479298792909
0.756221099027003
0.39712253431658484
0.021343102633884614
0.020539895533888908
0.7598193561388054
0.03374696760883289
0.04641001743127671
0.09485182946530712
0.06850509611262834
0.06357971973116272
0.37718524787685104
0.0140285857703083
0.041145982555991
0.6123419320026275
0.05009583831392017
0.4153589375965656
0.4183213584543244
0.4536515548876433
0.6629714186483433
0.18110515691885332
0.5452135092785502
0.9739675163872714
0.5884751929578738
0.7526090902906226
0.07625171264320696
0.056420787799840943
0.5607593674778967
0.5497699812271443
0.528184213494262
0.5286594823294639
0.5381067903434951
0.5420993569612713
0.07803221118142811
0.48307910189286074
0.9635466793168406
0.7534264821007445
0.630612270846556
0.4750720307083419
0.12919854618363158
0.11578509481211507
0.01568472246697139
0.0001472045659223209
0.000160867311657098
0.008459681669138353
0.5787986763477724
0.021755090137713262
0.3698890036723571
0.2301291816350569
0.37717181896020013
0.37704933057463663
0.03986942061414389
0.046016836023948904
0.39091285445723156
0.9627349682669378
0.6546986647583521
0.03725986125715408
0.046718210358735135
0.08375422765212526
0.36046966619954657
0.7955567687248014
0.9741438078770418
0.7732758113536934
0.6515210526528765
0.42884610676804324
0.7223739352451775
0.7134816717548276
0.2857627410669361
0.270976280238046
0.1481677562498841
0.11778593235175716
0.0678559194229379
0.33382501909823115
0.029930455451418814
0.016280421447495974
0.8944048399785468
0.9836247799765828
0.1292816565661885
0.06000868812903437
0.04516539390189178
0.05393643771890033
0.003173974179920047
0.0038090480316429476
0.013129781057560796
0.06482670373214261
0.03760089730408023
0.04883745631201197
0.9946649751783436
0.02190389204167731
0.021634153398648714
0.9483356843936451
0.9703411326061387
0.9870534244359246
0.9515972942037214
0.01776431527214517
0.01542102936396006
0.029763701156796274
0.035053658227122586
0.165310840925306
0.8007911499877423
0.9921579767744602
0.8551294361039986
0.25028628869084113
0.013921953197998604
0.011425823342806951
0.008072751007042855
0.05314763031112957
0.0310883588541343
0.07855504933489821
0.6636588346602488
0.5883663006780602
0.5506526806796586
0.47612214191402746
0.8059478669743577
0.8997246890398248
0.6400526946184821
0.3650367678329348
0.520841719704578
0.592741473002379
0.8899112035682242
0.9604526246528716
0.5485398283580836
0.08696263435476825
0.022766770548136472
0.26390581971900773
0.9576546100102357
0.9626339186876001
0.36120074421759707
0.11686392358694886
0.06886459125093225
0.7228559575583653
0.03776798192137376
0.07076050076076734
0.5501998679805159
0.3072833316881912
0.22358826487702854
0.010834626809093528
0.02500949019627563
0.12580273974428335
0.7776328835120278
0.9900019407492756
0.9187188125494437
0.9635115389641133
0.9838281096278194
0.2796945152626218
0.26647511592070194
0.26809521867506114
0.153971618254513
0.9913216346985818
0.3239732004957787
0.7357940782964472
0.07752760570939521
0.013055106673667494
0.009771464785272799
0.04611932557366538
0.005007846447124487
6.86293625198342e-05
0.00018893925777796472
0.00011615700508382787
0.0008392259075240549
0.007043278188699764
0.05640114337216928
0.4532161822543549
0.7621706103807613
0.5595480299436555
0.06521818332931151
0.03642507533506034
0.0015221777315232998
0.001436865721824443
0.0001774973601676999
0.0022325043760551555
0.0006220581904556877
0.006980537536523834
0.9658237123943365
0.9999997191884381
0.999998838911437
0.9999986845284242
0.059706979891034684
0.00019972709911231235
1.0896687515749015e-05
4.8318747069564516e-05
0.006975882072924988
0.8811597287102519
0.0005706346483905778
0.12429062285141701
0.9999909015228566
0.9999937095371563
0.9999910414435896
0.9999993264816569
0.9999987589516888
0.005265203725084988
0.0007618452994778702
0.9706552262197086
0.03630775463442093
4.6345060378039094e-05
1.5735327426824597e-05
0.00019931421513574854
0.05973819872394559
0.9673630473857584
0.9835577364170314
0.02479385882574414
0.0004630361523090265
0.0008224023111197409
3.306984848372441e-05
0.0030012590187252774
0.000483213253977377
0.03464380215983176
0.36488226464828544
0.9802648392400887
0.7200623527656564
0.5596818101444485
0.21532334306871825
0.05633029304036996
0.007180901461928513
0.000818570349039538
9.531355011527243e-05
0.00035932556132756144
0.0001648437988646112
0.003429123398748679
0.6599211224898979
0.4242017786250061
0.9832175202592952
0.09199693672542542
0.06188066743541287
0.02402821247500886
0.020540254797971835
0.05223821468258427
0.009132385511783525
0.011162310945298404
0.04795390202248728
0.7167628201462432
0.6903719491869349
0.9634332792884511
0.04728151186371288
0.01984687519618178
0.027304307037179232
0.2828427758016899
0.07650263864578877
0.11003788148607807
0.08255151565797614
0.5160461950965973
0.6638039371743013
0.9989795636902075
0.9996001156306821
0.0107230230945905
0.004663413585730858
0.00256482818029502
0.0006777568047222626
0.0007206671626879269
0.0034446253737870913
0.006313117466469675
0.010027486364941884
0.06145806811107557
0.9903068641395673
0.29162533977480376
0.014753795815279358
0.004628530581053281
0.059657916740376904
0.9893193069750195
0.9891107261705702
0.9972336807827746
0.9998285964905563
0.9977240488708008
0.9892998839173135
0.9029087678159564
0.8957808367592085
0.04349771887497589
0.10879687611570588
0.13444877045361558
0.2623041524132481
0.999107647076905
0.996004851534712
0.06054144264811345
0.012057365854718283
0.005856296910164205
0.0031683279100142014
0.003166033877507024
0.0031717683294736343
0.004211300537233287
0.00645019651021983
0.008511812932569418
0.9764210241646205
0.9993259315049718
0.9087388335678471
0.6134393279017034
0.9244584892130688
0.4140819747843776
0.24083454361537093
0.4352738337795651
0.5741150043208776
0.43497678947042184
0.6096008844088358
0.2761435421101627
0.16322022396817382
0.8357171835382989
0.9990243503873147
0.99876034580388
0.8906009796846185
0.5868596970505037
0.3077785149303024
0.8267809195344858
0.05974105118189055
0.005896091303824735
0.31655093018228875
0.010895520222486743
0.047711473760189804
0.012362717727035899
0.044623398811748816
0.7056261128111734
0.7089319461207624
0.04805709941879832
0.002821029970072053
0.00016417349648190083
0.001120377469131295
0.002506030975510831
0.354381061324895
0.6656899003497772
0.23380243748853535
0.3435647178455391
0.9790459764247612
0.6091367747941443
0.36691395346947187
0.1854011089638039
0.2799430908939442
0.0662341699533654
0.7188303233896265
0.28395629870758254
0.7187520169445505
0.008122667700552366
0.002059622686240603
0.2800587869878828
0.2679164949810857
0.9957397994263725
0.9935034370394834
0.24830471820846967
0.1129704517020036
0.2259573039597862
0.0020822370684111524
0.0021110155293825317
0.08893219122801876
0.04122761243958417
0.029483621390033243
0.03920242226706849
0.15483551828856734
0.9795304807079391
0.8339802567909005
0.12783464999153227
0.24117335612057922
0.3400636300228922
0.12085847456232512
0.08720097830806606
0.01304280655784329
0.004481695160555743
0.021201305398885983
0.980931397232638
0.9667058771392103
0.948501573535542
0.988722166092086
0.9838527351507167
0.9906463715303878
0.9881958307237375
0.9449517371669076
0.9224208503588593
0.8978632539597944
0.01845801498661337
0.04179285222505269
0.02664606924862023
0.030785437100732338
0.15095573818115482
0.9503719695875377
0.397180374941029
0.31606669231251794
0.37794329727155496
0.9136031306593962
