0.9999980245011437
0.993848940254244
0.9999981628213402
0.9999987097085554
0.5126903943840367
0.4955209272901695
0.9999981228072401
0.9999998549276028
0.9402659685091456
0.002700707191219287
9.808734835681232e-05
0.0005560540604985231
8.590148804288322e-05
0.0008806281552896644
0.001948090940947389
0.401654432285952
0.00410815212555693
0.0007758009556619871
0.044744715386810796
0.0025818077205657097
0.005554087472644076
0.9585488491668368
0.9972265881038466
0.9921589067918322
0.9997526732817477
0.9998731265709301
0.9999255347239975
0.9988502080901044
0.04963417197760256
0.03915989550363119
0.045096295037257095
0.0007572519994055726
0.003024389472986
0.8954822452925639
0.565883197226609
0.44579971720865375
0.4387963543058909
0.540858313991753
0.8027918383862502
0.832154517346464
0.9541476668348949
0.97298774505539
0.5385217269445943
0.7264307262586951
0.7385697341385544
0.5754794107265018
0.4949997450014165
0.7533203056880604
0.8828900914292628
0.8885540424859273
0.06836376320611148
0.0013485611758070615
4.9467331517005775e-05
0.00032229718104759275
5.37406653652317e-05
0.0010236841425937948
0.0020213518753572357
0.002487210802533779
0.005622814047570701
0.054276963861980554
0.9595437336330397
0.9622953503381556
0.9150179408749823
0.9573489109654738
0.2037198792253535
0.9644397557021713
0.024540015352412015
0.004074277251391978
0.034128600813795984
0.004506230512816178
0.9921927561535493
0.0034448060836779204
0.004904992031961153
0.010578891886850905
0.07730683234257074
0.9779271037512152
0.9591279550694838
0.942123605132084
0.0635534322626603
0.0030279370577126485
0.004481159031433646
0.014914001434916946
0.001284877817508412
0.000464344646487147
0.03704068994584109
0.9812108119947817
0.9964584949626374
0.18311709173485036
0.14780696751484745
0.9107291479228493
0.8698109379353159
0.9438066238410423
0.015399528894265102
0.009315768409803415
0.009976223977785859
0.002296083107784508
0.0017611587597183842
0.0025867418123844965
0.0057134841816239845
0.13957589065206344
0.30960766335949663
0.020571706002586065
0.006934494067356467
0.005532443451864433
0.7871321693734611
0.6231466842489913
0.27262297162652915
0.4953056632511601
0.8809782403294316
0.005205918579047952
0.0008026590385711296
5.11254502019165e-05
0.000557479973327335
0.0022255236618807794
0.0044406910390472065
0.9999254413180202
0.9999983677053904
0.9999995764961532
0.9999939103884515
0.004380575511196638
0.0022430068129690728
0.0005613911726470855
5.4489055970163847e-05
0.0008114841794640837
0.005200837619262044
0.9996991527613678
0.377272189727592
0.5730463621076977
0.7043529561603481
0.41763827903397077
0.998816265261942
0.009898260371133727
0.006837017468551365
0.010058181221678897
0.12967169638311604
0.4018867751686246
0.712052041043437
0.6913368576833835
0.7254603615053761
0.780802999716767
0.5324062785278671
0.558948111408198
0.23137513847195623
0.5326293813779921
0.5367243040502903
0.5157752548106251
0.46720202537415767
0.03722445314608025
0.03367994304135713
0.06731943416417441
0.9342986672456013
0.9290273914074161
0.9921327113839886
0.9907365742951069
0.35206738966874784
0.33017806557076723
0.37709542438510557
0.2500926344018132
0.2749863729356625
0.7226874981564095
0.2060910824069223
0.18943567196458222
0.11902249917630037
0.04694944332557949
0.00112742546833966
0.0022149942936243727
0.0029047386061344938
9.153269725659108e-05
9.29820837552997e-05
0.005651895749306024
0.9803619830931771
0.8863533866694172
0.1629719055686144
0.15391649953976339
0.9535086230974583
0.006781524129657712
0.0032943339982265396
0.004611498776310952
0.005886423071326141
0.000690126431711513
0.029832192833547544
0.08744585082368483
0.1431541712464176
0.0013779644065402552
0.0007956047505102148
0.0020253898576361173
0.010143211767140725
0.03823495514508757
0.9997532962817085
0.042803401681524966
0.044369510316224936
0.13060652344207302
0.9997040911368009
0.9991340899397813
0.1991318566277127
0.006463080647306052
4.3658291703496666e-05
2.185295175216595e-05
0.00043161368310495885
4.9514890296809e-05
0.003703353178545532
0.014452045359554022
0.9832748705567106
0.7356420784027132
0.9999997843088301
0.9999997990895678
0.9999999821339018
0.7642191844050331
0.9714238762947098
0.0009551979473036987
0.0004774560320105481
4.8942291213438516e-05
0.0004314849637910845
2.0480850515425253e-05
4.4369138356037396e-05
0.006327668124250674
0.19938020256393374
0.130964635593384
0.043932887428145606
0.04455417624357594
0.9976994462068376
0.9934152252572431
0.9974959249146769
0.04560413434757138
0.01117916229381577
0.005006242919985526
0.004164631150499698
0.004954923474734696
0.1498762600536574
0.9662579980248515
0.9956979380088288
0.030301835610755612
0.03768555347342073
0.012667923822689664
0.0007439459418401295
0.0019697319623177556
0.061238378261031734
0.0026532740862618143
0.8296210934481483
0.9349738821669575
0.9346793209269479
0.9994596065302851
0.9993725367677012
0.9930747669367234
0.9914723406258652
0.896556967276056
0.99124990965769
0.06987694459387972
0.0684900501528175
0.005254895266639692
0.0006083603138687943
0.0012204748850909164
0.0008622728027503079
0.010147045034443858
0.6973834841904578
0.686652316278296
0.7454304412425572
0.9929162062427292
0.016830838170713958
0.0033479596936649703
9.942808324858721e-05
2.6889075183889055e-05
0.000573978341450343
0.9999971175527153
0.002798081692673926
0.011445522467740443
0.026485215564200026
0.9999632433477067
0.99977532446069
0.9999883792916422
0.997840887291424
0.9980406484316947
0.028405787781472958
0.004887199530062114
0.011356355216237346
0.0006147516545274012
4.6984920089476745e-05
5.167907824377149e-05
0.005946934592340414
0.018908707198993624
0.9961634249102541
0.09440390934071152
0.032225379053796965
0.0009215318347900459
0.003804642154243254
0.9090810320745092
0.9082127796623465
0.9070119881387941
0.9752112760009934
0.06286227292613134
0.08070847592246477
0.09513502449541034
0.09198806384920133
0.6623872324854043
0.44118983313172266
0.7596694765338226
0.6214965167346516
0.28703818201120657
0.6096227128641022
0.4902056790124445
0.5027074390868564
0.7285048349395626
0.4176846439407964
0.35761713898050873
0.7121467504679164
0.6932145880202886
0.9845698572281442
0.8275725686319344
0.9629324848805422
0.2643567299933296
0.038676757079122326
0.010323154921261679
0.01811269040196717
0.06202381694005776
0.9883570618559901
0.9939696957639745
0.9972755468013027
0.5842954807630483
0.04605017545340251
0.0009035722086060405
0.0012489619941268293
0.0014200533502690682
0.9989886305903877
0.9999079031566437
0.9999887784529059
0.9999842895459378
0.001674971831644001
0.0008108926461422028
0.000774316686355303
0.041371263792205126
0.5859744475534681
0.985095928033098
0.9973743865519767
0.05169151790456805
0.007791583655051282
0.006404811752601436
0.05141603744218948
0.193678042260227
0.7026123271493288
0.8607278099401056
0.9484085649580968
0.3212088521972798
0.6146298964902783
0.08600106502630733
0.269268438104998
0.3422216170900737
0.27461288278601315
0.7565915632158866
0.4338668961411042
0.5251065077357632
0.9885592297687498
0.536681513300761
0.41730818996126307
0.5267549138325753
0.9875513257546614
0.2811574348995486
0.07986660732302697
0.06315726707489211
0.06259774511790928
0.011173058563213045
0.0006385377095416978
5.0488290627037635e-05
4.7066146887653204e-05
0.0016943944059741867
0.004106059312507404
0.024481255560336757
0.9981511833638527
0.9995160728836288
0.9995534939303576
0.9995630856839245
0.9997746374926564
0.02285510037841898
0.0041488650328594945
0.0018667999994000928
0.00045341610805293975
9.796841534326362e-05
0.012201673081017161
0.9218552320654321
0.06326963316422207
0.02911285276283415
0.029883086234130718
0.05585307128794026
0.29112365215103997
0.009361982992015072
0.00021366760513141791
0.0001886227661272999
0.0014104412278631573
0.021140986376634863
0.9947651051862373
0.8932102430333818
0.12458163127960531
0.2205715886170745
0.9977657978843855
0.9212767792652499
0.9992467030451316
0.9992899273365602
0.9978000349603053
0.9923939156395153
0.932722183447541
0.22229054551026062
0.2302772384027627
0.893308658895651
0.8871894645555097
0.9969654617322932
0.019544962755895345
0.00026583007062197517
0.0002582392237820974
0.00018206283467547824
0.011470448545032763
0.9781356595114501
0.9535431922415732
0.9652266128701513
0.9860890184332441
0.9550852437430163
0.9871624611352583
0.11919977691083594
0.005476445164950494
0.0011371576856409327
0.001400623692922931
0.0022927717116375534
0.03501798303966708
0.03558396450922108
0.05255111191970341
0.19704673538251083
0.05748485075845422
0.0015214231250122445
0.0019136215355641806
0.0025519537289465655
0.0020394881618077676
0.0010641812910402448
0.0009509509389616921
0.0006908345464768928
0.0051918570751759985
0.11959952892601533
0.4451656344943036
0.002770378332876411
0.00011002486048150573
0.00010266201109410122
0.0014665448243900148
0.000952888331807844
0.002877709990505073
0.9990565640485819
0.9437508974922431
0.9946737661549736
0.5002473229359331
0.5122122986964975
0.9972721776961203
