0.9704102759776233
0.981001608517785
0.04365282707735063
0.003929378769006453
0.0033824233505184154
0.014263286832925104
0.05517333838971794
0.1728110921799878
0.3065369774002473
0.36543652056432263
0.4050076904331432
0.026485571071262926
0.00856459269246801
0.010181209155017745
0.006870725520894405
9.765456085031321e-05
6.810470294160709e-05
0.01689107859930461
0.19671462473539336
0.9999501448871527
0.9999482758051622
0.9999489057242178
0.9991778871137267
0.19749542245465723
0.016978242496103357
0.00015542894045939004
0.00016653670971533696
0.00019220746279957623
0.002403382958158118
0.009857517995224718
0.02474907648717728
0.730259702234475
0.740614952640384
0.030370854703282935
0.012716938431192482
0.0003575721826469813
0.00041625819590462854
0.025274714904371387
0.3407303431604273
0.9999871030551711
0.9999906144446538
0.999963711370783
0.3412380866790907
0.02476253870767442
0.00030233639867283113
0.00041396347366384756
0.003814966399659392
0.12107658406009203
0.835866220007573
0.6896685326920008
0.696942693602546
0.7028588143821255
0.7129733391760682
0.8086432890512447
0.9729289624707801
0.8586852494081774
0.8050918767257726
0.8573760921115494
0.023628929850358582
0.004817859336739172
0.01369937394210441
0.006368841071256792
0.0005568946760297067
0.0003891310264700909
0.004582247054286115
0.04622079073644003
0.9995873386513924
0.9999449635628723
0.999693398794019
0.999610033209561
0.04595025392534535
0.004272417343326507
4.5619317309952834e-05
0.00015068421235342466
0.18460618237934212
0.1971681517061482
0.2139999856970366
0.04611146528825305
0.4107513234936434
0.8901815397564875
0.8198620882130366
0.6720378167062002
0.4288547705190937
0.41905787763824554
0.5866168555893163
0.9379425289465764
0.9442709880995256
0.9618044247835895
0.9730095203228398
0.9712067909737916
0.9664888903573172
0.0266093526415061
0.007880005969174708
0.06629806723523513
0.2530228005693863
0.13602497181518403
0.08408651188776506
0.053546517420669515
0.07243396386219814
0.13211262746891883
0.9696802173395792
0.9351259277395048
0.9727466697182536
0.214081540982212
0.07854586924602269
0.06203849634528724
0.07876859887104803
0.23024460584568218
0.9974271069194554
0.9962455179705996
0.9975891887696163
0.0563826285770993
0.00977626938924192
0.0019354301122359585
0.010155537782800983
0.008476482351616021
0.3599212371507017
0.9847837647318554
0.02679129260995794
0.024108408733843345
0.9977469706366064
0.9978696819832085
0.9993467435613753
0.9838834922381731
0.00842241194527471
0.011031770467492041
0.9814894834112686
0.35912193079374344
0.0065880066077221855
0.0018084763982738616
0.00043668320179535147
0.004541794164926727
0.05822011105703173
0.9967346303249405
0.993437328954545
0.2771622602239431
0.12287288046214229
0.00719438365607572
0.01918536229490342
0.12508995880527685
0.856702965961881
0.8071285118120619
0.9515277791073604
0.7286505176189696
0.6348895881177012
0.9180769927831149
0.3156212582683382
0.07576168887627177
0.016525393737292338
0.005362721524925007
0.006917545564908312
0.009875390490660885
0.014784235443793481
0.07585949878130671
0.9980036828146098
0.9936153924759843
0.5980705202010799
0.6413723893043117
0.9987528252705388
0.9961074941402154
0.992308830717818
0.007419467828705395
0.00268492495559558
5.382568582812386e-05
2.323941478576952e-05
0.0003217207511415632
0.043835587635182915
0.7660801416372602
0.999773141838587
0.9998483740334038
0.999781371962359
0.7660990374212325
0.042543693515463166
0.0015146737732720794
5.041228176361212e-05
0.00018376250731311217
0.0011384177100921544
0.003177176513176949
0.9775993767003097
0.6110804228764265
0.5677792190781976
0.9742317594964043
0.9771738895310845
0.061694203799338876
0.025581519104935002
0.00845416366374463
0.003768357898917163
0.0033260576582594403
0.034734144407903345
0.081362777041323
0.19239440141706543
0.763693064013173
0.6727494147847634
0.4540678524273358
0.1241846126649655
0.048775118904178405
0.05069044513838927
0.03512148153775563
0.06945518006223406
0.9782491336015222
0.9729363470150836
0.12134018989838269
0.12426479307327742
0.935962740347255
0.11084485644114128
0.06501317617937663
0.8457713579321424
0.0396320284385101
0.15992821295697957
0.19711710416791695
0.24907254405322887
0.9722605042301625
0.009341773233378703
0.00377804918431468
0.002521151557360435
0.010919686015195218
0.018866576206441388
0.031057356520292734
0.1256108658172579
0.991361175193973
0.22040596210480534
0.09606661803337446
0.034153090673177844
0.021781650163761324
0.002755606076543904
0.004611775438153054
0.06571718601905041
0.9672589474101265
0.028075504329018952
0.0012052179796547824
0.03295407564098596
0.46544234878454693
0.14976111864173847
0.005699010971897733
9.090881724227451e-05
5.7267025364904356e-05
0.003950489825655379
0.047699549179767486
0.5234574870173947
0.487129406819626
0.008267485222251403
0.01409427731165469
0.1386372474128459
0.12893165805360707
0.18417180492482632
0.011487773927193468
0.0007846158060950126
0.001155382752147438
0.14835412391133462
0.4037608455524536
0.8377409430797087
0.5212681240368687
0.11272193361515048
0.25368902473859
0.8460814440306681
0.8317226859451576
0.01948242356241736
0.18989116919528415
0.1909328811758444
0.3019265052388883
0.9333436605779256
0.41822535541029926
0.9992677284028666
0.19176171087587068
0.014049096431004604
0.009577483409109355
0.014860997156615818
0.9993057519146467
0.03275691714273232
0.003949266402555995
0.05889259609413244
0.999799636514916
0.010534833117987308
0.0013882106127246496
0.0011030270127658781
0.00021224170055578195
0.015455311348464229
0.9999963488582662
0.9999981514659734
0.9999952424983739
0.015453805557216871
0.0001875047206921776
0.0012246620041035383
0.0013881177488291874
0.010623013171506268
0.9992164330030832
0.059567876219467575
0.0042672635546190385
0.032228738522952605
0.9993425686700181
0.9993217695961049
0.01435734712660186
0.00847939298471756
0.07332968803580009
0.2688154330148874
0.7483764998112117
0.8379278125163987
0.9431492468549364
0.8850312511081369
0.6955439633597644
0.057734875034224586
0.026307912992523552
0.18314671374644786
0.007395069218687378
0.8084167972189058
0.12433429669546736
0.1930080834633484
0.17863230830488241
0.20060473468898554
0.12074141129633664
0.120792922939718
0.007191181260447266
0.8749294910584765
0.05919934099794921
0.1247688179863583
0.13417527715197042
0.9932454419069654
0.013930297679016546
0.018982907180528308
0.021872548842619688
0.04952720247026132
0.002223644466162078
0.00013662226630051233
0.00018118597674754433
0.0058960709779511955
0.1492698583840225
0.967473875730362
0.4333902539596842
0.0008814331675011111
0.0010678347893018358
0.028539940068982972
0.9684338055409125
0.0989171226379888
0.03312707525666336
0.029513677361990065
0.01919283604943589
0.03743854058703322
0.09543954024917534
0.2147836304662094
0.9967888015675574
0.9937972216110313
0.2673092442661519
0.14461189127453555
0.1681201388851905
0.30426457792345796
0.9851176826545305
0.9942307252890393
0.9922140475084329
0.9933980959087281
0.9982674198751307
0.9968024339603345
0.9966370709751884
0.5699457872658817
0.48929009283174507
0.495827078390524
0.2893989223582927
0.6778836200231839
0.6796732209487976
0.7052866147905038
0.9850304360966453
0.9942336903440477
0.9931174453017627
0.9995161718997143
0.004695989246372045
0.0016287869675685185
2.515865772068082e-05
2.764650359532439e-05
0.0002560885759983478
0.16956993305948342
0.9999589066205934
0.9999908904794335
0.9999905168563272
0.9999811260747842
0.9999894490351863
0.16956202911404072
0.00020961995759483099
2.161840705339202e-05
3.5509367438124606e-05
0.001679790670999548
0.004845864805843592
0.1334619072367228
0.04897638035881746
0.03551061716642334
0.017976020211049493
0.014490985089102515
0.009314011393025678
0.014024696981798868
0.9495225166328075
0.981237308832577
0.8563628110109704
0.13496992360919668
0.08398313876040431
0.1521585081071064
0.11691581180400212
0.9592947948159284
0.036823755906348454
0.07681284838934499
0.45215191908133723
0.3726907417711013
0.0029581226410566597
0.0011139947330831568
0.000846562008631091
0.0002943973822981949
0.01950762727180322
0.9995520916458499
0.9998861521211146
0.0035416950357938237
0.001641731395192858
0.004286003483622403
0.9999658405588806
0.9999222935767782
0.05618282743325387
0.6242869678285925
0.965888085472502
0.002755037266499172
0.0025728769938478946
0.005731172314853872
0.008511931541250961
0.05866698919459601
0.005835300634970286
0.0042674044642574405
0.0018884856956487006
0.0012224219167306094
0.01423060901268447
0.9986481687410845
0.8480468209591947
0.12388642960521579
0.08382590451385041
0.15483071876365262
0.9950900059274459
0.08415952138615512
0.01492319313013768
0.01944717642885152
0.9988789807600985
0.996393404130919
0.9962257722748589
0.9923688470035231
0.9978190643163677
0.01727155144282555
0.016533448280215746
0.011072951735995096
0.0054891941360093455
0.010685348417832197
0.2780613761855928
0.01692395142063219
0.002101947862109932
0.002070517750206169
0.0003376807360455647
0.00582600542682743
0.9998400968816312
0.05862170932989752
0.008460033716609416
0.005526143155692553
0.0022077413223321463
0.0032158718545652887
0.9997623933322501
0.037301748873554974
0.6128983125568247
0.9961877335838423
0.004456847116210638
0.001892296780574232
0.004060916281782179
0.9992558765677642
0.9997553152665898
0.019029121163983698
0.0002751778287310991
0.0007999524456137053
0.0015455536051578456
0.0037131908163293703
0.039470858509427664
0.12249535899023611
0.611325125862419
0.3707078812373287
0.37110114923870796
0.1512483360777651
0.038593121460033464
0.04700685643800517
0.1414119912300985
0.9454916657628808
0.24514348899069793
0.28103551438176466
0.9432176120570028
0.28441905509574117
0.38956641611770215
0.15893524831702188
0.21770606855959607
0.20507342729979572
0.12613924089717554
0.06258781685059189
0.014788906985886197
0.014950656070733426
0.024533472614903684
0.9303494327893773
0.9286318756833971
0.9804448583636908
0.9963758451799414
0.9944056931079177
0.5145172106035046
0.46798852346984254
0.9705039060132149
0.9042440017773746
0.9774533305564027
0.05456609637442689
0.01232082975016724
0.004754374461613975
0.004286019555958642
0.20523849904040647
0.9655650771945631
0.8427723769647931
0.09611931752764946
0.0007849460373144934
0.00037264097295819365
0.006759765837367815
0.006376939112597735
0.005676914556733692
0.015557253224305678
0.07068443303002259
0.7634744526873076
0.9999190916672059
0.01565263622213431
0.0018018507509002246
0.00537192175797474
0.031993332990611356
0.9997987611715141
0.0009184277592485524
0.000930678079647751
0.030125987396055542
0.04341168210611024
0.034591109589317215
0.009155124435606732
0.9244072220004362
0.9463513339945708
0.8528521571166741
0.8818945516904348
0.9184491004201781
0.9994920954089854
0.999844546497838
0.9960229336351899
0.9015223781817381
0.8678651536970134
0.892597934050741
0.9598847361312396
0.008288234431284014
0.008720496220527063
0.004214141489633172
0.002610778958946125
0.0002178400276640069
0.0010497649610859972
0.033236392855313324
0.004148610997531166
0.0023447139065073674
0.016372480989132798
0.9989193165685237
0.9955666068403048
0.7581388088227199
0.9952427619104646
0.06074420948280401
0.006549649339842145
0.0002956396622746382
0.0008236102957339675
0.000968257600918343
0.00010269020245479155
0.0005480923172366259
0.0942379633872461
0.08338081512956519
0.011377894837819702
0.008427479853217124
0.003803128716071691
0.03579990970974545
0.4707496340303965
0.3367467729456317
0.021513313942217005
0.019646967853862995
0.017174560090868374
0.03165945745301557
0.036636619979324325
0.0801320312226067
0.10543510827276081
0.10365567050126634
0.2910638193554709
0.8911664369275868
0.22344075458606805
0.1765517456541118
0.5328978073916587
0.5530813810814527
0.20743233905435354
0.18396631472149994
0.43039044566311546
0.42226772638329135
0.03808342515745855
0.1232465779716152
0.5087359072108524
0.01878505640638639
0.02556136808685605
0.021376692169226885
0.03601411739873861
0.04222466131622882
0.9984602384383905
0.00655851528080742
0.0021093532349608646
0.04903508484780594
0.9972558994403627
0.028828399592030873
0.0005853306407480607
0.0042922037066663865
0.5366936914333653
0.9978099619491368
0.9977555595461938
0.8164931975241513
0.8108040676651695
0.9874099288700252
0.9570558080130647
0.9928446342221123
0.999351356245962
0.9993663730988537
0.9967570811347458
0.9784410812632071
0.9814674842472215
0.986126879712797
0.9891071305790821
0.998462171350345
0.9804255144435836
0.9987182453877982
0.8279084941027639
0.3533202688553154
0.9962534963449935
0.006150207300795074
0.004369891385237246
0.031009388902433876
0.9989431238572404
0.049840403367178876
0.0027507828540976886
0.004054235100309889
0.9792974831508178
0.02094250158570443
0.01717657043787091
0.0147260472773596
0.007483791093648495
0.011920881704364783
0.3755134046123685
0.2671866227377735
0.2911226551523388
0.22780750328061172
0.34325497215882983
0.7819673423895062
0.8593781136122228
0.9092390856081264
0.9132260739342472
0.9004832538452581
0.42922540475963644
0.3105770332600768
0.20051383255568433
0.2291279843451346
0.35793959251089746
0.8654242548553556
0.8315163008628486
0.04047085566335362
0.052370306661361665
0.828709525146802
0.9467580506689063
0.1772572560665624
0.19772085531730466
0.19739899985960718
0.19125355810214617
0.20053957729682226
0.5165698913103862
0.8943599318587133
0.8773612614592194
0.9583302571668463
