0.9877831403800695
0.5105341470151967
0.06767744351495175
0.029435582564775187
0.08026051310391025
0.08537420267367668
0.08556904647613162
0.07388420419922248
0.33152438819217056
0.9066575562600254
0.8580103214124761
0.8682740427455276
0.9673316961273671
0.5172833083700804
0.34671665751087344
0.4027285893569792
0.2606637940480141
0.6243165697480375
0.690861737984551
0.7140178073315699
0.6968593347181132
0.43009290233482933
0.4256109648926939
0.3902770060288129
0.3588217198018486
0.7078241573580483
0.6453844408600518
0.7373545065428249
0.33488811699631293
0.10362107834360623
0.01457361447247707
0.014381088823282262
0.05044160833615208
0.059144780349650095
0.06279245203207606
0.9852345583684929
0.06670250404037514
0.07450855780361221
0.23412770015996076
0.9737306907326502
0.9709304825953056
0.35256389086243745
0.23604907270447395
0.28343350164041015
0.9807936900031937
0.8417617913872586
0.0972395109732146
0.005034129392131326
0.0038099245240438284
0.00216906573779152
0.005501254860874161
0.0027002983154380544
0.0011944087861185393
0.0063177764816783055
0.8843719160231881
0.042588509488980186
0.11986175924670539
0.39918184220089403
0.938985646966853
0.9845164009311884
0.24675679618063362
0.029253790091879006
0.0012948702801647283
0.0018766807469846603
0.12148640614026618
0.9940335684179971
0.9590078002156017
0.9947520171957245
0.9980710884547098
0.9963449545098014
0.9641532971331628
0.12294038362244819
0.009941102167151827
0.009688461883177069
0.036106157264550576
0.2486411681553804
0.9977007854842224
0.940798146358051
0.0035875288375950554
0.0015465496890912922
0.003079867646747836
0.004523547659430971
0.005022066134195424
0.00433737811060364
0.010255497133111358
0.9993097700326004
0.9988852096061325
0.9986955907889249
0.0032989826544502776
0.0007435337197209124
0.0018418065000320727
0.0022029443907647384
0.060824101228271865
0.9735918659970798
0.9737799771364543
0.21236238326782286
0.0006664706278438626
0.0019733411120868016
0.001754889492209033
0.0015895003074336556
0.0006447943515491827
0.008287371669466026
0.9983095138214934
0.9844140023683197
0.9767630331097755
0.0475581549764017
0.0016318410892961488
0.00297086117295442
0.0035919595850165686
0.020144897775933646
0.15440957420871948
0.9981866165962098
0.1740228008625887
0.014962710436127735
0.0003081303616919717
0.0022808995229381956
0.015812114956790246
0.7228177834468312
0.7056199231282705
0.9506482000101268
0.7126026506701186
0.5104846061733295
0.44664183116742495
0.4200324429193053
0.9575729891693056
0.9997945794933357
0.9997874873263772
0.9997983161475731
0.9999991147785937
0.1188668617363291
0.1221492586840186
0.25003441657456416
0.951121235877199
0.0024811232264516647
0.0001864027533140522
0.00042737720346586183
0.01706894301920614
0.14926290366812434
0.9577206253476959
0.9192045673917959
0.16879359805046934
0.016190368118525478
0.04708945592366487
0.02519445699666889
0.03258444002127714
0.04697512692891115
0.010076167435680738
0.000824008790428099
0.0017038300270780793
0.002105016206502941
0.0001293942113084201
0.0032107800968862454
0.21732095562430898
0.9207164771675436
0.9730756532355767
0.9966131786183884
0.9933305818400637
0.9901950373406951
0.987151965774538
0.9166633551466351
0.06534539119872418
0.057586883660034616
0.0427613639683051
0.988286802619565
0.9986701398426513
0.9995570664282728
0.998969501978612
0.9975638125833157
0.04494485813250604
0.03087293703783689
0.03381850812296994
0.0563397945871843
0.00033939802037397104
0.000900549247217941
0.00027334393492650655
0.0038489632020842768
0.9983608340464897
0.9980759868967436
0.996707181973377
0.010041226800236447
0.0034753796503605994
0.004803866033442072
0.006220520075978508
0.005468970540981832
0.0040981298962246004
0.006351545236813583
0.9934981061698143
0.9835689002154531
0.9900650535436339
0.9053654831100733
0.89673419328632
0.8790668082221484
0.38938990651481364
0.3846433395564254
0.4822734620439937
0.9712158108991257
0.9743887847317151
0.9604317721124519
0.9730709994582499
0.6239348220381498
0.0416452961796141
0.021275352482082233
0.02086334731820272
0.6345577893868923
0.6796233413958048
0.11676967007420413
0.034165371520365695
0.0380073726390584
0.11481626332589212
0.11630909969582448
0.12001059720849061
0.9966957518560906
0.13712106963814452
0.029253919886191304
0.0016153688471879368
0.08623843382881469
0.9287975374063823
0.8863456554890512
0.8847678636952118
0.8903118367657583
0.9429749400383298
0.9981761714544983
0.15372386434883034
0.022896859368403133
0.002423579891858374
0.0003475122031689759
0.000971203204014226
0.012496487376637666
0.09534967444616382
0.12488605169248956
0.8812014592903703
0.8893399609368168
0.836666594331104
0.8517754269831572
0.8571464642892046
0.16545365626019237
0.07575083437129582
0.05990005954146782
0.2549538088343337
0.34456954917682847
0.518726281075485
0.04971609276383171
0.015979487427181138
0.014198301868666552
0.05796264257192585
0.39137974709225964
0.9421524467409353
0.9954432982060176
0.3565999322000013
0.35008254880907574
0.9909521322184931
0.9448408353898349
0.9546562717817502
0.9552218637033086
0.07339214549479256
0.15602743202712577
0.6091408369339608
0.34913058052369195
0.49114650032041596
0.543023858998656
0.5058624356637669
0.28454642917294637
0.3091162005807897
0.13030875398573227
0.07357905662429587
0.16842676494248698
0.14908028028353004
0.22099243666625368
0.9437799829544619
0.9184687036863113
0.8731646978553536
0.8684925750952037
0.8796564112473796
0.9957135457326205
0.955174855813585
0.07080346221245193
0.014769042058589754
0.0571312283783566
0.10792874726472435
0.05165209446551311
0.12001290461217584
0.13437527111804803
0.18212529296957014
0.13263793513725863
0.002851753146746905
0.0031122181975334895
0.13940526633882822
0.9982022815027438
0.013248148610821242
0.01023045891907981
0.011792104286909022
0.004950305008045275
0.007886088572493621
0.18114921821675722
0.5498376147126486
0.7697789711752344
0.7809669747708288
0.16558701420752608
0.1562464893681874
0.17505824167266748
0.9674551604917317
0.9694993935903763
0.9711322384126876
0.9277817744800999
0.9280377336781453
0.7822202529678594
0.019708082269201066
0.0369305881105656
0.1838301514665991
0.9750658419004039
0.9516214967566485
0.9751833494641068
0.9681148186592293
0.960717707925823
0.7024158372997277
0.6667142999690594
0.6692625443954199
0.6653407110959806
0.6698028683188806
0.9181678567712644
0.9401575128341619
0.9487520420043213
0.9350658107374883
0.9353921866376771
0.8695950200101189
0.8908072854324274
0.9241722734157811
0.019077029175227245
0.01679138521232626
0.022338989304030443
0.09322667396695461
0.027845596648315984
0.05849973562604338
0.908251165328736
0.8940942400284958
0.922897743345634
0.8831238940412047
0.917556819009728
0.9977269980439849
0.16200969035660917
0.011292066500306008
0.00016318236165968614
0.0012752540887895902
0.0030082945846598985
0.0006912647701329266
3.138892800647053e-05
0.001952699959142823
0.0024826882047473964
0.0007273659808367805
0.0010658582704620168
0.09716767384012426
0.999994660230585
0.9999949334559277
0.9999948335716952
0.9994769340161636
0.09768707096917184
0.0010704774610559298
0.0007315000947889505
0.0024864392822433468
0.0019576429461163336
3.2262187855902624e-05
0.0006939941261014937
0.003005906967972649
0.001267693576790907
0.00014622351513515763
0.01134417025910961
0.1609230948364423
0.924240417198175
0.9275892314631042
0.9554329189643135
0.9777553612682751
0.9613374078249654
0.9408864430015058
0.06698452651676023
0.01687481554110659
0.02127100565857587
0.003371552964176905
0.007170639519211597
0.08376326161625669
0.3758341957540995
0.17043671293069762
0.08082360958706858
0.8913824067236538
0.006105425943773168
0.06255278865677061
0.028751379599692983
0.0262803705238136
0.02605203720870397
0.06470302456871446
0.06901135113208479
0.046094304086250704
0.8305082245992378
0.6043649576865618
0.2188561847241357
0.3018831906299354
0.6119420827721844
0.2298374859741067
0.07986705553823714
0.07415139396940329
0.9891221436766575
0.07430815895524001
0.0261458712873186
0.012232449157456249
0.0015304134086956411
0.0014327253357983016
0.0496070525095903
0.3332185457564535
0.9314014504990595
0.9351295354766079
0.9440031196633797
0.9772937804659096
0.9282577800646298
0.3069663315863479
0.3006612813589564
0.37054415521131856
0.9564792418329707
0.969432713021511
0.9255245900151863
0.9204414561851515
0.8398876405010338
0.8194667436477616
0.24010923955231056
0.3065650152190573
0.2818259015578841
0.0956105972754524
0.03540332161109705
0.010643767722230635
0.011683077787087881
0.012961558813396779
0.057377747867107254
0.9939200195320069
0.28865796278266986
0.9745958408204636
0.7717179475452196
0.9983742897395678
0.9991312304636185
0.9992657919381293
0.9989369179049418
0.9992235471870848
0.99213254666888
0.8170630844106023
0.9428012244396611
0.2515361665399021
0.9863626089571113
0.06231756468530636
0.00022936787861982388
3.3999859863853565e-05
0.0003168920158944655
0.023764896536650704
0.09177337894175641
0.9917357604459548
0.9161376320981489
0.8771345117005664
0.8601327782409097
0.8997030927587939
0.9922501711459245
0.9928009129430933
0.008246487868722507
0.004843840131034005
0.0031640203239527986
0.001910582738343769
0.0056658538006214565
0.6389327472765173
0.36825092310181906
0.0003430082309018312
0.000725718395243713
0.0013320274717822933
0.002280738888534861
0.0012921445123498243
6.466029158158637e-05
0.0016978948974581964
0.02042085356521528
0.9999814062619365
0.9999533847503034
0.9999998705506463
0.9999998485859068
0.9994082972184144
0.020965614706427327
0.0016791745340942743
6.528626754165323e-05
0.0012923455304727494
0.002280612994924436
0.001331906938702998
0.0007258208626783613
0.0003410895437887529
0.00726089197767088
0.005104926731396731
0.0013922707652684885
0.002769298963058664
0.006134909511505304
0.011976297626291377
0.9659510133540612
0.9503703599930409
0.6499652994520979
0.6366932300886843
0.6555492707666017
0.928475903036753
0.9295719639345246
0.9546491513795814
0.9601258440926652
0.1772355009976292
0.0018812024724081944
0.0023187385976887187
0.001213358057064462
0.0015287435248025893
0.0018075713308363106
0.002809244172572778
0.00451263132751456
0.004074122792534052
0.17539299831577548
0.9998764372768293
0.9997869674039385
0.9995979939459385
0.17239577940480955
0.0015059006178247403
0.001429988944762428
0.001740499623080205
0.0013770524220635405
0.0014485313267694755
0.00024109387892223832
0.0020644719801278244
0.00251747953904502
0.17168427699523736
0.9116351430784267
0.9049088633315886
0.9021249681035396
0.9041214125124653
0.6772314871801812
0.6403347842240051
0.62879122957333
0.14637047201048559
0.008695525091473644
0.00788176290168996
0.024899423257897402
0.03234194181177119
0.02429610244948255
0.03614276715868692
0.14611479936667093
0.8776079188623885
0.47929426052601465
0.9206384366491616
0.5486092019483837
0.9920163278524802
0.9971296427410781
0.09708343583946422
0.018568789500532867
0.0033094501326911274
0.0007364443677517762
6.392847224090392e-05
0.0010927570298773226
0.0010719373741895355
4.636774840804936e-05
0.00047654155460485903
0.3508545645712178
0.9999874078996048
0.9999906725873798
0.999987582174668
0.3508549467198475
0.0004778305662755944
2.8834769405738925e-05
0.0010545842213547374
0.001073073641814637
4.986791145078495e-05
0.0007167746636772554
0.0033533023330433176
0.01864718654239561
0.09699398876155241
0.9996057917313306
0.9235084949000478
0.540177852758621
0.8734857230868415
0.37573196162384437
0.9128002967363253
0.22235905425802494
0.10218038211076452
0.04977780000711851
0.02037166373194732
0.0035509232776069766
0.0012152586603753068
0.009169021349184403
0.1655104071784549
0.9806127789771601
0.17499882145238466
0.002049724152355603
0.0008406332767180169
0.00016749247008007728
0.0017650171766229183
0.0007125464322215169
0.00029776153217853096
0.03959295412354935
0.5611394527215057
0.3888437019935618
0.7568721109400232
0.9098592669147867
0.05466659783061867
0.014776838894137279
0.00010419369137526502
0.0004953359288890624
4.925609713934964e-05
0.00045949726962968285
0.00013343368004414824
0.03446198254948174
0.9986613106106608
0.9982414128402215
0.9999764784140737
0.9999916957981101
0.9999987198725742
0.9982566860860757
0.03311548675774689
0.00011856461197201629
0.0004520098391903593
5.0251229231412786e-05
0.0004956873748789281
0.00010390829818285319
0.01881938377168413
0.13364841452637954
0.9992948111199872
0.9153864367589111
0.3059874841231237
0.31032661691466945
0.9992391672217513
0.03981124992039076
0.0010138964182661026
0.00133522076450443
0.0022000869683338475
0.0005793375854729055
0.0011612598806710617
0.0018413037037013913
0.18216444521915387
0.9698990533488205
0.7912721442456729
0.7519258096832281
0.9838456116817843
0.31666733867834906
0.057548324877060186
0.009847277373113417
0.006447724820844658
0.009770606985979868
0.010627337686998306
0.004492005372730312
0.0008517277970867543
5.2565125419512526e-05
0.0005997033415301445
0.0007564427635321502
6.517740502309799e-05
0.0003513448579988143
0.0002684099249465888
0.022143535966291816
0.24440683818544606
0.9998250286024273
0.9998388613902979
0.9998383489329262
0.9999999944932134
0.9999999953672039
0.2444282091495421
0.022274610785845472
9.131763580672025e-05
0.000326794906712502
4.636862987483781e-05
0.0006040115161891624
0.0007861960582240535
0.00025601281930742736
0.0009718062501715696
0.004330044533499611
0.9948604549991551
0.9781753983219247
0.999467820519902
0.022814394671247018
0.005383092135990086
0.0010385378520884059
0.0006942518979976553
0.02735597796739886
0.19822632643628535
0.6412377403522868
0.3373626640566273
0.2441583827466426
0.8925112976219676
0.13898627015117793
0.01143069288335552
0.011148479648656395
0.010718295255475407
0.009354207946720705
0.014301224533818657
0.2801911490183321
0.9963609255816518
0.9635910081230302
0.07428776910273882
0.037080065650898164
0.034107560069902565
0.03708954107548801
0.11560338760935285
0.018473217590278868
0.0012925514353985257
0.00215649332038903
0.0040283971353654024
0.015686520842485452
0.9971242508917445
0.11292762213121776
0.002199646900801877
0.009754693221787902
0.07487068690093779
0.2872622468056556
0.9982449819382376
0.9999849364960584
0.9972090919318952
0.28704043816086267
0.07497019273626837
0.008866870271078353
0.0017459916041704382
0.11311917089391588
0.9956819967575707
0.01242506095801088
0.002472369093887483
0.005340738478938678
0.0004709312746061789
0.01657690068872386
0.11753609224811445
0.9999542975827823
0.9963117419498463
0.9924830015433649
0.028783981366886868
0.03020116526661354
0.039857916127889026
0.040894280401669425
0.2744978094657804
0.008975386709674127
0.0006101644904523695
0.0015255374651328424
0.009930833328122946
0.0025380964945324047
0.08772049520694625
0.8810213963979746
0.06651395664469373
0.077795276118103
0.16837653371531724
0.3816196366709296
0.3763331960562988
0.3654463775066429
0.3608684652581212
0.5186283457968867
0.9560760376218489
0.8733168672199593
0.8575260783057678
0.8920400757328959
0.9153835279434243
0.5075624148239148
0.06901977166297057
0.05388173582119038
0.992048090733819
0.007592096558744377
7.432588787159577e-05
2.238656840902742e-05
0.0010868989096928239
0.0008510678330270194
4.847212794822919e-05
0.0012261728606840494
0.004892429527144415
0.05897279333899297
0.9771558593256376
0.9695051100267348
0.20934638167133546
0.0457236883309462
0.008815554841186679
0.004666488600508556
0.006094103826996822
0.00780930294996085
0.9169631079025715
0.8505954421156117
0.9999854914019036
0.9999509094280944
0.05766062252368853
0.0004046001124382581
0.00042280522392068587
0.07196831265628789
0.9999151798717225
0.9999672711772103
0.9999792685052667
0.9999281996359106
0.07183833994379729
0.00038400851206488174
0.0004068534323895534
0.04438420516465558
0.7813867539344429
0.9564762982086593
0.05147554212405414
0.00578912092349837
0.00460222363414986
0.0069812279306534775
0.04554160297427767
0.20768724772539504
0.9999506674144187
0.9730721114460011
0.03610932888785079
0.004923271890218572
0.0012263134945588172
4.820636364089026e-05
0.0008508787592814704
0.0010862025078124393
2.3782559251506186e-05
7.863861248924575e-05
0.007506059139014587
0.972361435891677
0.03754688338445911
0.041346881436924665
0.13777352734760917
0.45851257763820363
0.38668756526914916
0.8473610204622131
0.6450178624280307
0.6030279124622199
0.7877718616978291
0.8364039847864967
0.9677453205057189
0.6734615076734831
0.503474831379551
0.3597418458995407
0.20188862631144555
0.3685344466705588
0.7419297629071053
0.8436924402581565
0.8637517864728161
0.9632220148844429
0.6978413022912796
0.552274774218414
0.42469009450093453
0.4787295125175721
0.9113129397614028
0.9832278121590404
