0.21090550312653233
0.132514451448411
0.13104142301861277
0.01424790909143836
0.009985037258278262
0.010798735015577154
0.01572779331854568
0.9887481220607875
0.9879777845354663
0.9995144371448222
0.9882866940565465
0.006685631069902609
0.003003449661565183
0.00277553680261855
0.008884867190168455
0.9758810796216293
0.5671421089991806
0.847778156199148
0.1913114581604911
0.0016547625154830214
0.0006931468856775647
0.002874218308748344
0.00240385076303129
0.003907385300168653
0.009139809870340798
0.006997740514004369
0.11034788487850133
0.12393006817352148
0.20547419176790593
0.8339761244351542
0.9920852847026138
0.696160172312612
0.2957386129385239
0.09699882611042943
0.06797105774054213
0.44561473060439816
0.5282603110649124
0.3277420632370657
0.9290090154790543
0.34324101385807304
0.3374045176022824
0.33884229791350495
0.24365600816117305
0.2845188042494894
0.10234957751712426
0.08958780500120167
0.1437400137528836
0.13268853586189322
0.7412914589934262
0.8230933085651487
0.854985596948616
0.20497060243537657
0.24305267696747102
0.7294936802402814
0.9718194278257737
0.9988137306472818
0.7100679268513848
0.6913269933418082
0.6848223027606802
0.0672506279549775
0.09643490704636726
0.4380346447862429
0.0864023075646172
0.25319375352925244
0.2513329806293625
0.31092364766740466
0.9180112773156778
0.9569284820912706
0.0864581624640195
0.0033294720799448285
0.00337441026244345
0.004982528916152362
0.012814618931679456
0.6620979219535787
0.042512157760889124
0.04731404079822865
0.19539803584883964
0.3727566574314056
0.5004986067155042
0.08572665755649134
0.077261612478429
0.010527554810496942
0.004783950838272766
0.0033591661429956954
0.0018525166634227874
0.002185688409570563
0.9998767268167784
0.9999536451918601
0.9999796923122259
0.9999616687322267
0.0021071530959108076
0.0018465641637510632
0.0030859670412980433
0.004247441405319519
0.010487349590281414
0.07762368012150944
0.38610916755390445
0.2171533190992868
0.13466484075383212
0.1295435440174587
0.9721646078700628
0.998401092082621
0.9971303752887263
0.9960419988886354
0.1638008646696001
0.1725186208639239
0.04097560047993609
0.6740023065936116
0.6347278249676729
0.6454182269254036
0.6576629711321165
0.6580351234187642
0.6572071001616497
0.6352509356030707
0.6228798653088652
0.7744883833817389
0.7232886181661873
0.010633385020964337
0.2158127103587466
0.05795508812177408
0.052743645914199666
0.013075687340681652
0.019019767644716357
0.8612483672768405
0.7220495015342332
0.4621708269201934
0.6846421635000182
0.6687020878914302
0.2048194905767149
0.04031110581241393
0.03206455840153144
0.8724252560221271
0.003838313089179146
0.0030177931172828965
0.003905124495183099
0.014785540181558754
0.30214402428680487
0.02513364236176796
0.014982833617353197
0.01580691589374439
0.01599749954566021
0.008618868251324852
0.05397310025382085
0.1006152310487618
0.04053435933588079
0.03588076188318967
0.9715980161770457
0.7906068873557347
0.7920210804539416
0.781235981515395
0.22367946562252383
0.22337716157150755
0.28134261267655414
0.8549750525848906
0.6808218339120933
0.7930292641514683
0.12086438811253442
0.04826670970680047
0.04279771024397472
0.803011224777379
0.9930936118856497
0.9946841055733046
0.995662603793976
0.9892373503080407
0.9942356509036804
0.21242685856379595
0.21116499452373716
0.2722220783543956
0.871114282820915
0.8730760517826005
0.964365345891407
0.0780515110512986
0.00636497605647901
0.005553818333157268
0.023794772322990654
0.0015702994127433367
0.0036202213446773213
0.97229864085477
0.9717245519205641
0.9909510836808922
0.9883566808314054
0.5680627078200962
0.020991782145028837
0.009718416571256605
0.017259552997797023
0.31638147762394353
0.43958233621742426
0.011649594727531243
0.06027303072234713
0.1060641530064006
0.06795941465327626
0.1342564057885045
0.04997980936919788
0.0087595782042037
0.48565755490992246
0.45353704065810474
0.9438197367106668
0.01051751896684372
0.011455624284370525
0.5015906701033803
0.9892879460771732
0.3583025566733342
0.5465362702827726
0.4194733331892534
0.9911362420133855
0.9914196642441275
0.9906713919528217
0.9938583536210509
0.8714909524283628
0.8094941481639445
0.5527966337086861
0.051400431213544207
0.015023178762093026
0.4309065351134649
0.5423392119516088
0.05206100900240751
0.4658584655909994
0.5063246770440617
0.6780779460473456
0.4168618572867546
0.3356893711269553
0.1752142325733278
0.06638456367473589
0.0588676379544214
0.4032563107138132
0.516842098949017
0.9779024468768618
0.9677637622817992
0.10338212092007704
0.08955242322662982
0.9430044073419126
0.7950115784236003
0.014510188652827383
0.013995786780799602
0.04098860768010937
0.014745436950676316
0.9900315422519038
0.9809111527457305
0.9961547916458117
0.9961885852398507
0.033147522615449176
0.03217963117359246
0.041836355088751276
0.0333483501188907
0.994347348811311
0.8606327053284897
0.19155487131293292
0.1217465359153933
0.8480136567617783
0.9566790517570398
0.9142725764823917
0.46311806213834283
0.3472101935998928
0.40616627013503337
0.010985026947714749
0.004574306565968467
0.058887934761564176
0.033105999453278745
0.8761211087951318
0.1690765740221093
0.0013378937358194953
0.0028770515908185246
0.0007497979387645071
0.024485852560196086
0.9901066383446838
0.09908318937329741
0.23423019934954614
0.28543105199791563
0.5609667516406913
0.4214917813160134
0.008962709010183478
0.009421998577860635
0.13140784421905938
0.13426361787240826
0.17692922377728337
0.13533807602944514
0.7585499089403038
0.07525378377528891
0.01791087500404598
0.013990045646729232
0.05412084566646502
0.16025110858367597
0.8987789346470128
0.9784424065352236
0.9765872433521162
0.7298046648217452
0.7302040279148059
0.7305058510475229
0.7446178455999124
0.05936157983070356
0.018506713467261293
0.01475595954674791
0.3067092319366175
0.25132337877432487
0.3042752894697416
0.2211578358580355
0.241442738708036
0.995332538392162
0.08304245565813506
0.013582248129021646
0.0018360010681385264
0.002278461405495147
0.001079804284564112
0.0009127288514085841
0.0010260186995845189
0.19227500028705835
0.9748792668989874
0.43951185955649374
0.9967013865547139
0.9878996292588295
0.9736337655026073
0.055727175006425655
0.027815223809811163
0.009395640084641887
0.005876924356147506
0.02332286648577464
0.036112811546180845
0.1414480866166804
0.9255021750642246
0.9235474711032134
0.8616908618409368
0.6259830253808603
0.12500041786136296
0.14586610842755998
0.14046598174166036
0.8344292350513671
0.8933487897064051
0.9146294922791117
0.09484438239839676
0.029016449519119636
0.9434419602890578
0.9554555276308306
0.05784388120730033
0.04690375806045177
0.016369733550612997
0.028134356607462552
0.9979490069555644
0.9974722822606483
0.9937923992074418
0.9976764889324823
0.027657946991689664
0.036969690795171206
0.012304405107093186
0.013497865632505879
0.9363371158493036
0.8712861212229981
0.017002747880750513
0.02068865531165498
0.9998137941989836
0.9992248203619105
0.9966555583399359
0.12718021829620885
0.06406490634534079
0.08999341816792994
0.9963470323108036
0.7658413743835092
0.997816410328222
0.9988353476359193
0.9970661137218273
0.9944321336532023
0.21456919965319732
0.07369529341903658
0.02224426955976022
0.0026405834262167582
0.0023304246986928234
0.009422455603627866
0.020429240667900306
0.6559735054719493
0.6457231776756154
0.41135749057007165
0.37337276085089377
0.26477344529176305
0.19882283356109565
0.17595258850448103
0.24703188023959466
0.46278681045063275
0.7658403221285588
0.7773101019422277
0.04143073998461044
0.012236945461261861
0.05221423547686199
0.08198374032905986
0.07284268864307397
0.02496165940424888
0.006687956001677375
0.9133358442470986
0.8099694266103477
0.9267853101472467
0.9280594454083543
0.9870361219732929
0.9789416507759438
0.9032819588568485
0.8404473452966108
0.003506879283268427
0.0038837234648305685
0.008624732840310179
0.011901364771337408
0.0293265294384214
0.030678913737507085
0.024203455556468745
0.5891815133532279
0.5174390744315474
0.5239025146657736
0.5334968003844833
0.8691847614060281
0.29721947156183304
0.2534295766530881
0.28668201052636133
0.2629269737330755
0.49150194997166907
0.4878997731084871
0.5762021766916554
0.8115492989409249
0.05565786102271719
0.05548001822761173
0.21658780051434434
0.9879466643089839
0.09976436633342078
0.09834292283110901
0.13888890367630924
0.8764187725309337
0.038423482239388074
0.008052652341641653
0.006886684827433154
0.004618473077541485
0.8701085377937783
0.01617066078817342
0.12029909601218902
0.11467310440794776
0.07717132828165496
0.14397966095578163
0.9942745673814319
0.9923054145747765
0.9970198424965047
0.9815510238193965
0.12497708111954364
0.06930194749800844
0.01293381905190183
0.0025522427032299566
0.0030360352529616996
0.8590485028029571
0.8357294900380217
0.02676032698280184
0.01744296417165736
0.12730979236225803
0.15510956389066433
0.982719533725266
0.11497017405515053
0.10728594465890395
0.09957303920298732
0.9944805606789645
