0.7128304609588477
0.1574866369027157
0.02547621081995244
0.019670057832072763
0.27189911885380735
0.03491902510113387
0.9805011649023385
0.9842817025602881
0.9241949788097816
0.9646734033851297
0.6394922222231083
0.484273473688951
0.44155864855743654
0.40916027514031184
0.4838076861711794
0.7520024199107441
0.9390785787685879
0.9745341165063979
0.6503581418046753
0.13961778276232695
0.08517544871621396
0.001298171544113269
0.0014548212035611074
0.9142522172093865
0.9458762584373925
0.991216922478481
0.9880541469045065
0.07889292211422583
0.012229910188743642
0.01197999270932637
0.06727324442943672
0.44972678602689986
0.940897022089799
0.0977947391570857
0.4682762398245569
0.008848985229856332
0.13496855214966352
0.07005360077270417
0.24084603715710484
0.33569340083637167
0.37728877443700704
0.6590648975690261
0.3414297129522119
0.03530696402080413
0.05497225341273382
0.029720494690385735
0.026282217809702302
0.8922991511352687
0.20791171784911788
0.16611932026721155
0.021432494139376423
0.03368841357279617
0.02554063166369347
0.8599026876709817
0.9500110174253082
0.8631008972464552
0.7441149257933773
0.6676982316572391
0.641947697399906
0.5808117023772459
0.5724163452021771
0.00613775399069072
0.0013387633421357847
0.06374449249500469
0.42307207879900255
0.6451643951678492
0.07060974564686684
0.001363885701171741
0.00642602176768059
0.08214597076576058
0.3450667302373035
0.9804714367413333
0.9752055568123753
0.9981626160518202
0.43299247158700593
0.14520887681328098
0.06475512511961168
0.015855786802478344
0.018129165588631757
0.07861239750187898
0.04859934988975567
0.14071638799579622
0.06682164724936335
0.06549685302236496
0.18717360675266081
0.0017201338408557865
0.0865148790655419
0.15096797985115562
0.07968627600066414
0.058501434595744195
0.9196600536485825
0.9264722382244501
0.7677375319459658
0.8220866921186234
0.9990550966806908
0.9939740247886723
0.2442141613627714
0.212600766420467
0.620797599474052
0.6187150138264739
0.07413535943058858
0.02080973617580384
0.005442699966241471
0.003769150212638017
0.000724310018193175
0.00026130799905021984
0.0001880312759903191
0.0015250295453010931
0.9999715747930715
0.999999065088473
0.9999742219972846
0.9999676167313363
0.9999969163944933
0.0015401021597236664
0.00011223607596133611
5.814844430251931e-05
0.00035082611240022654
0.002942831186463879
0.0035263401142811013
0.010185141511062312
0.0075449091311134975
0.06339417204101638
0.004048287509324955
0.1900610921735193
0.18709430450694875
0.17685407738403813
0.18886668371385107
0.05114735162189532
0.07228897038516369
0.1757998373696561
0.802312473625918
0.8479577595288355
0.12079032823414837
0.11437218838564778
0.3326584996310782
0.10639325378002384
0.11125538473896701
0.9833833291711396
0.5495006941526173
0.5613681187000066
0.5281064631938355
0.7951451906994044
0.9744977183104583
0.8608453437127228
0.5885571363359134
0.030587821128068127
0.16646052441002945
0.29142639143664684
0.8345233477504889
0.473480293171594
0.4070796356150497
0.17905728148545008
0.216820386806158
0.9946325205817722
0.9942484112432113
0.008716965098212293
0.0013162914012799787
0.00015282718422460206
0.001816608831092248
0.11427271173432485
0.9887770344869226
0.0007712935404745602
0.0003431236839094298
0.0006636420376251451
0.027867366070619015
0.00866487546477368
0.0006319549448109418
0.012027108040062684
0.01377769579821575
0.999233370389636
0.01661772713777465
0.000433018694092846
0.0002484770283150972
0.008265924287052862
0.005026681528360166
0.006489463908851523
0.10200067085731523
0.05266819682518975
0.04804775194510891
0.020828334936861648
0.0030477547179593723
0.015355292122790187
0.02857260455063637
0.021053838334168185
0.029584206808523583
0.9703699210284104
0.022661945827521346
0.010670742235637687
0.009193011615939994
0.03978267012743886
0.9988454162445536
0.9611167338288216
0.5631564394315687
0.8216823938550005
0.1056905121853714
0.09761680006120665
0.1622461482797205
0.9344825688905667
0.37467908933136473
0.020936076167720752
0.01827018186052809
0.12498242262082948
0.9435851239967898
0.8792700948939315
0.9775232806638998
0.9466928382117603
0.025964042700470036
0.022499795626330643
0.017858055654103366
0.9727844394646042
0.945634449319009
0.039762708131098834
0.034083250329955406
0.02996022756622907
0.9234509977651556
0.6609833221071466
0.6595376405737006
0.18349415737158847
0.0407854388896417
0.0015604583641869452
0.0012007354708002405
0.9488313266492585
0.0004453908721328004
0.003243686330634654
0.0010350152615848929
0.9974108693107335
0.9991190718429747
0.9991149807063927
0.9990606218218777
0.004437013322770578
0.0007298809118840843
0.0245282634565287
0.9724030739427452
0.00029619192504704017
0.00030690287570767083
0.01144808996354807
0.11656896813656803
0.9294456390369361
0.6452667815811514
0.7429081972165624
0.9937286223734098
0.03444605286037761
0.013466105511640292
0.026523912739326083
0.6800880774091979
0.680013575445559
0.05999355471339041
0.2320852033870776
0.31377974431932887
0.10023257783201389
0.06460729326747616
0.07274797243893616
0.43507506112331507
0.9884761694915118
0.16047372981191776
0.06979628501482171
0.12221625389327273
0.4393117057316873
0.7803786788604096
0.9117930389714136
0.9379803035481653
0.015234578971038859
0.011539650914617283
0.01493460904643118
0.050320495050639846
0.9999647799759228
0.999996585901236
0.0031147531550470564
0.0009719022362094654
0.0002065498696854906
0.005061671052085881
0.15908860152470106
0.23316995191562295
0.2939019849475256
0.3695802545292741
0.5919504448822868
0.42566641143836914
0.09663168071655603
0.005667273298004982
0.005386152320898896
0.9886170743824296
0.00801018901733963
0.00010308195100205975
0.00010800021797263692
0.0049777651378197785
0.9888198529653085
0.988990235000651
0.9998781184597351
0.006379685368981924
0.002928807845325121
0.00295244445636067
0.33214276205889115
0.34624457882252413
0.33990370570510386
0.004116937133179732
0.0051883728507046145
0.0020762975888257706
0.11579970581237564
0.010389567943978384
0.01071241169065984
0.015978136490791495
0.023011236166791238
0.9822199975782216
0.9713869606193727
0.582780522509118
0.19693072979382042
0.5295417805202174
0.25930509791859735
0.864691494388145
0.5058916037415233
0.6114761346797633
0.34859037941973736
0.4523729019797631
0.1815951133776914
0.4280427807959162
0.8441533234074745
0.08554808055419283
0.008800542221118368
0.02158977759989067
0.90852603816366
0.9999761156899557
0.999932207446174
0.03371016423865325
0.0026937383293698103
5.689845131118254e-05
8.421461445784484e-05
0.00011408016023994882
0.0008337609477964136
0.00194540071660243
0.001958773394673319
0.005723078422909422
0.017435079608229098
0.9958862018844278
0.025805049420303927
0.01076038615373709
0.02009556283720182
0.9790818341866953
0.973212826717955
0.9916335559754386
0.9989888533943755
0.9993348653662177
0.9952115320907557
0.977178673717784
0.9658022579903945
0.004638658286021502
0.02755969155613769
0.03639673993565562
0.9973959605737617
0.9993633397312599
0.022598375981706664
0.00653299609979785
0.004003964211291788
0.0023781048319830855
0.0005319545285960015
0.0017575602795744105
0.0034492634414753365
0.004461365485386448
0.007734292536971776
0.03959704798948138
0.9985007809470028
0.9990683009314345
0.9922576680134103
0.08971259159472444
0.09928740545493842
0.016193001555535047
0.44770738397089893
0.17460801361126732
0.24230244294753622
0.11935914997522035
0.3171883159171286
0.06453327496386896
0.49480940462301115
0.7493749481441241
0.884157899406127
0.7344333633492364
0.8225833473005678
0.2169970227278527
0.19691502129755267
0.3654245016569392
0.19947535089538093
0.06074843250691986
0.07944233805904544
0.04763970936969519
0.0838128498331796
0.09070265767830565
0.16381427667604265
0.10635245760559009
0.559268318387023
0.1120973352128165
0.3933416446337863
0.23468777345149783
0.31745101355978633
0.4757732784595472
0.1497659904410542
0.07957049541491301
0.016153541456661258
0.025885839918610376
0.3012904176272634
0.715810111911926
0.7650557671839779
0.0927238602708591
0.0015655647191511468
0.039887478685129873
0.9197777716502075
0.9976836399492622
0.9991047481844078
0.19973241528744368
0.16777489132724288
0.16761579134921178
0.16716357765125356
0.9624202860785098
0.9943600935712582
0.9969865007532048
0.8352410959769981
0.025689444510370696
0.0031784932741582006
0.00986668532551338
0.012195018097567067
0.947710110590106
0.7983829156034499
0.810827101489151
0.8173074657430452
0.14820975848192242
0.13378066676870082
0.2252953791897594
0.9786074472652637
0.9810487623874921
0.9870534072319415
0.28873609119164356
0.21200883027675266
0.15573171449995948
0.3477012708277365
0.5620695115984841
0.8713818423371946
0.8526976924555436
0.6695572608752554
0.6738502800376355
0.8937623808524522
0.9201211050441335
0.9455350769874333
0.03318757869129174
0.014287716522864535
0.014556808848441682
0.01440708988017081
0.2193423971932119
0.9711555120911447
0.9551389624090157
0.9752598063214262
0.980562308774516
0.9704557952081936
0.9606890871833205
0.9749181772456713
