0.027451793768541233
0.024756314997345874
0.023178287071609183
0.020255310539483706
0.012310918424045747
0.12781907040547857
0.1256419594288144
0.2714405974648586
0.5643365599095356
0.8583087173039696
0.3752720194581026
0.3794800702119535
0.38304521291406535
0.39702235123705176
0.3833526935946725
0.5097843088227593
0.5340930212430822
0.4332588083848439
0.40212936352807627
0.26886769139153854
0.5712935915001084
0.06566851162394194
0.36636488715442994
0.6803386479999411
0.6805373476009462
0.6823286391986392
0.4801373299703946
0.48251873522965427
0.99248931998774
0.336405275791854
0.3246082034121148
0.3377070432700594
0.34810359550994774
0.058261983109713755
0.05467108755960404
0.05751662483807751
0.0543268023064063
0.05574721908569602
0.9957567540566123
0.31011308954917227
0.6340509116862689
0.20843296079804596
0.20178605184852516
0.5425659943099559
0.8201213726292303
0.8336198105155792
0.9164096422395968
0.6811484717738592
0.7387800611335334
0.9691033609028541
0.9892656003826502
0.9904822835766737
0.8928980333074658
0.7767538037645345
0.08567994798490475
0.027633091919284758
0.01068535979034313
0.009936625167357604
0.04992758744794046
0.15696217819070923
0.09697068855588498
0.03440890148853781
0.872740105232662
0.9968867636075325
0.003614389930958639
0.002831417061709085
0.007777164828520755
0.10938170722370055
0.9990878109174737
0.99593403282351
0.21029144936172395
0.004013119758596084
0.0031177965149317144
0.06603175932461403
0.05872916478136181
0.16236734478133708
0.493930097892726
0.2024768758796497
0.9984373632801188
0.36620707188017765
0.38874510985476574
0.14578327782335976
0.009832390092925136
0.6482394285466923
0.2576211410231912
0.8337476658213063
0.8732997421011685
0.23137022139750896
0.006086610472248788
0.005676554944048284
0.9969851633967578
0.9644950782975521
0.9435669843220823
0.9998386488839929
0.9895169949997069
0.9999480578765733
0.051002106686743987
0.1358942382707624
0.05648959486287708
0.4816069667694093
0.35627976072325196
0.13901860838202607
0.05028241127689226
0.19898787246430794
0.8489141363076609
0.14697240043608906
0.28991709530670884
0.8460758975480493
0.643866388339982
0.9963191159548014
0.1718364204368843
0.16916276869040714
0.20821751020493617
0.7891242344332823
0.012705939796905263
0.05579196366461214
0.06569474861338054
0.9983610091429028
0.9958679735058039
0.14298363389159052
0.14048155587542266
0.0029712766430654014
0.0037958719674362484
0.8666255409018352
0.9545938722334902
0.5231185055856796
0.6096131342486962
0.5639017164501041
0.04192149003405177
0.31568784296711483
0.3091454755580376
0.8796209002984932
0.9977914095561151
0.011910993655353752
0.002406795950347762
0.0011299271016792511
0.0025519492451950843
0.002225114107008652
0.003447330422178707
0.024047880513617836
0.1928588571136972
0.9845048768899392
0.9180744975809622
0.8337658310866647
0.9410974314619591
0.9941495152953504
0.9807812376283899
0.9019325374948198
0.44208166590249387
0.33394627742632577
0.49307980000450413
0.8804689439484724
0.8178584276026799
0.9676464943690287
0.999432635519472
0.9993633205229332
0.9992003248512298
0.4946895286250722
0.38456241762724597
0.5243390522680229
0.19367708641363657
0.01013590005827758
0.02109235646364227
0.030504386793894778
0.9665116431142158
0.7499857684513604
0.7607042368306465
0.9955299359413735
0.4092109269451705
0.7355704929201601
0.9510110710681787
0.9580999740541333
0.7933124886254104
0.3057368484222138
0.5370568196132848
0.981744821997038
0.7205663544429
0.7666654832108086
0.9690739014461316
0.21479386094175412
0.22187730662515504
0.014127937746713504
0.22900267096057947
0.0019831422095333284
0.0005419982735361817
2.5878351882946404e-05
2.4864757769194057e-05
0.0004454614065494411
4.524298447883268e-05
0.002919034408368937
0.9999998995763644
0.9999997307657043
0.9999998135102153
0.9999998192741285
0.002922303440642038
4.201685045723824e-05
0.0004452710211264588
2.4468239631758593e-05
1.0736437354830208e-05
6.116823682689176e-05
0.003998087969600217
0.9150400969149678
0.6946495988114851
0.999139853817715
0.0118986019451095
0.008702101308884491
0.007834281479617733
0.5093443101241251
0.5114771827060939
0.059659879412933714
0.043232353904993026
0.04402857657589576
0.0015848584822998335
1.4874679620469067e-05
1.2269302089196188e-05
3.727410139975351e-05
0.003692417473547538
0.016428876977592877
0.05841242126932855
0.0647450205555209
0.1021658768258904
0.983440517729716
0.9705671727454919
0.21389295031359967
0.0344669720703672
0.041112979117783444
0.06258262064662345
0.14028122043023183
0.9984041801543831
0.9981694420886343
0.9937598607619227
0.9946881408811562
0.9903135134879475
0.1495763266531286
0.06839975992883396
0.05616124288820312
0.05711081698684539
0.22734724732331946
0.9530183104103507
0.9583161567403237
0.13943275357472096
0.015062851071644068
0.005124702561486227
0.008304199564862835
0.006047169793654605
0.008662008299961443
0.03867623364383266
0.07081642862002957
0.5665781288035756
0.7177955131523265
0.7764462209584564
0.9963948904254086
0.022050513858697718
0.0012490373980632574
0.0008727691197424337
0.532832335246755
0.9999136854736063
0.9999111675272195
0.9999042854683863
0.4796008257659531
0.4792659286678007
0.012708678261342587
0.5211462163741183
0.5193196265812694
0.5269444747668377
0.5597301895025809
0.4148980817454969
0.6498778214660896
0.4461327554889073
0.12416009100423608
0.007752703936654837
0.00642572649783546
0.0044244607611308995
0.007919511067114748
0.003641369083210333
0.15223442273835175
0.9758689761175701
0.07157735932871168
0.008622176920900615
0.0016895243681442906
0.0032442977937706674
0.0020628467800622996
0.05914930562146736
0.055651381758196505
0.12821249751589503
0.0866002025653061
0.7847989586656141
0.706940685803818
0.9912738314900075
0.07399583898264961
0.0034091228740403823
8.194849200859888e-05
0.0008851084420070654
0.00010971568907325313
0.009601840438650533
0.9999960354691071
0.9999887369359624
0.01937173921781654
0.12271913619496178
0.006634080274260157
0.06370220235151702
0.6148306123513273
0.07858757770536007
0.01656226914062331
0.3922621756074438
0.9775319179511341
0.9966374856563119
0.9143387267673523
0.9943321919336012
0.005206683943227652
0.0010303603917677373
0.00034597523897417215
0.008285004882750968
0.19629916605979703
0.9993630842039845
0.033652605040387584
0.07937851142658991
0.9955673409731958
0.9990417017740533
0.9999766801370112
0.9999638733294626
0.07847809797943184
0.029567400649968767
0.998700476392285
0.9900302653779369
0.19915373001596925
0.015817102029654473
0.00033791918394909803
0.001076763347495624
0.0033451299543270085
0.9126769901246576
0.9967114316982852
0.9995009607787553
0.9999290231737017
0.005058967644412604
0.007863451465674465
0.06553304812841465
0.7079653631151763
0.1569060966480682
0.20548204227907452
0.010389412705611
0.13129368783602846
0.009891594462839604
0.00039752295974582186
0.0009142307496092794
0.0005647169129801011
0.004186375518796526
0.08051877350040704
0.9980111853239098
0.9963895113919141
0.7065154938813973
0.004058579159764153
0.002731667451648767
0.06123455196076877
0.019221096228474788
0.0023535489049233416
0.001761464325432116
0.00034640875930325166
0.0013445898737989292
0.038324966562565566
0.9618959038841272
0.9776280444482965
0.9995074792975543
0.9994372662723783
0.9995771472821178
0.9394747728407373
0.9763553266033942
0.061496781754012186
0.0017334890180703555
0.000377337929723609
0.0004785275518097709
0.1961043114983244
0.023821091641530012
0.7753193393659888
0.8999601425323038
0.46960384286796486
0.25147307206529756
0.1125424880082393
0.10810784194746614
0.9649975219322071
0.6724083821462488
0.9058224152569705
0.9646405430405576
0.9562824891170674
0.9862138648667645
0.997299383082569
0.9925892558311209
0.6964055583627727
0.9127249843388444
0.11267781694872248
0.1155645831626474
0.07896152822028057
0.13747125780896396
0.025566818236548827
0.19599368010796048
0.01630782858976698
0.0002765141750987743
0.0002806061885474165
0.020537699208349136
0.19898556841364412
0.9997048789050043
0.9999004031032899
0.9801232091250649
0.9993975790045779
0.8346336542861721
0.814151710128021
0.7943580186559056
0.8132417316354088
0.01566650186554175
0.008692145294887377
0.17721792675668147
0.14945228409309264
0.1635151621870108
0.8705638835758707
0.32446931447790683
0.36679789077328595
0.6783749826450705
0.826964428192275
0.9911135579306947
0.06995677008157797
0.0022679013146232885
0.0007575999350060147
0.0011777838034097154
0.0035639191908551915
0.0725731854347329
0.9952060032941952
0.9944342781672477
0.10029981673303057
0.06457162565113783
0.999956434144256
0.0589972012265384
0.0179270364426396
0.005234604484473104
3.510295070352498e-05
1.1004587873619798e-05
1.4044303532467772e-05
0.0015692592930173221
0.9999881030222998
0.04392420790068463
0.04287675793588952
0.059462370596121694
0.011317877752340388
0.008166135346309056
0.007375863671623462
0.06805795739209441
0.20756422021762722
0.029749794142769903
0.005231364585348897
0.006610283868502709
0.0059625062404145
0.0047728301805398665
0.007063292432917034
0.013429589179032697
0.9949326683303535
0.14122862127612068
0.12625917955528942
0.13238251360983055
0.7588869458580441
