0.9944585538896287
0.9243737272552157
0.6204838623917157
0.8627235876733599
0.40923774001841995
0.21292963878572768
0.2644577935712208
0.11921061445189307
0.5656619594652557
0.5613244880860917
0.052232813513299114
0.06815126436745034
0.21036193486118393
0.46341614402683184
0.9820325527560244
0.5413159117126425
0.5374043180613282
0.554971045339689
0.6957524709777937
0.13113808250123182
0.0015986483182112154
0.0004246643567238362
2.0092771238600093e-05
3.187729402198691e-05
0.0013784691785685421
7.242353933334389e-05
2.132864453463501e-05
2.1207680546697638e-05
0.001819527045780478
0.0002236400287265461
0.0002362314603130411
0.000242766814605333
8.21587612976904e-05
0.0013897414054685475
0.0008872982616495717
0.028663637158361954
0.2990848355292658
0.004076469537801275
0.0003816705066478354
0.005279876392386917
0.9411146750082909
0.997379706358492
0.9993373319969164
0.9999444165085133
0.9999438652813115
0.9999255479811139
0.11220786611211564
0.16940854235329383
0.002288758397041568
0.8311426581329193
0.13144657955094663
0.9998660800414245
0.02899662386102475
0.00017792364392432702
0.002130868636980754
8.969541570269524e-05
0.00022818928595202959
0.9734120363238719
0.013371094932852157
0.013680242045012836
0.0017996608549596393
3.853108068707645e-05
1.1342245083922897e-05
7.645716900261945e-05
0.0013608234456334856
2.546753147025793e-05
2.5894216756583432e-05
0.00014665468473085141
0.0034555059298356783
0.16714441420994486
0.7535364031896423
0.6049906002686072
0.3543094549752477
0.3309407345490688
0.4308558500294365
0.4019387052563901
0.1828353238944077
0.16634440158374297
0.1508736230780493
0.18876089795318796
0.846877105156137
0.843770449735927
0.8732590327658313
0.9172751891712241
0.025398078551494008
0.02627134152227195
0.004094431430458956
0.003850841203851041
0.0017962639957137538
0.007016667171846014
0.0035198660621988953
0.0001271914414999742
0.0001173800280090953
0.0008428864893935684
0.9960751426482388
0.99664453404225
0.9997119148852112
0.9962987323981469
0.9962388833170658
0.9962597197278663
0.0008987218799230146
0.0023992154858247794
0.0015232472645558826
0.004064548768998866
0.010213686844760317
0.001680990666705684
0.005705578592683613
0.02088320828701029
0.9914972783755169
0.01861112202622861
0.007053447815913327
0.8993485751318819
0.9282674256415302
0.9457475292134122
0.969425044991821
0.1938731804160002
0.06212788804426428
0.06640426444882919
0.043069951630931524
0.2505831853245136
0.39476931423269357
0.5243938413707947
0.34707702354068404
0.32689815442568315
0.3480487986080236
0.3184320260060164
0.24062641805384177
0.07807104218051897
0.05803289052098215
0.03405392904070337
0.0321674757976238
0.11196668529164433
0.1882485639895719
0.9505239672845351
0.9598600305849831
0.9371609160484838
0.8360383098654429
0.7988887598629972
0.24359268689331848
0.17273732470501013
0.27313336502443575
0.16512468909746691
0.1764861911664083
0.04925610314579587
0.04810749334553999
0.14591544638638299
0.3221532261122322
0.2684334843700017
0.4663971699842525
0.4670703261447684
0.9806078209733947
0.16044315016207178
0.08314873587000238
0.09705725211243221
0.8970596821107337
0.44680151094145504
0.49443932653104306
0.4452404829259139
0.013318082380633367
0.06572089899108535
0.03669129112545233
0.03992404784693726
0.028206357768622126
0.03148369712869625
0.08504543710463353
0.982566258324454
0.5953650101102937
0.7682267596375438
0.9550631671096078
0.9789584947922275
0.9789855666456949
0.8837023696226973
0.994868686230076
0.6828318055668452
0.7417329886030719
0.10246024204998605
0.026776244205469535
0.0209801263542142
0.07072673347501413
0.1523395963378158
0.019777750440398867
0.01684452279695625
0.699699255397515
0.7316914224576168
0.6403657677238568
0.22021006068046212
0.02471191085999458
0.010453132396208376
0.007981068721275464
0.0038656849920176706
0.0023487571221803005
0.002625490440166023
0.0015590739516437857
0.0009394150409441915
0.00047034120925149026
0.0021104240716655065
0.0007908317126782416
0.0005230820234071176
0.9996700571673558
0.999995607339751
0.9996627106120296
0.999658822398493
0.999033473075564
0.001138547321873018
0.0007663462412597077
0.0017933133457426198
0.00014676790917156346
0.0006939059624992971
0.001360364940288794
0.0026576785042605744
0.002393057232685236
0.0036506689811933724
0.007129547268915237
0.008520733050878082
0.02385510977075833
0.1552361041804442
0.1697740840629458
0.18884963776768826
0.0987598928276271
0.06396286558596276
0.33494039784151264
0.6412242295642959
0.7599403019787506
0.6857572348881443
0.4048867890786667
0.08474361772235506
0.343341257929201
0.08763108225552996
0.10306294255703952
0.36673717985957055
0.20080268626806352
0.09344179015763032
0.6785650640978861
0.39684312357078055
0.7240934601804803
0.974261645238506
0.3870268859587731
0.3471659952541717
0.3806447894834005
0.37937519711555967
0.37544826762686323
0.40082535127651564
0.35651900959736527
0.10756060555179059
0.6529895573763635
0.3738491503721304
0.05167881358776738
0.07880985259862883
0.3638377161926667
0.2602081539526302
0.5985451497207954
0.39710847694026263
0.10079282599575601
0.046889235806110596
0.9653091887594653
0.6003109420733072
0.5931281268691564
0.012570534273575573
0.01329506831162508
0.01577686052747962
0.2260073155167095
0.7291211389339448
0.8874907426151573
0.3206407241378635
0.24887041337955784
0.3034007519927351
0.8674899196974597
0.31844341332982606
0.11854798147461865
0.16973632691355478
0.1740382306182625
0.17212372414810295
0.1908032455841675
0.8368940313632065
0.31382811211090533
0.1059295647028029
0.10497293255200812
0.7354206284342795
0.21256561896825055
0.03460798464557602
0.05876722436511406
0.23607516461253897
0.7702437112528093
0.7359832636621625
0.7417062876793515
0.7635295628783295
0.823376932355313
0.8764050201119211
0.13432420519314225
0.003941138401055033
0.015862354145431357
0.20258955738591
0.706165562889123
0.10534840294040126
0.19833219962611837
0.22882140429288678
0.766337402449577
0.8083240993285492
0.14771730499516667
0.3097251303394526
0.03737470135659893
0.015528339791914814
0.011271306087819788
0.15919801288735613
0.6934529836015788
0.14599519479635048
0.04767811997716154
0.3899007424577746
0.9597233983828064
0.9572486196049742
0.7069630408791002
0.7117408251325784
0.9429509535441174
0.9314936381846086
0.4616152240725151
0.07064029666428684
0.10537122524599052
0.5917228399723617
0.6013083504918246
0.6918201412519802
0.8768542426220399
0.292865897319765
0.29491478335888677
0.40720117380435794
0.6875431510919345
0.5875107669793181
0.1332479287145566
0.12650891351745497
0.1337462377443437
0.4064675575561788
0.9853776262845279
0.7871097219269703
0.5086679653315892
0.3265914023283214
0.4494179249480207
0.2880983633345583
0.06941022292284338
0.07338723636971445
0.01715812547908213
0.027325932564173816
0.06857136877790315
0.49572763291845545
0.16715675749583092
0.38784949037916117
0.2141988813224478
0.15039817244603249
0.16551801227101315
0.1323854714475753
0.08865912010406074
0.22934573493316313
0.6180584392558803
0.6326222844327665
0.4776652856017941
0.3500437214995258
0.36044940132843883
0.5351839362283932
0.5572451360345204
0.5964872001132122
0.5795123229116399
0.22924294685516933
0.26229369745630726
0.3648174542093485
0.5323394832130239
0.21738155921872038
0.10007813264637055
0.10150275692008026
0.19087257277674108
0.4683350477511017
0.13948544356684112
0.1100775822584108
0.07952486768674971
0.4069189995610507
0.9714619918566071
0.9492434661999344
0.3752528262786158
0.025531905658179754
0.029926700677255447
0.09858453143286483
0.5680806574331747
0.39829279113905447
0.9411201133218705
0.8804593921239114
0.9137280275060164
0.8867735365069296
0.8920680183654146
0.8860194771717347
0.4450359425149688
0.21207195157749092
0.7588738482149004
0.07914895628486396
0.055629563900222334
0.06478023903793506
0.1869448421675053
0.1435557482907115
0.07365545537419471
0.8025115125047723
0.38597625547097747
0.5040381384171877
0.6262483426090244
0.9776451330792895
0.9613764037669696
0.9445986521200311
0.9557271294585235
0.605395808700646
0.46850141715852756
0.4443197133486694
0.09276096054437732
0.052066723503152
0.035490503441834687
0.03734520475590086
0.08692208375747856
0.12419876174822042
0.8613658143591245
0.2010969501357046
0.15457205241361538
0.6796023044413195
0.6305789597748078
0.6124239660881943
0.12207837345261141
0.075600444180276
0.0038216437639627676
0.6980092476310311
0.9946631210893275
0.09631730158369978
0.0027824714730233513
0.0005313086949434442
0.0019506056659276405
0.0008902381310975649
0.00029605877702554295
0.00030494502985189964
0.02948535452624934
0.9997805553923076
0.002124762980457051
0.0018254325384484682
0.005028296280101929
0.03650909205963071
0.9998345228658039
0.9998397170061563
0.9999258458973178
0.9998079004231537
0.9970835449739051
0.03922700136230095
0.00465404495091204
0.0017630259725283093
0.0021084367249422087
0.029497905248455858
0.000337879964817267
0.0001606207519401215
0.0007645299209890766
0.0018688464360323565
0.00038227065837548313
0.003040054987701879
0.08804594818286815
0.9065664350711833
0.9971808278143433
0.10725509004972045
0.1056032298541012
0.2681280783806532
0.8663120986704851
0.9139266608570735
