0.9326509444177203
0.8126907561416987
0.8994419972543596
0.3584454677636325
0.07483096141875367
0.013681558582964493
0.033739895519777074
0.008422958684006665
0.1224158338749387
0.1663291066824698
0.18895610578217992
0.5935915650592779
0.9155477216510144
0.9943708125459066
0.9609621782093861
0.9191058456776623
0.33386957753668045
0.2709484163898732
0.43120769876024456
0.4886909187493752
0.5590139846770504
0.9051542242698984
0.2814904157497722
0.08140675615886384
0.10032519610178403
0.13630730543531155
0.14007229837492574
0.9486123388775362
0.9446088462682438
0.4762394043986504
0.5432813992115041
0.8957335158957855
0.3542799938858726
0.19150293146655029
0.0876046483255638
0.2595718808367854
0.7465061439852985
0.8562682328487736
0.2305576033753518
0.002787386823902782
0.001488572078529371
0.002331777839861604
0.0006653458092340525
0.001955318305604914
0.23837719081643505
0.9917278452624049
0.7298345158921129
0.6996461228154955
0.6986335879825119
0.6887947129989396
0.010553535757652499
0.0033913549326654024
0.011339228079563002
0.05786613848802036
0.04871773344642494
0.03178521948354385
0.31535361779912174
0.992779300317788
0.0028187749836695586
0.00012199257301881428
4.2091675559574604e-05
0.0004149208778394531
0.0021756999989748227
0.5514121396908003
0.9999526330779037
0.03350137629129679
0.0001628568897613647
7.738322862582692e-05
8.558920897583366e-05
0.0013777819194740193
0.9999814085230874
0.9999840458900036
0.014972384769296077
0.0003648637829541945
4.159369396983248e-05
4.974505521870842e-05
0.0034541796244438316
0.9999562193850763
0.999993735832383
0.9999998164766193
0.9999914968160302
0.003424601690230733
2.903963559297562e-05
5.001481783306616e-05
0.00035587467307618414
0.015316972864228284
0.9994611593480506
0.036082640917737496
0.00013026271881455553
4.8705029504270136e-05
3.8154150404423604e-05
0.002572932240253456
0.9999636231666288
0.5480363055366089
0.9999989398515631
0.0021827416545395772
0.00040942322319681423
6.951516952569126e-05
9.331715598537293e-05
0.002249997809212312
0.96419369828538
0.9583193040308273
0.6984060943005403
0.7128873976494388
0.11720953502549902
0.004160641305246404
0.0033617824196786605
0.00024976147979216545
0.0020761380952650788
0.012358068931817012
0.9995160381998864
0.0011572481526426204
7.84824291985009e-05
3.426270105910678e-05
0.00044717826486162515
0.0018157516082336622
0.9999804783093496
0.9999705095571279
0.9999465947185062
0.9999301902332542
0.999960495300697
0.0018248338388184848
0.000467310412397115
5.398175455939569e-05
3.524492387163569e-05
0.0012230106923502015
0.011735381061927397
0.0013519225948903646
0.0016102141319890295
0.0012145157577989618
0.0014481917659318055
0.03245509091296295
0.8490538068653203
0.40118806308679655
0.13818804151397746
0.0485602788109013
0.2199273374263625
0.518669497697257
0.3849729452332671
0.728018466849782
0.05684884476049312
0.0690807614524912
0.05807239145064613
0.21588225951240836
0.4747149112745147
0.6358329865931239
0.7483303016517375
0.37700150873566085
0.6156588707344339
0.41188510992673877
0.35259223462961176
0.1414424169127222
0.13343411430083396
0.2260807270087466
0.39542038366474896
0.4319806444531823
0.22299363785307802
0.6424806904315082
0.6756689008966968
0.9442533850846301
0.9859144824827214
0.6594058737722193
0.5240282242032115
0.5346660737735996
0.48268942098796674
0.1914763448197615
0.061266490220772685
0.12103777868575749
0.7240350370958164
0.7168465286831325
0.7936145886031708
0.13459504830576619
0.2912961514176128
0.25709559912844526
0.24520538495034383
0.07176087022534294
0.05447909545736629
0.05971348645910546
0.16773927888672546
0.6560682223281138
0.11873436308467855
0.21460805734677557
0.8217861618825634
0.9072183413413795
0.003007218904852116
0.0009627238283946848
0.002637174599780412
0.002664171151065098
0.9955197911214456
0.999851168096574
0.9992997551912689
0.007567834602651535
4.525148329848072e-05
2.600317187850809e-05
0.000511873495756987
7.610926286150121e-05
6.758948019125466e-05
0.0013648250362834347
0.9997919948564186
0.999967700120816
0.9999679135146917
0.999965919365303
0.0013030385973344938
5.6002540806510126e-05
6.405281554866527e-05
0.0005113271884765735
4.9677470710718374e-05
8.576403659843468e-05
0.006886726531986742
0.9985557237829487
0.9984657027902664
0.9944113996896208
0.986851824202445
0.008114286535232162
0.0013309968301522535
0.0003127813057773876
0.002219941152895588
0.8764306629008346
0.832802822066558
0.9119030425266608
0.44810950789266113
0.12166721980043216
0.1754816230561963
0.07468130519626359
0.07567468588881632
0.009175591125722415
0.00020446537613894034
0.0015245125510193747
0.00017061992972777773
0.0003330744917168227
0.00014836707859833265
0.0015937081388687213
0.9713112734044602
0.9931881022755097
0.08745001491519544
0.9994284586048862
0.9995274368953005
0.9995168545480088
0.9993851067966337
0.9953008463876317
0.08412386857544418
0.9750979337846781
0.9964092976274528
0.004487770433744043
0.001442776100670673
0.0013702137533890824
0.0010055470668803856
0.0019780880344206775
0.00041013147475654765
0.010297662939649732
0.003950349029431588
0.000912293829444133
0.0542574577764986
0.08178104947552856
0.16652576241111128
0.19689187653414086
0.16368280292771575
0.21058300934631136
0.21395515960483957
0.06411833108597198
0.012620186678225953
0.32914766825212394
0.30632088222566145
0.39051685405789294
0.385914323882105
0.2146866107711285
0.2689742117798808
0.8221852055633531
0.8097545255434649
0.7939742534140619
0.8578974597689473
0.7829757420092462
0.8093692393617165
0.9904661552356743
0.9906504196188419
0.6224920836255166
0.5932678282299031
0.19547774314670352
0.3971950419996604
0.05440018361410259
0.005517836063773096
0.005869675012701081
0.042289158662386916
0.6258263252316749
0.09888460093457141
0.22081530031147167
0.9870577358730227
0.9824087989130641
0.9581599250912247
0.543478970132135
0.3800347332483329
0.7815589855643637
0.28408268754124744
0.00850761450548343
0.023419762900661167
0.2051552223388452
0.12918421677767733
0.07225400671018045
0.3591350918577525
0.42295718590549103
0.5606742632519295
0.5161701121293932
0.3447996944017191
0.6584169343894561
0.868641431676771
0.4279190453766256
0.3802277331860462
0.23915182608602625
0.24352377332400155
0.21142493666295448
0.16124504145198437
0.087202271017218
0.48319783973271857
0.5984601705911143
0.6283992590060432
0.6197512787063394
0.04453812439425964
0.4039044133096191
0.5273633418824428
0.957384528501365
0.5899635228720694
0.42737134995131787
0.08676527520138255
0.11428725067802603
0.30095323730304324
0.09634787601908501
0.011076356031334611
0.028543277048890925
0.02972953717097293
0.0037774644069900054
0.10532131129360545
0.148404686480214
0.34136772406465077
0.7640747143608173
0.892612037072009
0.8649182973906976
0.1131566902577874
0.06384633535811035
0.8415746365558402
0.8719129943654486
0.11159433520326767
0.11731773491832853
0.15797589553782176
0.16680419578588146
0.14488357095111393
0.002079343758347396
0.0007844957308290601
0.00046219297178062835
0.0018781815180402006
0.0071182390000785745
0.0011473549254794602
0.03482260815404026
0.14625742703116618
0.9048422118848354
0.19668047519066256
0.13614052317067893
0.11910421178938158
0.10748407173175112
0.027625530688176858
0.902491492482459
0.8840727345189058
0.9485302982605051
0.9901628645675126
0.45069799920547027
0.11031574267280564
0.14058667096500077
0.9781371207879767
0.916155652435724
0.7718468048782549
0.9164743955496022
0.11271277868555085
0.017137933589732923
0.06959747888158718
0.9951825256843655
0.9980402298562249
0.28467885585829555
0.010666036150700609
0.00040437080332844655
0.0012119562046577492
3.723071132011313e-05
4.202180173373815e-05
0.00032304868896260164
0.0003617499968292526
0.1305480061048231
0.9999344534056506
0.9999336189806306
0.9999331807133024
0.13048139251482616
0.00029416657965242177
0.000375833480160348
2.6656018809467774e-05
2.4068419451017675e-05
0.0012771409178331528
0.0003459440364852462
0.010907915286320957
0.28563848843235085
0.04001131273320946
0.023697061114148266
0.0722098979150585
0.9222694285197329
0.7561298529084991
0.5937730359236262
0.5938764888021033
0.307990053379664
0.28533229340854827
0.3618662936330148
0.9985260871606406
0.9982639973688161
0.02081562846031426
0.10397568164360027
0.11500987083817005
0.12817428488140525
0.21111503027468048
0.9895880557458219
0.996777523255478
0.24635565320280983
0.036805027234582344
0.09109064087730201
0.10275351702903657
0.003042516071307566
0.0007749523545707016
0.0011734329434611723
0.0011295024333236592
0.14118866339402025
0.9323346636048274
0.02832939058185735
0.00029980742535196114
8.274676757025201e-05
0.0001454702215237802
0.0013611914430131655
2.5528540027353053e-05
0.0001325319013110171
0.006050788900475501
0.04407519282066252
0.06245004466362558
0.010067743314931876
0.021328829217730494
0.14921564217055172
0.9999637097967005
0.9999637895140671
0.9999458524201631
0.9999403887259327
0.1568419656107124
0.019773371296745612
0.0063113133773518015
0.062425370984672046
0.6344439160918405
0.22549311355498836
0.18779945110237506
0.0001346733383025267
2.65052835913826e-05
0.001371456121856962
9.224992212464311e-05
2.7245824558708165e-05
0.00018280938201187258
0.009108199035410491
0.11109909407661123
0.03123749650999097
0.011746068927624753
0.037025479232068004
0.8749573249277842
0.9081567056702521
0.2173824524794108
0.25004305962056084
