0.9997305801047939
0.6180695138527397
0.6063409526122066
0.9999448915286551
0.6387720690024231
0.9210350550940832
0.9999650216854001
0.9999111207201475
0.09231292924874168
0.0004959411792396784
0.0003378647914492605
0.0011858059936744603
0.0006968041566728367
0.00019084820977388617
0.004910727443194762
0.48572024256041724
0.3799088085720139
0.018817511510020535
0.021268363533510692
0.05822935523284123
0.3195593820762208
0.40168887070100356
0.3516356237072049
0.4673759233547855
0.847348967744093
0.8038710370398485
0.4103458921866938
0.5346268668913493
0.2905803584180351
0.6497178773362068
0.11214067671854755
0.1489998821513736
0.12102607488001893
0.8811503206037674
0.7933394010025336
0.20222871882268834
0.2108051514846485
0.28596527159519236
0.7740979040922689
0.9047893241854427
0.6055961249002012
0.5488452552471477
0.9609312979555877
0.14223730393603995
0.009443337349152259
0.0027196217502555298
0.1926201729796232
0.15807681126178152
0.22350945323474514
0.8097404897763598
0.8110749509203334
0.8444736575717647
0.989827922887158
0.20768878035697558
0.18688464596940468
0.17344928853136
0.02569252945800693
0.027405114832966482
0.1545152013945058
0.7622762600082619
0.15739598429964885
0.20454975060328928
0.6921193334600523
0.2641505409074949
0.2580724025721751
0.44185749836217525
0.09795297106964973
0.11414701175120978
0.153746722205249
0.781695373025502
0.30832271721179116
0.07247614972192873
0.08147988161219
0.6580624145460185
0.9489133054812899
0.6689344480550741
0.6550652062751579
0.9305534883952915
0.875519695424559
0.777324055181655
0.3261235998075702
0.14695372113221383
0.1514039020695639
0.17344035993888207
0.8564703106922285
0.862706674834868
0.9173430191495462
0.8850148500960364
0.9753465961704539
0.22546633934236004
0.0964555445322931
0.2255198072199961
0.2108208834847375
0.7142756362981335
0.7391127904600647
0.01063781562468058
0.0029147089249781377
0.04905018892275781
0.023600421733706467
0.02009022158777818
0.06221374371035859
0.028158991180926796
0.029559407066304666
0.6588843158809943
0.6699203583390898
0.5070735274989417
0.7766799372217775
0.9497371438235067
0.993344374845911
0.15906464234410356
0.07643222819032336
0.9933442429440575
0.000714628913204618
3.4222765630476104e-05
0.000627833196358063
7.801560045317402e-05
0.0017021554883364098
0.004470882557028766
0.9998966565500064
0.9999786994626431
0.9999984724232289
0.999993870292351
0.004342305587288431
0.0016939781774863993
6.144474873337469e-05
0.0006460717939461569
0.002394140355084562
0.0031305602237635677
0.9945828646323226
0.07108401284392174
0.17297237954154088
0.9878201968766894
0.9976227319394702
0.5251565454671687
0.007070962256483959
0.0068691788010480925
0.32075935465180083
0.4070475610688875
0.5711299912174552
0.9403386884281486
0.9963672234476489
0.9244002753640577
0.28129166442478715
0.0035422504207049954
0.002627093534838254
0.001375367980051112
6.883306598659544e-05
0.0012682929461497183
0.0013812050910407825
0.0020707500623258213
0.002618232034302337
0.0007274892354335316
7.49059031782684e-05
0.006552466470045593
0.9999958098841454
0.9999935321484112
0.9999935558669849
0.9999560648591179
0.006552921706822312
7.94835147998052e-05
0.0007207758472009829
0.0026254748546330475
0.0020797029752427365
0.0013879179640006178
0.0012931548269989879
0.00010374276297864249
0.01154347485713958
0.01282440206530644
0.017219224511112907
0.22935653947046142
0.9411636122658537
0.9826687728556869
0.9785416297257837
0.7259530611419431
0.7195317697085021
0.48619013606199657
0.411938000498944
0.47198754656570596
0.47555785025909403
0.208705545167427
0.25097664129601693
0.01672384434061036
0.013673618366743745
0.006027075297960538
0.10493365569532243
0.09940241147243489
0.005837176162643121
0.007834795286171037
0.01310169423484886
0.4760960142971338
0.4224842186220531
0.1186650870767032
0.5060148351640642
0.041329515337034994
0.035045620538624034
0.045668352360402786
0.1751431073149492
0.1733736732175588
0.15227513614914034
0.5788832843984588
0.1758228146456997
0.04466166505965796
0.19995082247819473
0.5142043077540236
0.816714574952542
0.4175142746235604
0.38044524739700825
0.9752147827061015
0.06485999015397959
0.0387203340636747
0.12896253060528484
0.9876387900439387
0.9867075471837983
0.21899995838824027
0.010186331290458761
8.0696471510322e-05
0.0006160343764687326
0.0006779168713350048
0.002287777406002167
0.005559468938649781
0.014793143575576928
0.9782838808731316
0.7320364552298729
0.9999886747261187
0.9999962962878398
0.9995261500817695
0.7651846647572895
0.9663814310916721
0.0009344428019031348
0.0005103312193851517
7.803366166359016e-05
0.00046023164685171647
2.6868599397489312e-05
7.952017981949222e-05
0.013812117983825645
0.22276710515808273
0.13516666014558587
0.06531986574648474
0.050255156162805736
0.6775484212970116
0.7191078392553578
0.7839583064191713
0.5045406767140128
0.5190108908415608
0.30280382631998115
0.18391434581685928
0.070345999342867
0.598161384839749
0.6817366600074102
0.855416736063611
0.6482327166812368
0.014004460994253676
0.0070981697580631
0.1940552829076727
0.20478476921635047
0.22167500858032074
0.02118282189326426
0.15059486496746688
0.5168535253975289
0.635921413857611
0.6412477557374641
0.6314710152997473
0.19602633696328509
0.1331936400741024
0.49552623989291467
0.2484199809452119
0.5944856792700488
0.3742427357762148
0.17819362851466802
0.3281287259351201
0.4479898959357447
0.3508329129686595
0.27714406287956217
0.29081073343749764
0.793889478371337
0.6401334712675738
0.9911873174523514
0.01710477412438427
0.0035196029345300195
6.764834787209573e-05
0.00012696751079388502
0.0019087281980493254
0.9999447921726786
0.005667415763340733
0.011929993326992627
0.027254827449864738
0.9998783058598202
0.9996411943969369
0.9999075429918869
0.9996760236673637
0.9997533786967021
0.027065544683641307
0.004816268868341966
0.012891211484152731
0.0019525314899780932
9.745074821621014e-05
0.000167957290647891
0.004895286077196803
0.01795769210360043
0.998785801533994
0.018688785270226882
0.004697974965164775
0.0009138459223408946
0.001452045911156996
0.9964163626756968
0.9964922355052102
0.995009408085654
0.9969619241353479
0.0019171313315710092
0.0016480701526476738
0.003299074508567812
0.007124559542391551
0.5501409817468439
0.5012032710095374
0.6358890101458688
0.1735608861593344
0.32834469589212034
0.2947869012121618
0.1715381912057311
0.21542274981791887
0.42274573414248073
0.7995997971942472
0.45543811598718653
0.5146652965782175
0.5974154051485778
0.7881511421290822
0.6384404567475785
0.6818515749934058
0.39804254857849963
0.25444222333978417
0.27161286425584796
0.1892649005708823
0.6089834731878621
0.7160330224227458
0.7644740894419031
0.9639531700856863
0.4809343779032048
0.08252733874708928
0.05995648830932776
0.030165418234274433
0.01645596988847564
0.9296485826580796
0.935709136829374
0.9710170735470539
0.9903229553495551
0.01005098083300271
0.008485277177593176
0.0057088530706966845
0.05005757142038114
0.47642778085200255
0.920947883881069
0.3274161892801193
0.07596709280915426
0.03674851019801828
0.12249069420098335
0.05767296051068094
0.21228975123526905
0.2594217617366137
0.3534859321327961
0.17914274679029007
0.314603385231626
0.1446471801481164
0.08339898265168888
0.6384673395606124
0.03618852079367263
0.29977226516428557
0.650662838817806
0.4247250326473242
0.618905788826306
0.30594835883840477
0.23157326673031065
0.3733378608263258
0.7489835983378572
0.621463991505171
0.769410355280061
0.7949617143207435
0.9873291051926528
0.8210684861426903
0.015474176638180182
0.019060622304178265
0.2916489450210651
0.5041319720944227
0.5999389743322705
0.04661306326482828
0.085020776117129
0.6355535870403787
0.012918964621806195
0.048887053607544084
0.02833090112891723
0.15641076399505116
0.16951317911396035
0.7491704497677233
0.7490963662089536
0.6217024111996802
0.572079392394231
0.03055588910800744
0.06429803084932095
0.18948019166238073
0.13238150584072295
0.4685911937120434
0.16099015537073336
0.0028281732834166684
0.0013547009198761062
0.00013683086985272208
0.0005939288219024563
0.0014679138866090513
0.0014581851040313953
0.0024538071758228863
0.9913929671205303
0.9836076068987846
0.9410500871389378
0.9105531602366268
0.9993804266633534
0.28705084731822894
0.3512328449583383
0.9995605526016599
0.9991061829916188
0.9995545906145572
0.997004885151786
0.35568042575991254
0.19880587320800092
0.9989760987766602
0.9999154958651628
0.9186275998030989
0.9995604108593185
0.0008521743766924939
2.3237241926432617e-05
5.073658608600873e-05
0.0006039343950783316
9.181941719060838e-05
0.0013647185815784946
0.006512315110658862
0.130232682567068
0.4775477520608956
0.7925050395863427
0.989602408571015
0.19592562545563752
0.08882590284467284
0.08345764391373389
0.9439055146607312
0.8554205567151922
0.8416816469618025
0.7392112638780153
0.04192312566563172
0.05276415074145313
0.19322297528072752
0.9876894864614139
0.9916828770265389
0.47056573947239766
0.36865530527935186
0.2921242645848132
0.2296346854308876
0.22739839864459288
0.11618073414807484
0.005130955020896999
0.0007694020947293101
0.0005072002492464422
0.0012037533995602478
0.0003475700342885357
0.000330199104123019
0.017141950750258483
0.6889358663659022
0.622549577424345
0.6155095702869513
0.9460245509003273
0.9854895567398012
