0.9617330637047682
0.902838686904765
0.9542751294522855
0.6857600026748757
0.7073547488153471
0.8064380509131631
0.9624952229299665
0.8648028438616912
0.6448980165193667
0.608928211766031
0.5799529285956558
0.6573275718909034
0.28307242802341903
0.4348707965898141
0.20852168238846014
0.762331983480589
0.8607760045907739
0.559645607840858
0.6950960219467371
0.6650227005762189
0.3193661864381947
0.28906346298268715
0.07248925457265865
0.5920952688390183
0.9105561049248133
0.17448494864844133
0.05765748506050483
0.07280926783130148
0.030576865121685892
0.13539245268505595
0.04345419294344455
0.05262726128548101
0.03659808558546196
0.9877214292367608
0.9838757470014036
0.06681770489343442
0.0355456509208375
0.02147465647999902
0.4589535540397396
0.9952021977718265
0.5181834358389569
0.01567409873982839
0.9189919219552695
0.831226280992945
0.7787584944818403
0.9836721038883446
0.05449088523494183
0.01606172461420019
0.008068405177552918
0.012392481074017136
0.016721060984488223
0.011758151043818055
0.009070659368410783
0.024653960870983815
0.9889964327706859
0.9890461632232473
0.9891450872558426
0.9808555494826349
0.014722691919355158
0.01421505648534016
0.004315907009690201
0.0003697536257881717
0.0006015724494234931
0.0006124543434492535
0.004297923235545453
0.05289192502773854
0.9880552497342562
0.9586659145584921
0.5656522825656792
0.9571333337005371
0.5624240100205182
0.010599593966705068
0.46160737668351115
0.35234782158961553
0.2472472868681893
0.8687056771922108
0.4652384130127718
0.25867972573470155
0.19746327877925007
0.9149928567584749
0.8967134425062387
0.49585904490482136
0.4923830783844576
0.6157871605006233
0.8850205870706288
0.6552853200777498
0.6744437317016556
0.9961094158095314
0.9763883760385116
0.964808255636732
0.09525608989207568
0.001392770581960301
0.0002434750311604006
0.0010575946209350207
0.002235550612561643
0.0016917720761088217
0.004759786607846261
0.999724461722576
0.9916506477015561
0.17408597929820646
0.13326653276240663
0.9186293382333313
0.8848809292780873
0.9838282261453394
0.03053383021907219
0.009656106846632762
0.008593758802222018
0.003542321175343144
0.0020892756580216387
0.0018996727227141852
0.0007340146007386306
0.0028341645522246273
0.011622380485670436
0.6172786187247786
0.024640232615840585
0.2565651258729007
0.3457301083627018
0.9713813829142914
0.7512307979180091
0.7626210060061254
0.9722297864205348
0.03063843790697196
0.0002559556655181705
0.0007065194736711744
0.0018401224496269464
0.0004490743268577013
0.006062922978439911
0.9991717094954654
0.9992670596121896
0.9999010216035684
0.9998847216168971
0.006639811000979212
0.00040514465876018146
0.0019505989999668571
0.0015795312693707153
0.000511625332275778
0.03254955321813824
0.9739685124445777
0.7082924484066027
0.7860160666124789
0.9749405714389215
0.9559789861894945
0.9985700133708864
0.011610735570856678
0.003977010044482143
0.05664097297050674
0.19674371746602137
0.9369350861992505
0.8476962164096137
0.9614561740226459
0.8126531787532165
0.802219708347897
0.020681716634503577
0.0007932445741970495
0.0012357466722217048
0.8780036204043712
0.9995676998472321
0.801840005305868
0.7873593486906915
0.19680689933132733
0.2001896595422109
0.23628498246596774
0.8135906171806364
0.9966115082922035
0.9121580079448582
0.9447955070098828
0.20362401696520416
0.003206664570333806
0.011400371527380382
0.20377695926091888
0.5748972348595641
0.40989208966448476
0.4102448051910321
0.7942761202819055
0.05309681801070243
0.25249822271056777
0.9263189785488742
0.9607579596960827
0.8039176759137214
0.7281540889864675
0.05933858321474328
0.3077747589809262
0.1972716858014374
0.0031359948374092284
0.0636610706711358
0.01116233269685074
0.9683021415801791
0.006243789631429797
0.008284176186268755
0.0023246502045277673
0.0017478749297723528
0.0024978355349883907
0.004032224807696605
0.005174673571541
0.004613128148243439
0.014316126354726233
0.9785555700805324
0.8814400572312809
0.16107773885141585
0.14441176879810047
0.9519089593910315
0.0036881826647863214
0.00047582135598411845
0.001228293590643581
0.001323417123794579
0.0008344273889926423
0.0029672385241437116
0.1033215361041242
0.11390965420931853
0.01596967871742694
0.02432008771825378
0.019179281525048664
0.032615595965208244
0.15026559602140355
0.9982968166023491
0.11969570380603156
0.034135821008820844
0.19310122764566906
0.9998128972292218
0.996813837132426
0.19630485446641066
0.006885344174939911
5.0427932391183816e-05
2.519297412484356e-05
0.00044960572218200046
6.11841636297683e-05
0.00427936512512983
0.014818991091037237
0.9821925549879927
0.7346520720344776
0.9999955187480805
0.9999962526935923
0.9998715471586096
0.7645725049413508
0.9700772914508936
0.0009228053973223682
0.000496390615387754
5.4978774970848576e-05
0.0004476123267113108
2.0786655564930534e-05
4.680194754058675e-05
0.007259839818061664
0.19862717205498293
0.19645703627980005
0.12117320052868541
0.12269375929944337
0.9072094319239266
0.9890839597375506
0.9790992108792089
0.1525941002369442
0.022424075236075036
0.003820470071544624
0.001656758488925214
0.0006867831302908023
0.07560073378444554
0.9393827422638683
0.9949213633338622
0.9968683775791314
0.2522383272261065
0.04601560899048118
0.028655717214790655
0.060938738018757266
0.008160331983323776
0.01882930536512739
0.002064223650955044
0.7960379074921469
0.9383973874146229
0.955454487168605
0.9742979885429206
0.9812811491168729
0.9485154254440842
0.9440310413136238
0.8676140152859761
0.9351150889461017
0.07935386810866796
0.09708963415841876
0.046761115559369126
0.035335543453861806
0.05081110094189789
0.03640541015482279
0.11110112364081148
0.6603836001557057
0.6833739207368777
0.6684492436815822
0.9606034518142215
0.04466988059731447
0.03290550088280764
0.032758825912020506
0.03927859578200188
0.5224278036579394
0.5219765810013222
0.012917605470061488
0.023363660858178537
0.04983779500351693
0.9689894828074895
0.9757111335312129
0.9753113722441648
0.9569541601082209
0.9814842339024562
0.06955975841575668
0.050087841722657345
0.01577549927369115
0.009121464065500517
0.001163617963633512
0.0010002092592522605
0.01740394440183779
0.07659215458229096
0.9951089520655111
0.05529604181447212
0.003866830035285207
0.0002061849443970587
0.0006925424520776158
0.949118942761299
0.9494094686221204
0.9494492109268082
0.9903003476254686
0.03246757230210806
0.04668323297669408
0.051184369407732855
0.056535747274775394
0.8676478785567816
0.8558851193318011
0.9928981125111168
0.06280836366940712
0.030004907194045582
0.06224761363982456
0.009065099045813096
0.005330507326453238
0.012588135846995474
0.9297424287375564
0.6769465819834504
0.7154114657733264
0.9372514249237218
0.8611488851588266
0.96290485720793
0.8891154734352228
0.8957940203533751
0.529254228575109
0.5923010130470855
0.8650659571397449
0.9570503815914261
0.9631936919098353
0.46563722123652995
0.10371801144143344
0.02728356622311312
0.027884267831779552
0.029908539961815528
0.9990644018216689
0.9969127500006887
0.9983357565711939
0.9997562374756597
0.017369282813533005
0.0009931637012776662
0.0008760109711722919
0.06975323509102771
0.3896864449216565
0.8882510962881991
0.247318107836222
0.294894554711132
0.9509876440490654
0.9406007041735343
0.0269565469731865
0.01642193072821685
0.002889280768751945
0.0032665333018246923
0.0024940077070443323
0.004593774974509635
0.014365162300612688
0.0072621437774998965
0.05628471589762951
0.05135670484019084
0.08291722816926539
0.028202928811713046
0.11228169241522457
0.16225997220156907
0.9494215774050598
0.6421609743493747
0.611311393127437
0.9966885219161077
0.9165975621695485
0.9546610009501878
0.932084166129888
0.07461300087452749
0.005339418805447971
0.056128876500156744
0.007401790295580524
0.021733281307201757
0.03554101969808976
0.15575361388792508
0.29223632818376366
0.2798664467837916
0.39213781981430107
0.4763968203800978
0.2877140892335749
0.4628571029906454
0.7682882565997193
0.7019066368493265
0.916666869940132
0.8334569309525115
0.3452857244141698
0.15136938453658022
0.2710385944272554
0.40649164713849006
0.4574565922968309
0.8626526551591764
0.6783255290423588
0.6080255860674779
0.4248011046643333
0.48354641879408067
0.5950004870105853
0.4338824339832924
0.26477634930373584
0.5130831762770169
0.6882027540245073
0.4737248706630113
0.28636576886113196
0.6066550699812583
0.6130935012095922
0.5683520595588126
0.3365392601084102
0.2181935476559167
0.5404794203523875
0.5300915640945538
0.8583036640098428
0.0784930130987096
0.12389224027941492
0.09700384460924394
0.027671483407259556
0.04040524180478777
0.04574754826920535
0.3383651130221832
0.9866163927365288
0.9972472109319539
0.9783497246973505
0.4008367025866756
0.04062551980765117
0.0019545711063450044
0.019421366925234662
0.012711087448339597
0.12803840991528137
0.18212356335816204
0.8257848579242855
0.15772163595894562
0.37526684558940426
0.33330222663716347
0.8867195288035777
0.5500442145235925
0.21070349591821713
0.20911632825302673
0.29354050958516253
0.5444462021572397
0.7022814946346335
0.08904926759999932
0.13796368626962585
0.10336047522184921
0.9935241058528579
0.2722682912001003
0.12887083357703333
0.13306137083712044
0.8607912136910671
0.12838699177934154
0.09540609380127119
0.10659928654027484
0.06480754009925882
0.09021833487566733
0.07569126004370863
0.13647478087210985
0.9968299334877001
0.9994265619436039
