0.6307621322503885
0.18130575007580152
0.006009699822559722
0.008483111468249427
0.017872565450829714
0.017316157883378813
0.009744438786025489
0.18746730145618862
0.26299601813854867
0.7901086686347933
0.913208911874017
0.9193217962803215
0.8376703334383149
0.8960138286068396
0.2631840606209118
0.6296817031282897
0.13773543687543965
0.23114838555832373
0.08915787157010024
0.9913761105409535
0.9992329979265181
0.013238888668415827
0.008564386953529346
0.021616381382410066
0.5037699978684889
0.5062195382995895
0.034143219784609435
0.9995663984294652
0.9999226456545652
0.00022541102464057605
0.001309905209746165
0.003471521778016129
0.003576250428645955
0.0021486403513678587
0.002942639133886482
0.002793633690336028
0.002720215548637106
0.0023808942780765285
0.0037957407639136465
0.04555509559913462
0.999894505628853
0.9999984023047499
0.999998259954961
0.9999459707901298
0.04542727418719539
0.003851632045244746
0.0023977565317679916
0.0027247199776583297
0.0027956023989598178
0.0029445054097192447
0.0021741748587026377
0.0036129680699276134
0.0035326246180834575
0.0013814439823115476
0.0003018004107531169
0.9991826176975205
0.9994063356870957
0.03142793352203754
0.007131323876321871
0.02881213129493132
0.01695790031743527
0.027896241757137674
0.31066133613749247
0.2826853315893366
0.4980480532775283
0.740707287227629
0.37507832153873266
0.7146342326745521
0.26000580374518645
0.31886333193689154
0.4775863640294046
0.8877924700500064
0.7724241314085905
0.7701210254725501
0.9319965690133077
0.8395590042410931
0.7259872925930657
0.9256115260083084
0.02068273343070348
0.0007085166869243986
0.001262836502285647
0.0025521632213859613
0.00019236906803010712
0.004277733131048955
0.06050769981711657
0.9994882011793096
0.810873853513428
0.14665747258720574
0.12366421562629937
0.8347675453758612
0.904384145610219
0.9835238335635225
0.18578399252452105
0.13266424079673333
0.0030522950583137254
0.00040473469643853566
0.0007776735206617147
0.00032614704208278056
0.007753205450920397
0.9703116902895573
0.043690368321371076
0.03430130712921564
0.041273931830116406
0.08812067408012958
0.9853955671789547
0.8893889448471639
0.986616883448005
0.915971709810055
0.903941930929465
0.009896114025608638
0.005570887270365366
0.0026139387622755583
0.00010392339192344391
0.00040355452759388566
0.0011414250620087607
0.999989756617573
0.999997536536039
0.9998737674752941
0.9987556081983738
0.002922351540891044
0.0026138537845121768
0.00016698795107628062
0.00041811007419256807
0.004362089456385054
0.009331765631100275
0.9833856374973879
0.8121121620028638
0.9992587320524154
0.9985568686111715
0.8949482124573381
0.9959402727937695
0.09775472455708545
0.05633197966250236
0.05032872209115935
0.0672767969793564
0.9500445984980879
0.8762171979093275
0.9635690207545299
0.9773902019564089
0.9549005293386807
0.09801993833394351
0.016884349452245595
0.016416460778375996
0.012640282516312662
0.015141339246319885
0.8642704862688891
0.38230438159884217
0.01274702144868145
0.0041068239937180895
0.0016582195469130312
0.003178280002464895
0.9963302544171223
0.9980367654637702
0.9998922774233214
0.9973871814088316
0.005578165307788652
0.0038089167553175818
0.0039604835529412075
0.013311574444488827
0.997594074883598
0.2496653872743474
0.9965153168753129
0.011206667019208694
0.004191650263867919
0.004063491795514351
0.0019013291266141152
0.09740692334912804
0.9385344889741203
0.9465542799539121
0.9936567357656154
0.9817691228877374
0.5719682719886672
0.5793981641172545
0.9771543465011595
0.9541233272624418
0.9782949561916143
0.975418599828508
0.6481997531384551
0.6407271900146949
0.9546001095022346
0.006647152297236669
0.00030299772710529194
0.000720350658174107
0.0003167008298106122
0.0026302534649736975
0.004952250226408772
0.011446995674435967
0.7944927582136083
0.7182279228092151
0.283461625665793
0.3382450139672304
0.04967412842826979
0.001316983229296187
0.001045504775291528
0.0028082333565508932
0.0034623026284844594
0.003355493859519054
0.07587292220388808
0.052932657120959736
0.012166081173079157
0.00017445545994387857
9.309683236358168e-05
0.0013244655386164261
0.006352422354609977
0.036523527324128446
0.9999885426200795
0.039649248743372056
0.04107008676808244
0.11826815508523014
0.9999940348291793
0.9993358970922196
0.21152989418138957
0.0068701156329640245
4.689624667997272e-05
3.008583964081435e-05
0.0006144641118488448
0.000777321269769371
0.0008524198759437551
0.9999837501981119
0.0550073418385959
0.10206239317996257
0.9999933459668142
0.999993819126365
0.9994911368582711
0.9919116797137086
0.1101357031862994
0.055194593040610584
0.0011392461503317852
0.0007415993384213282
0.0006178937260697959
3.137770061445444e-05
6.635988254177771e-05
0.0067588190156213646
0.21191382473948406
0.11876936627098311
0.04075744778889823
0.04124054565211943
0.9978376233306352
0.9931246552551296
0.9976078163521771
0.044714681078272034
0.008476633336158779
0.002151206359925384
0.0008592677408065796
0.0011280761301188935
0.024185808650497465
0.07150723039936402
0.9997490451189005
0.03785299005952536
0.04813083206197821
0.00936736237497271
0.0006325805534938
0.0019414696702526602
0.05784783850058217
0.002454304169012378
0.8280578747958007
0.9389835080985143
0.9384815842120157
0.9995505335671999
0.999440846161764
0.9924924423149287
0.990927547255184
0.8912706496107206
0.9908514903617007
0.06641121159585417
0.06496443589374701
0.005390513051661827
0.0003156494863907344
0.0008147928455412012
0.0005368758860647693
0.01028689621081591
0.8854740100420263
0.9007648743757298
0.9281355489234764
0.9962056563709216
0.017867217710397676
0.003697770590984084
0.0016982506009582954
0.002520880832159622
0.5009740857664885
0.5111822145654616
0.002437807326167163
0.01439596659049891
0.029363393795102555
0.9999581416084444
0.9963175884734753
0.9965400039109392
0.9935722982119894
0.9971372036287628
0.035598169714363026
0.007554356346459512
0.01558222865146508
0.008697309796984687
0.00038238186139394337
0.00017601550432799762
0.003875460022506272
0.015088365715084873
0.9992968760671225
0.009650471365810098
0.0022349695125928326
0.0009258930041724511
0.0016955060703369718
0.9979210748571731
0.9984635254440353
0.9977047462943722
0.9978299163445811
0.0012732156768229252
0.0006424033344624158
0.0025616956063645446
0.00722560473857925
0.5700172211683335
0.9202620307512372
0.11302525500016602
0.021154834327916316
0.022661719190651186
0.020108058841191823
0.013865330434407186
0.01594388994072815
0.10706953340373815
0.981849602582553
0.9971658935229992
0.9979278568381892
0.9994660615053487
0.9995401633843924
0.10529049823047598
0.0324539892661071
0.01514487820527366
0.006169444021017045
0.000474060922673214
0.0007944067106318009
0.07993890424656336
0.6003475795844813
0.9722863542071741
0.9876894327157532
0.7946602528565473
0.07311486492886443
0.0030691685429816706
0.0029926548437125833
0.006232028477562657
0.8625778322341325
0.863380522501981
0.8635663707905092
0.8583994335287011
0.012921597638159588
0.00047259727776771676
0.0005525261301952966
0.06443715938314698
0.7105301837964528
0.8843501359040498
0.881148262740186
0.7630888734456354
0.6725497628269863
0.3053172890843229
0.3173876895571106
0.2670272313387607
0.67953695750264
0.5417994396435073
0.0863019128156508
0.05305909893143779
0.08550855709363425
0.17438262260360515
0.21390294011784783
0.26673328787110295
0.2249791532535238
0.42263656700302055
0.17072881363945736
0.29691007196996166
0.2257147862881791
0.16577277958704806
0.7487538788307023
0.9714555822440333
0.6364032636898239
0.7443403887521951
0.867644888323994
0.8972942303305566
0.9025449651152754
0.21051025219416297
0.19323180846143306
0.0103239401202333
0.023330586931539887
0.6315471027098073
0.6398188107313306
0.6321031278098389
0.015009863893765685
0.0007693834696534951
0.004353270981380164
0.013526077297290162
0.8831677942155991
0.7031537673290766
0.43569903147554023
0.7923649924632605
0.9764365638340852
0.6233618865341013
0.01428658829589502
0.014838290827309586
0.015196236549123388
0.017427238393752154
0.7970288086708261
0.7875939330074158
0.848778286923215
0.9923527348196948
0.9897022810938728
0.2158138984631106
0.05371268766742654
0.015148073696450215
0.004001578978255482
0.0017954648455201783
0.8912739518800059
0.9573362508731612
0.9134071948540667
0.4382344640795198
0.4006973355790965
0.8527942402928077
0.20746216567881615
0.04279109291042715
0.020483476679257873
0.015167939938346864
0.00013114460553220741
0.0006763509175164995
0.0009789329481043607
0.016811711175059307
0.9754177891555104
0.9782378043899361
0.999204538269287
0.999850562855299
0.9997135162424369
0.04169766525664487
0.027632849469895082
0.00672447114717778
0.0034746697290887196
0.04206136114565984
0.28028224553100023
0.3012063895222141
0.45368151168983584
0.20878067291288127
0.9716021257848342
0.3082921215920926
0.2815814607660324
0.9693392702820735
0.9178836007881649
0.9992129384113208
0.0028310187771527495
0.0015309758071861967
0.006181268441142862
0.033863862622452445
0.10536348817766439
0.4851896314774643
0.6054728598849721
0.07712227817185346
0.031844680370833656
0.06778376830219157
0.9641739214832256
0.41114986577479695
0.10438925970041923
0.07757216560396063
0.7999352905475986
0.8158191937106644
0.8055063641246871
0.5958228184869461
0.023941180672527707
0.019273714475843473
0.20859395461916452
0.8253814687303395
0.3856609917687982
0.41226695721691
0.33318260357816887
0.5673112678581343
0.35233460574637554
0.4689282735607082
0.6670589031753915
0.9709774002260134
