0.9873313725163634
0.9960109705244484
0.002668667719541551
0.00020758015987842882
0.0016110666516826466
0.00022847129983516457
0.00027939394805365225
0.9997035598950003
0.00027539763881412327
6.70307083070476e-05
0.002824525345960116
0.9997349749801376
0.25534222758281344
0.006125912555816182
0.0014516324926451274
0.01384051673270914
0.08926386663506214
0.9981102747511557
0.9979127055510666
0.1367431396345663
0.018371239989056765
0.004729861448333983
0.00584284241416666
0.00672010941873602
0.004494196447094589
0.002518810336617383
0.12140636508695213
0.40842884656375833
0.016379281221655217
0.028858434803511468
0.039101591360148014
0.4223268425843403
0.7185251585907426
0.023531847928300542
0.029935559708215043
0.2544480171171437
0.8102166646956084
0.26585771513771794
0.009452227775598843
0.011468132615865323
0.037517782492614504
0.17426936504299695
0.9997707603510154
0.002233632735209601
0.0019234264772050036
0.007102236153470831
0.04824106230583192
0.9997444437912131
0.9998240724249425
0.9999598480337799
0.9999286060847703
0.04803765248468517
0.007060428173624289
0.0017744634447743879
0.0020780887864166875
0.9984137090989912
0.977047785878248
0.1671340687569408
0.04944615886185566
0.03000689160793346
0.018489198077650704
0.09871145355629474
0.641888459056716
0.20195057543346295
0.04547895800033175
0.40591010322819643
0.11753347140297121
0.027745801250759983
0.02129403217256287
0.0207413635356678
0.941476039855851
0.05196720731603566
0.05283622488112416
0.050648514520903465
0.05124026293058492
0.917399522398922
0.05496299325031684
0.9096101856413004
0.0038636137535752457
0.03048421681064517
0.06900168403428486
0.1286650301526543
0.9995450646446339
0.9901213218611672
0.8659736102028694
0.08027238128171754
0.004093718436750549
0.0034110461283447524
0.004716774243567756
0.002551142490741287
7.36571221675586e-05
0.0006918551992568522
0.05241743069780036
0.9997583394457391
0.8403657021278371
0.18469843934442276
0.16372099368544923
0.8260553534257555
0.8134984862329432
0.44662903319873415
0.12915490365253457
0.01190586171703234
0.43805252056500377
0.07325291981972315
0.009245905045532798
0.00388607616367298
0.013367480752801142
0.029468681863144885
0.003403064824808455
0.0032567583862375127
0.004268680373737399
0.13754084162744618
0.9998144667199284
0.9919507373975209
0.7366088659720933
0.7304992876896832
0.9710329054042813
0.006548200252628034
6.575408130404803e-05
6.350158850998433e-05
5.803560410444497e-05
0.0016554148487299969
0.004319149143861001
0.9999996137471526
0.9999997771132615
0.9999999393763742
0.9999996807592413
0.005054814353100845
0.0009210275377887767
5.852473300738126e-05
5.287428673605987e-05
4.5193971119239507e-05
0.006313173982724241
0.9628748859151365
0.6657758043480656
0.7525759837919903
0.9864221607658384
0.9937184295677867
0.9947563452987832
0.7988125788170148
0.7904437404975655
0.2439258607332062
0.17255468867757418
0.3186507405309993
0.1225902509723219
0.10570845599708756
0.10591764676573112
0.10927493764294138
0.04419634507285253
0.12134403229616442
0.9053616969275537
0.8634266296108294
0.9981217513882686
0.9985936913475673
0.060655796753649294
0.0007799609052288048
0.0006984852592433199
0.000265540297066047
0.028908013126725307
0.9999742099194284
0.9999624517497526
0.999981180583939
0.9999389116578536
0.02891127225362844
0.00024063864641410415
0.0006842375436244552
0.002169512762612902
0.06139109122834452
0.9509372121294654
0.990930274410733
0.13441409240956748
0.030558675145934466
0.02182193588856518
0.028848465839647508
0.1108616246055204
0.36112624787002223
0.9952352547673463
0.7667617322099802
0.3914965546902125
0.2612646102948232
0.35972584419735076
0.20430264621298344
0.08924909552156401
0.07681636128832625
0.04242018135698511
0.41888176950109623
0.5765878179583079
0.004929444756961554
0.13548145836178027
0.13863334479598077
0.2068989792221404
0.1332400136508337
0.0030714338610217107
0.008352498640044392
0.8069802109447485
0.784506452629561
0.296074675893065
0.35133830924814713
0.04920923100885988
0.0007356768181978612
0.0004086417809099352
0.0018512362045945974
0.0007434624306323911
0.00022786152837939166
0.03350760775266681
0.12403115161791156
0.23556350410821514
0.04097002803472327
0.005052793159921798
0.007890077951919872
0.09149665957543085
0.0767863090476989
0.10689245068726849
0.0589035997032461
0.0034139020427421674
0.04688364274283319
0.9420817719385102
0.9306009944042052
0.22425042623856517
0.018821834453054964
9.926458951781125e-05
0.0002810605537580946
0.9880717752909342
0.012939267021611522
0.01241348002409759
0.9994114836005495
0.06825791825898053
0.11425948388663165
0.9999997781305218
0.999999784085609
0.9990989936664477
0.9920214263409733
0.11032301420562163
0.054306448721499145
0.0014528072060752129
0.01419458846027466
0.9886164794119013
0.0008088008639228761
0.011938952863804975
0.021641670494766063
0.2384204310295902
0.09926924268716819
0.056224430817743976
0.006585317784803979
0.04866708202123249
0.49145878706880264
0.9413658884338182
0.5229002290747836
0.0952746480173271
0.007748078125136559
0.00575038832313457
0.04476619551991312
0.02226216216053678
0.7551432592232431
0.995939105533805
0.02964395090821892
0.037731215009024766
0.007354072319666893
0.0003516517111933348
0.00362516339551322
0.051975865871294324
0.002318701246922128
0.8324374393439047
0.9436537588886353
0.9433242328683998
0.9996444089898706
0.9995720422750909
0.9926711434136924
0.9910831466849835
0.891000810856839
0.9910758500802483
0.06166921477541276
0.060366996856085486
0.0055711630887679275
0.0005494549538453963
0.0010525813458229782
0.0006527413982431174
0.011745306521708132
0.9431965949837444
0.7221430572674228
0.7581786035015847
0.9979342250381115
0.01771686000860828
0.0035535459592085372
0.0005268584162274603
0.0009730107434536839
0.49968656415080104
0.5099659840131645
0.0023880952010029155
0.014414127300874213
0.02942179952712154
0.9999266345613109
0.9988908303828636
0.999104760010281
0.9960552380001788
0.9971070770114557
0.03313139834709755
0.005021041471782062
0.015587819709666051
0.008692410438221887
0.00029153812179272265
8.915108040830066e-05
0.003163414549023913
0.014188735478614767
0.9997855816324634
0.010052154124409851
0.001520493605310036
6.452550045776828e-05
0.000423202670284728
0.9960378608702424
0.9985030819709074
0.9961310824446686
0.9971622406964841
0.0038510876368232916
0.0016155344742865285
0.0051904370146720336
0.008194540000606265
0.5443318425358277
0.8468233191781098
0.18318674424444725
0.07214333228233294
0.06977279718577711
0.07418765156947604
0.042792754189999505
0.045021905794154216
0.15186970254964993
0.9707145780594398
0.9934491854363963
0.9951253676784187
0.9983808999147009
0.9990575309425441
0.1593125197606502
0.0935090076804439
0.04679781728622556
0.008696287335666075
0.000822143974176015
0.000677583427450501
0.07796716767651812
0.6104398570119499
0.9624052361622624
0.9954157212165312
0.7584266701519016
0.13849497559231627
0.003668891653937578
0.0015050156764297995
0.1088586811747344
0.942161508153927
0.9996319560014533
0.9997888243832203
0.9999718123892498
0.004201609971357212
0.000130711273592099
0.0015493286860731592
0.12026486656595892
0.6912654951202597
0.9215416430629817
0.9536774814431142
0.7831135269243177
0.7946615352023894
0.879168259694868
0.7227305769595982
0.773104364497238
0.948709707679117
0.1520364183034728
0.01942006262878293
0.012206638124150015
0.0037278693406356256
0.00839651331348179
0.948080276830826
0.009209357460813639
0.042247025361466295
0.03229966547382446
0.05178862925017913
0.7861497365069541
0.5833452964650272
0.49093144180249115
0.8021677974260946
0.964839311968067
0.9336191730382251
0.9615515820677139
0.9818326696439077
0.9965019819129391
0.9624925550607011
0.9508911063865437
0.9613767510244283
0.4623577368661731
0.47916172821226666
0.17320187174401358
0.06653754619183927
0.0014571265942608935
0.0016203974649664499
0.0031066306871597726
0.00199494944627876
0.005084414702669182
0.01627447014945771
0.13669445227001897
0.9948742218030424
0.500637624426485
0.4575574539935766
0.9855517120372551
0.9852287026828018
0.9873919150841686
0.9879616129147889
0.4591530136522509
0.49833864976035824
0.9944954584711535
0.9950227830375328
0.007321797824030418
0.002920158996705946
0.0028141267410849435
0.0017156255731961556
0.0014920354859822016
0.9870951850756267
0.9643374448999552
0.7432725847799542
0.640966830861163
0.7014400926910881
0.8071329065978917
0.8016464052749863
0.08369804225921806
0.021299618839388024
0.0017409196463715748
7.425373477931707e-05
0.000364261430973567
0.00013240977113326835
0.016150918525356772
0.9998165638680541
0.9997761296344291
0.9998012674531961
0.014618810751473643
0.0012624298387445831
0.0006369525658971309
6.643068599643254e-05
0.002224870232441334
0.020501855719495365
0.10942600259377588
0.9607531225672853
0.9544205701132246
0.8446512761817179
0.47783158038552365
0.4293833704194965
0.9997146778503265
0.9527220274166401
0.999964464718104
0.0028151204403953356
0.0017622319313065349
0.0017372825675477932
0.0019664354453122757
0.004705378119260417
0.9904614413345493
0.08453262847513798
0.011025474353229647
0.0009057780816954519
0.005792961052782375
0.25643619239414106
0.9989154264278594
0.002762178265656945
3.8778987983323354e-05
0.0005214838102645114
0.0005364370898848225
0.00032083496522272714
0.0016370640702169093
9.991326037561699e-05
0.0033270327650744003
0.989128890145889
0.9989868905298085
0.9856151850775564
0.978556427053541
0.9996073940962354
0.9997362096962534
0.9992593822447555
0.9809210709636932
0.9814275517252622
0.9926760202895062
