0.29945461442327187
0.006509866839886191
0.0049826592313973565
0.0069840277892545535
0.02956638463434843
0.12058630358125277
0.9865092176635406
0.030153824892382008
0.00202510347155469
0.009515940583664683
0.00331728088891875
0.003132549803759199
0.00693741952531467
0.010183094893661104
0.013034736302580818
0.02548614196308736
0.05338324581162765
0.1633853144720567
0.9540099752227595
0.9475435423551095
0.7574014328185517
0.2000975890411673
0.12914464752193072
0.7343802701346729
0.15013268913154632
0.6920244680507249
0.1120346287770326
0.03595204090073314
0.0001865691803696112
0.001636307302997475
0.0026552986361479845
0.00012084772059438585
0.0007596328689158826
0.0004770241201455527
0.00023422002954581742
0.00316083681392082
0.022660956355493186
0.17033385702099357
0.9306149038408273
0.8129251037793992
0.33572761279533164
0.4143604008820211
0.3196580861874544
0.3190138300225062
0.7978729794970554
0.8956367520551569
0.15160921850701525
0.2098443548774134
0.2971756381793858
0.41563872298052945
0.2017339846757199
0.30119739581116645
0.2613054770285318
0.008740033894403686
0.7319868314478772
0.0919912875111748
0.26433435384283605
0.28346157520560683
0.5912755523516979
0.5932601408131324
0.5889613813631798
0.5494608006048339
0.1233194567985671
0.11746876069813761
0.36429635073184213
0.201659215506729
0.006946900916695486
0.013587558591313574
0.014024087524415429
0.01580603658149845
0.01756177444021797
0.006720084208488131
0.9877411035849797
0.9818882832000115
0.9909315992834051
0.9914166227941146
0.01661250569378627
0.010650447915148086
0.013217150572770453
0.0003061970464463215
5.420792345671721e-05
0.001648620389238653
0.999961391076269
0.31101624874114536
0.30452222841573867
0.0008239900794377308
4.429158327202698e-05
0.00019807063463489483
0.00017913638350297578
0.0015285198865498616
0.0014020033118275154
0.30012448087065974
0.30027257069113494
0.006381962133724861
0.004864593903906811
0.350595974212257
0.6961983254282379
0.0012594831507819813
0.0008790794586862938
5.8644050077361064e-05
3.2413526857522076e-05
0.0005004126600155922
0.0014450346271886903
0.9227852419490952
0.9663503769440278
0.29578360221505456
0.3464913568584832
0.3573412794848006
0.9753740981829195
0.5893729738668558
0.5148002050393541
0.5328705419568508
0.9855024217568888
0.6330274565012094
0.030083427882362467
0.012914125274484399
0.3052423503883184
0.30169715021328586
0.3019890063047598
0.002741858477096515
0.03600273266403545
0.6984443787423644
0.6988024663459226
0.6343307168385051
0.997095885451408
0.991676865242552
0.026527065912226765
0.07008315874329112
0.8329609331616907
0.025051099431962275
0.14782832887373032
0.9979087378139919
0.9999850333730287
0.6860611177561581
0.0013654540731118936
0.014340609914540668
0.00353102509452351
0.5109952104646358
0.00340199738043333
0.48799429187165777
0.5037322585006241
0.33624028925283633
0.0031505506616193333
0.0001960023056075899
0.005114465688951619
0.6983691703859903
0.999285860010374
0.9993274250218909
0.9995459011919829
0.9994219219058103
0.9994070931524868
0.004243786351676082
0.0002382524451780554
0.3032375714870513
0.036203470744681596
0.6999111530703697
0.20322107255623495
0.00033409883247822455
0.0012133583001002423
0.6772813646645756
0.012215552952443675
0.0014752521505971838
0.015884591566668015
0.5871771711777072
0.041585320984354024
0.13673789656422974
0.00885835484681664
0.3438336689007888
0.9829058056937479
0.9965148108659243
0.939328539652359
0.9941298295998007
0.9834956808163275
0.3361892568933255
0.303795323886765
0.3036605034372714
0.3039022153963124
0.31379996313903735
0.04348604889601699
0.0380744160011187
0.6850504138036656
0.9538768519239607
0.636290855055615
0.5551607112290101
0.5834338704868081
0.8567451183778438
0.8969283214850539
0.6949615590822666
0.7304438733381908
0.9653885889625695
0.9963696244949554
0.9898009771610254
0.99154521044083
0.8661211875147332
0.58764934344457
0.11545658798269905
0.019137483473927616
0.017259502770725386
0.0019218441761908232
0.0035929009998473148
0.002774102463953454
0.0022683715491405463
0.002763966858335831
0.0018772635861753705
0.0037302883970924514
0.9635848942434309
0.02353013473931227
0.04600989638551933
0.24617696944821885
0.9352609098633933
0.9019993761850837
0.858439161294454
0.8678373604675738
0.9236321561908871
0.9580151663528464
0.9551020074180065
0.9602491343062356
0.9445045066045026
0.7379771215449855
0.6363214464764202
0.8148956020532647
0.7480431597215362
0.7247372684131184
0.732807333848155
0.7405155561272442
0.8303881591735787
0.7542377336354137
0.7197239772251598
0.7169517711232982
0.7468168098538995
0.7803900085246661
0.8234345296307974
0.2351418000699162
0.09874322211873526
0.07862486854291884
0.06531967649907061
0.04483182132455022
0.0909578010722464
0.9132365311976092
0.9202906462225262
0.9414821702314209
0.053401446331729024
0.04773592471050231
0.043316347115389384
0.056569819250323214
0.0765783836689853
0.20549407441078188
0.2093764955620922
0.23924295095446965
0.2527879020875122
0.14623946445209904
0.8581379469669528
0.7740161210816551
0.7802115642689087
0.7538492346367067
0.7531715044371663
0.8068875062592149
0.9401839380432069
0.7979992285732664
0.051625166071650505
0.03451388840380478
0.05615513441782096
0.15778458369782702
0.15970223336077707
0.08511808067824973
0.060964315180571646
0.9933630600217553
0.0008277256453618985
9.743802693157333e-05
0.004821037808898698
0.0009378963224227821
0.002643988069769165
0.0017731008283724979
0.0011607220349842738
0.9952036417871093
0.01624542495688398
0.008812853269910235
0.09219073739501826
0.2181761297480026
0.2203912530203511
0.6596296934641414
0.9854844503006766
0.0017990645704387463
0.001154329789039332
0.0008454126416878704
0.000435211488216769
0.0009456150169566134
0.0018033830392680248
0.6972955076153445
0.35432566134581234
0.9973822559028649
0.005064141272711919
0.0067381897594979475
0.000376006988476163
0.00011700453671206201
0.001757815254515993
0.6999672890387088
0.9999728818921731
0.999892648993078
0.999889297595105
0.9998932310211093
0.9999064852053929
0.9998792197868707
0.0023389995813026584
0.0007474269198983085
0.0015501287476562984
0.9952313879028865
0.9981085983468829
0.9977080112973404
0.9966877037734201
0.0009774110043882622
0.00028791319151159065
0.001784125971639272
0.0016124761688221633
0.00019727624241099305
0.00014458198655463715
0.0002961794276403751
0.30039959723944515
0.0027608953892251484
0.013769317162459126
0.6212280297630987
0.37698423287551047
0.37688309341046394
0.5432856527079277
0.65976050349974
0.7116053408508979
0.754510134149772
0.11684232297710866
0.0014076664974903563
0.0074988141019888925
0.028342410605722877
0.5082742215402873
0.09844964291315166
0.16351703465398917
0.11284313001814503
0.14487481269660707
0.812895743475119
0.6328601486030188
0.7820803420315203
0.5248941190398182
0.7452455633436122
0.9890983169370482
0.5328972681161483
0.4811088738899015
0.31461135763339027
0.788258076233845
0.7607475115365436
0.9212750305923134
0.9601264031091736
0.8724051639248196
0.8338228396897946
0.5149128759806239
0.5758729713057639
0.6200617048621863
0.16858180768618633
0.02428583094702914
0.004929958421802971
0.0014631507430898916
0.0014747326775116365
0.013345632250531592
0.027451404519013286
0.047101370201438064
0.11865767066018976
0.11632668454975202
0.12419418123383877
0.17423811268731618
0.8211177478645715
0.24496335971092278
0.6708487470816037
0.041150357948347094
0.12821194924580312
0.09715116291141879
0.0028290292970935657
0.01528786700665845
0.8672407821762349
0.008046081488594136
7.664230191667398e-05
5.13326984297624e-05
0.0005531602489316167
0.003917990420406336
0.018711030704482
0.9933046460715371
0.998341462749152
0.9989531699660743
0.9869535813920429
0.027800282430740873
0.013753278791536082
0.00018279084009356072
0.00013976981231604845
0.010461941137596298
0.9859458967369432
0.9999520824528798
0.9999649119552185
0.9999798264496351
0.9999999526485488
0.9999984806030613
0.9996045277220826
0.9993597669424434
0.025511895799939954
0.0001024600110083429
0.0001361171838437092
0.0002802326770562358
0.012835608994287817
0.0006810169538743915
6.684735520470219e-05
0.0005364377177289547
2.850040580263391e-05
8.464047429688203e-05
0.007736827009035384
0.19222101968178001
0.187927524418294
0.32461690119212533
0.996932333636739
0.9684685951716714
0.9573507860179757
0.9976371649402205
0.9871614292111575
0.19003413557014026
0.06208209187331038
0.030037556009203336
0.005631293007384119
0.003879627959982978
0.005980012844135574
0.0026980550626660603
9.976096436986603e-05
0.00031608135486104193
0.0004676954642486519
0.05380867857482827
0.963632278351781
0.9999267093780422
0.11709936089937091
0.026473742871450365
0.005457611317190202
0.00162561953887822
0.011826032541188525
0.2919274981827705
0.9873027623292268
0.06725876342710263
0.0013138735993653227
0.004024281338852553
0.9262467240003256
0.9987309453518245
0.9990240419448295
0.9998844318280369
0.9997916349976597
0.0035826813889823002
0.001390773746418661
0.005337000997470342
0.9997758652268665
0.9999475181464894
0.9998221761810306
0.9985100450055997
0.9998380279697636
0.9991566089820354
0.9987523296151348
0.9984570088907982
0.994460239906696
0.023955542487975767
0.02162781135447914
0.020525698985496332
0.9984218710422501
0.0236476080427074
0.015758388571543602
0.021973700033369258
0.9704576366155968
0.9227858849784598
0.992814282474302
0.9851300709971733
0.9774147526436996
0.9817780847784026
0.8820989534923276
0.9937376770527628
0.02380537066198499
0.01923196209444622
0.02298418878497832
0.9895762714921987
0.004918052108242598
0.009371969798779987
0.005112639538993857
0.9876516926819376
0.9946679682362698
0.9897022274025811
