0.9895898092960634
0.5109895706767862
0.058790171974129724
0.018746152331208688
0.06699189283417284
0.07027462576131227
0.07021551943379545
0.05764962434215892
0.3300102325564074
0.905728483324833
0.8580854360009847
0.8702910713690457
0.9703738296086599
0.5174124928600947
0.36146062690926783
0.41742440548801085
0.26143585457745444
0.6255442242416249
0.6881282176114503
0.7029046260858072
0.6872298482222442
0.4271326989827029
0.42997775616807166
0.3952736058901207
0.35116888462381424
0.6966189547782662
0.6337452948389974
0.724657201558635
0.33514990893665997
0.10739049153740055
0.012963806246379939
0.012086246545226276
0.05713562564788055
0.056226121366826476
0.057967255617225044
0.985142333143116
0.06683326243933829
0.07471806743235943
0.23405252899410078
0.971857933205171
0.9705287020058386
0.3614512236594658
0.24593065315197626
0.2919334937271184
0.9794596194133266
0.8319898704884197
0.09630092112915722
0.004878823421993972
0.004972770000310378
0.0022952719181110748
0.0054584377236776005
0.0024330574079375333
0.0009549698752909785
0.006339297835277424
0.8717137680088003
0.04277224375147792
0.12321398507691939
0.40879603003324194
0.9380884690770369
0.983072138213523
0.2462594698675714
0.029286221145082503
0.0013283814672871985
0.0019827809145126496
0.12377212839124341
0.9936278226439572
0.9572905922186261
0.9932174405785136
0.9975257641632829
0.9961268450570496
0.9640884165448974
0.12579225872226463
0.01309325182801202
0.01274576099626712
0.03902953128967235
0.25078229107474703
0.9972698853625374
0.9406268880899815
0.0035890464413250722
0.001554535177703431
0.0030990946110166506
0.004301584349833298
0.004556300795317547
0.0037913304474297416
0.009637862448903411
0.999574101356603
0.9993100310621753
0.9992129686297595
0.0038936949448543645
0.0015715584055689957
0.005806167218711411
0.006431164849356463
0.021877044123960188
0.150123815378433
0.9839174766072999
0.25681875049988456
0.0012985178641367057
0.0010630579843150523
0.001664247011596176
0.0016868424446860875
0.000569690194491157
0.008156289501645708
0.9945916106473751
0.9809824205044654
0.9769045234557923
0.04742615939251127
0.0016583404481486097
0.003001388009452044
0.0036228040783130577
0.020167560103035553
0.1543908552582055
0.9981858242492582
0.17395856223372486
0.01495437943069522
0.0003084003133884128
0.0022813232350299417
0.015812518248802032
0.722817844714309
0.7056199722517338
0.9506481474819188
0.7126026780388266
0.5104846121820472
0.4466419563730599
0.42003256143298984
0.957572940362428
0.9997945208030468
0.9997874403464946
0.9997980182069552
0.9999988184529731
0.11886683534204812
0.1221492245670559
0.25003465608365705
0.9511211702422268
0.0024814513930289106
0.00018674711383026565
0.00042789072361526514
0.01706177504548434
0.14926889908989804
0.9578373955824953
0.9193264568002804
0.1688149592025312
0.016188919825969372
0.04693062989827912
0.025116290349725845
0.03247930567519153
0.04683872518105592
0.013547026321238387
0.0007390956525784587
0.0014476083301778742
0.0018043063666886017
0.0002036709927855096
0.006132958144338008
0.14366669468058768
0.7339088299257706
0.9822429755221449
0.99778578084157
0.96997269689532
0.9916665466914429
0.9460714708023076
0.8458633175281713
0.9874524051510328
0.7791081377834058
0.48706268921574436
0.8674152122953158
0.997147621358929
0.9982950507088317
0.99774002597843
0.9962607497186821
0.6781703188495992
0.7259068166954472
0.1634748793049683
0.013854496352055823
0.00013245073396761509
0.0001776823030512631
0.0005199224427901994
0.004234631392726729
0.999399922121904
0.9987437365612556
0.9975100940764429
0.010193006670226712
0.003642312761799049
0.005063287068415412
0.005480386561612094
0.004763062689672748
0.0035115165695569495
0.005782760810258303
0.9908302464636796
0.9809671625066944
0.9869318988166227
0.8941912398692036
0.8864324150857243
0.8714583736857383
0.2363852616346367
0.2310679593781979
0.3377719259863089
0.9799142540353692
0.9858998003275024
0.8819500086490398
0.8633841591648327
0.7710153667950159
0.05272074015757333
0.0278718271079349
0.03283196223229046
0.7853049172207376
0.6698572014911828
0.12080836573506182
0.03744663256096725
0.04228093101249519
0.1293781303721383
0.13083343620420884
0.13430792696603555
0.9944134118681625
0.14810181921386645
0.03204589942079128
0.0016568693758544084
0.0932933051866659
0.920024844459173
0.8738409298848102
0.8720450877184385
0.8784109115273324
0.9362975504086151
0.9970953464755921
0.16494286610679565
0.023901551356942274
0.002430249148382191
0.000353327804323178
0.0010361520150818926
0.014327014168171948
0.1048853771153696
0.12631983231529997
0.8697822450218371
0.8784422344621903
0.8265616415711643
0.8421999241697551
0.8473275319411344
0.16584541951712373
0.07751265415592057
0.05998697061892555
0.25229111068909893
0.3427584342346165
0.5154128168867181
0.04979865024320895
0.0160409581818578
0.014110830052903811
0.057317394993953164
0.38640691152696083
0.9425306204427092
0.9949876652383826
0.3533886859168581
0.3469738185601138
0.9910033518700057
0.9430262402810864
0.9537871819276629
0.9543540926647496
0.07631068598731827
0.16580913922267126
0.602432604601385
0.34506575394805683
0.48544688091567123
0.5495032902550676
0.5129123069389263
0.2808885173915735
0.3050993568000644
0.13039037361976047
0.07736016585825267
0.17852850406614917
0.159465707134387
0.23035990508572746
0.9428385341795437
0.9104883123840307
0.8621972596587278
0.8578758723790041
0.8688438568918765
0.9957245167221406
0.9557054697990527
0.07186030785904729
0.01638181361200841
0.05864806686903867
0.118853254025991
0.056903460579090126
0.1327262179041344
0.14692710333797432
0.19311461323244128
0.14651244263706165
0.00383826737087678
0.0054288137402711545
0.1527849503251807
0.997914575896948
0.015513329886002403
0.013261092403620611
0.014576217504844613
0.005967124138408608
0.010221503352295658
0.20102494092481749
0.5468615692540026
0.7464838762466444
0.7632547744727582
0.17524475383932336
0.16319709108550862
0.1833741592926732
0.9590209480926072
0.9647578165211728
0.9490467551684001
0.8940348543735726
0.8936880624720757
0.7563839049593708
0.022588696738473413
0.05697239479366356
0.200173088000985
0.9656453879853828
0.93408880371523
0.9694312276355924
0.8713465488450303
0.8629299293316918
0.8544207052547211
0.8398014337246519
0.8428898946637199
0.8464200779860251
0.8240050255137933
0.8941080570227506
0.9380834918170995
0.9405031599007597
0.9427156485394654
0.9422395139277115
0.8723721702869038
0.8812263347901498
0.9240038665584562
0.017281703329204645
0.01483255906363734
0.020360621409502677
0.08770070358839333
0.028221469769710517
0.05995360384474513
0.9093869885433339
0.8954767122182058
0.9248844522207815
0.8814520047818528
0.915920508712344
0.9955453645925281
0.1629491827584122
0.011355997520195005
0.00019140039581422297
0.0013019819861230797
0.0030363533577827395
0.0006976133252833971
3.984168643200725e-05
0.0019555092260680196
0.0024830008447395135
0.0007273953693087698
0.0010659109163532188
0.09716521661385658
0.9999684794035613
0.9999692636658283
0.9999689263608968
0.9994522411931643
0.09769045272602106
0.0010961060979672865
0.0007572094853107725
0.0025090436576976627
0.0019792207753498436
5.223069188509122e-05
0.0007179316625613996
0.0030069387106755885
0.0012685733455940484
0.00014791577285522273
0.011369396984155067
0.16056342458051365
0.9223451899876298
0.9256284368876286
0.952645298554857
0.9774423142619731
0.9608361580876761
0.9402206992758184
0.0711983148929699
0.0191702824741794
0.022355763288820385
0.0036999959561682116
0.0070658313623064295
0.08003017588581973
0.38215154210507274
0.18015575951667517
0.09282678985263648
0.8799217237288621
0.0062444828653872575
0.060975587545023635
0.030556289276940873
0.029866337541988197
0.029735607730345115
0.06513259616456746
0.06951006719041763
0.04952066192730642
0.8216729301030377
0.5986299009114185
0.22716348051071922
0.3090686334083408
0.6152949230939286
0.23189182993176005
0.07977020901475296
0.07348228610111707
0.9863573251598815
0.0730325467664471
0.025615017862613554
0.011973683899696996
0.0016234913570057907
0.0015247468969343814
0.04974556869291935
0.33263319260110225
0.9330531998532186
0.9366157273939691
0.9453229610599337
0.9776097246394306
0.9300404374145611
0.30758283177986545
0.3012385133590979
0.36958344339596316
0.9567350702539702
0.9697038162165287
0.927146693822947
0.9220742485459341
0.841443985263143
0.8209830288508719
0.24037900645909505
0.3067368430712678
0.2807386564858867
0.0956401233178904
0.035437710177605886
0.010664600757997467
0.011704396055178035
0.012984387643945383
0.05739843475862505
0.9939101182465662
0.2886861319251821
0.9745941188911826
0.7717244539106253
0.9983712593136288
0.9991274936711424
0.9992606457486588
0.9989312720779925
0.999217381900047
0.9921296518292728
0.8170576579054507
0.9427820819260233
0.2515339616843474
0.9863293946837249
0.06234786878211762
0.00022956619238545528
3.4063147713703223e-05
0.0003177438482329098
0.02376421488502367
0.09179204957691678
0.9917288892338143
0.9162889406839182
0.876919737435751
0.8599104856236175
0.8995416642747579
0.9921826713166939
0.9927395393946951
0.008246942207843388
0.004851979407649143
0.0031740081242144225
0.0019180942791044986
0.005673362242769819
0.6389332629451046
0.3682469891546766
0.0003430340501375806
0.0007257241990478169
0.0013320290739557983
0.002280740452635932
0.0012921456130170483
6.466045300401735e-05
0.0016978952767878752
0.02042085415815742
0.9999814054499014
0.9999533839894702
0.9999998703116593
0.9999998484451668
0.999408296320084
0.02096561532964014
0.0016791752170968177
6.52862580130531e-05
0.0012923457979412412
0.0022806148086319533
0.001331909506354867
0.0007258255961682947
0.0003411012240789324
0.007261723497361761
0.00510951947418159
0.0013973849302723051
0.0027767810792656
0.006162928652473365
0.012012911478268107
0.9658668159575929
0.9502474950097257
0.6501021162894707
0.6365911744136723
0.655323542453359
0.9279815189831231
0.929101777292023
0.9542580715926455
0.9598204465427892
0.17724792592924765
0.001884691912507508
0.0023445218591759964
0.0012973774982244501
0.0015499713903724954
0.001820983076177729
0.002823436370213428
0.004539428925875333
0.004099230829382905
0.17541353312984864
0.9998732185166193
0.9997832468024985
0.999594107404306
0.17240155844827476
0.0015122363196442556
0.0014367859732129507
0.0017455231743780386
0.0013920409033166825
0.0014816349651899374
0.0002421489036980029
0.0020842258267259606
0.0025432279845997163
0.1717391976968724
0.9113386072455618
0.9047110563652482
0.9018991322258981
0.9038700050017853
0.6773429437147214
0.6405127932169459
0.6289772038852085
0.14636747145301043
0.008709860588892004
0.007896202600963242
0.024941708354914605
0.032383323533222264
0.024318696339838186
0.03615837778631825
0.14612360946017322
0.8775832145318723
0.47931388696277777
0.9206215099962158
0.5486261303691223
0.9920127754395643
0.9971267333680923
0.09708432989666627
0.018569382621315578
0.0033095483452939556
0.0007364999699197572
6.396057301116809e-05
0.0010927899367669802
0.001071968728620476
4.639908674786142e-05
0.00047654970098187643
0.3508545583632452
0.9999873854619644
0.999990655960848
0.9999875600471831
0.3508549395509122
0.0004778343838328647
2.8838060693536782e-05
0.0010545843993093884
0.0010730750736037686
4.987471927953013e-05
0.0007168035377496107
0.003353455273838013
0.018647857912764465
0.09699526371812361
0.9996052899227318
0.923493334453006
0.5401935074026394
0.8734589457132969
0.3757280197317142
0.9127751908022324
0.2223729923372776
0.10220046412036932
0.049794638081517295
0.02039100772953628
0.0035550819520089316
0.0012174793434945874
0.009186322443445638
0.1655699312058443
0.9806192278355854
0.17500111940522056
0.002051671775025299
0.000841295580995105
0.0001675240556165969
0.0017650247164463506
0.0007125518491321037
0.00029776491575517205
0.03959259153167449
0.5611394108905436
0.3888446274539289
0.7568727216782489
0.9098596505107479
0.05466741651743767
0.014776975585011898
0.00010419342622036698
0.0004953357613989295
4.9256094545868656e-05
0.0004594972666500663
0.00013343368148532875
0.03446198256506494
0.9986613106069161
0.9982414128511478
0.9999764784279356
0.9999916958175508
0.9999987198769076
0.9982566860577835
0.03311548670927045
0.00011856455686809486
0.00045200979970771993
5.025122505453172e-05
0.0004956873802052231
0.00010390818019268
0.018819342437047082
0.1336480351837378
0.9992932365644472
0.9153850276561811
0.3059869203896578
0.31032605714018424
0.9992376284276894
0.03981140935374006
0.0010152135512641047
0.00133619648256178
0.0022007427838492966
0.0005799771576985302
0.0011614532810538813
0.0018414710120679967
0.18216705363105645
0.9698351732230038
0.790885489884665
0.7514284121886782
0.9838333810979466
0.3167331092350427
0.05759113178065989
0.009848380077267405
0.006460077523947838
0.009781392204015527
0.010639965831163334
0.004492120878282435
0.0008526902221505095
5.2572767060721226e-05
0.000599705587738808
0.0007564406280614611
6.517774621550565e-05
0.0003513450856160727
0.0002684073827515787
0.022143533588942166
0.24440683879724123
0.9998250310051123
0.9998388637869529
0.9998383512866289
0.9999999944279003
0.9999999953166149
0.2444282073815469
0.022274608474056268
9.131765107550649e-05
0.00032679494718901303
4.636867367235897e-05
0.0006040117373469212
0.0007861944470197724
0.0002560129574494807
0.0009727260523392234
0.004335754896390154
0.9948412651645631
0.9781554468585619
0.9994664314733571
0.022814678384800224
0.005384043314517251
0.0010367009263159144
0.0006950854174446741
0.02735428236747972
0.1980821676741633
0.6419842138727629
0.33795603970955557
0.24468069591928965
0.8922337497580617
0.1396123365402332
0.012039187209200275
0.011699055957688831
0.011260599317995723
0.009962865949458943
0.014406017871667398
0.28004469817915323
0.9957296799818508
0.9629773697706829
0.07426376686127945
0.03707965510283062
0.034120346897826614
0.03708618014096454
0.11554000665936925
0.018464705019240912
0.001292927788755116
0.0021715403317001947
0.004644022983567364
0.016298536402681862
0.996559773605125
0.11286558987039941
0.0022033764166977665
0.009795111204362272
0.07544527283185842
0.28757436105142986
0.9982457776591033
0.9999837767461937
0.9966138943540266
0.28686757417577735
0.07492614773810691
0.008862548015898142
0.0017456431200537637
0.11335511963540701
0.9953822782662375
0.012422555640935973
0.0025094369297823382
0.005959472990286541
0.0004795484595219168
0.016570857302684927
0.11809225566684556
0.9999529690635099
0.9956871994260615
0.9918527727144978
0.029396584058998254
0.030266261697541208
0.04046290299447519
0.04091211421047003
0.27432559105047605
0.00897985444342575
0.0006113183845127823
0.001531759616845152
0.010572770316493507
0.0026200248875535292
0.08774466278706883
0.880215864517512
0.06630502788463
0.07763701527136302
0.16836869588394077
0.38058877319424367
0.3753152881669908
0.3644155575792276
0.35980517148495683
0.5178335825501537
0.9559662746541933
0.8730107576742605
0.8571499234806721
0.891778545799344
0.9151715993560443
0.5085305195150538
0.06922103886719777
0.05402656448322596
0.9920193715739299
0.007601786349543782
7.437758725414856e-05
2.2387793611966522e-05
0.0010869102269154274
0.0008510792772870035
4.8483523137465845e-05
0.0012261843222373114
0.0048924404990252635
0.058972792899900206
0.977155848209594
0.9695050989744636
0.20934638969433306
0.045723698350284336
0.00881555536214862
0.004666489867746093
0.00609410428996171
0.007809303322385719
0.9169630994708008
0.8505954431939708
0.9999854905293943
0.999950907858881
0.05766062917132764
0.000404608152407393
0.00042281319282388985
0.07196831294744144
0.9999151706899113
0.99996726204557
0.9999792602143068
0.9999281912983216
0.07183833950072926
0.00038400866054322247
0.00040685355857439376
0.04438421307214102
0.781386755682772
0.9564762927244947
0.05147554647739261
0.00578912560367284
0.004602228969415756
0.0069812327593518075
0.0455416079595552
0.2076872542273649
0.999950665183078
0.9730721054154674
0.03610933235634051
0.0049232763523251455
0.001226319571839718
4.821120644027399e-05
0.0008508843024686019
0.0010862101855165784
2.3793035090591275e-05
7.872430410127418e-05
0.0075139768562318965
0.9722730605364527
0.03761160350169168
0.04142866310822102
0.13759445126047198
0.45677419790079576
0.38848361374714346
0.8506194494804427
0.64769090558919
0.6055553575021912
0.7907483989253221
0.8354761428118239
0.9671366139476353
0.6757752733732982
0.505292327638462
0.36125600976949446
0.20249868654780345
0.37002750158304076
0.7446437791009568
0.8332013382709289
0.8536356395774602
0.9629383059668228
0.6854727741255633
0.5386296059241202
0.41081639155649885
0.4658690406442233
0.9107581214725857
0.9827382627037978
