0.9954687583980476
0.9654841404905444
0.9364503050192684
0.9703169569531137
0.9764002237671912
0.1666951123909598
0.05440968748833375
0.01533578288485482
0.018208326929260665
0.960042450126574
0.9682956241311305
0.007090067952093659
0.006566537910889347
0.007410271791134626
0.0035390472809331275
0.011138065426834598
0.01763885323753367
0.010310428267215288
0.005672932242873019
0.015662650235918174
0.7139890026826237
0.7171879194712862
0.9756419824559606
0.8597016770623953
0.4910010915904597
0.2790834412575629
0.10318301280329778
0.8500845180115938
0.1299370391676371
0.15171118594745714
0.05118050535306218
0.9956023187726041
0.9952314186543392
0.014318109798075462
0.008441749689981126
0.009371820832486888
0.994995710867379
0.140032568900454
0.8562564732249209
0.019921493002243773
0.1286615062423192
0.6872373024156023
0.706378102401042
0.37851449975602425
0.386169818357036
0.4228154288252354
0.035218541696147354
0.007857141693054626
0.005368859603277598
0.004696069951074189
0.007703645664178249
0.018973264089852115
0.9940445055991599
0.9938774630783699
0.9937892097352371
0.9937271411100078
0.018316422716343483
0.004000940007713338
0.002503709302200341
0.0020087813923196363
0.08376560931651278
0.1958380044556901
0.9980997765158844
0.8361092048417484
0.6776733062734894
0.13852972077641534
0.15008500050485973
0.43684407092064703
0.8767337827065618
0.0260442170672045
0.16392433375875537
0.970666586322769
0.12407828232806783
0.9960705665435999
0.02719774454805801
0.026816378297986443
0.015441901247285394
0.9020278171584372
0.963873594294515
0.2522334172576558
0.23081749393053375
0.3536564838141312
0.9231769485334154
0.45246646398009405
0.4982398513925952
0.9935233044722694
0.9753713690688535
0.9659683958093881
0.09233171323739453
0.0010121576843179492
7.84076672960543e-05
0.0007772128556042812
0.000992230712439257
0.0016213600952005303
0.00456135405909508
0.9998578513611497
0.8473866229962929
0.14586199705452807
0.10999309392072465
0.7627402023729842
0.734671248237847
0.9872818071253777
0.19518227725842108
0.030697586480311734
0.007605693266917624
0.0038662666014256386
0.024154139442589817
0.1764566938649027
0.0009876578374177214
0.0029797312711101753
0.009936085103077863
0.023415241180782198
0.004364479644026975
0.0028880223584136777
0.28152372356042776
0.9963051866127692
0.6348967007097205
0.9557015947362273
0.9641399352182727
0.042483140127722474
0.0035925321912195773
0.004412407513130656
0.001344244480910306
3.4012024624829884e-05
0.0007979974097619413
0.9966477049955902
0.9972046846396339
0.9988221446936315
0.9991976781844165
0.001606275962156123
0.0006661214672087912
0.002619684733253136
0.004088367502729895
0.0018964347255172598
0.04028836501639488
0.9869157725275772
0.929492362613087
0.9956707892282802
0.9350939845782752
0.9592767050953313
0.9991939538176536
0.0181600331540942
0.0075689781279327795
0.5127047740887645
0.4051696841949801
0.44593850598971696
0.5084853985554314
0.9701513475526247
0.9149235083734862
0.9915871187976717
0.030053002192113376
0.000464347976464885
0.0005886299971491482
0.5973411343290498
0.5987519462503501
0.5947018245964913
0.9914556264913461
0.4056461189925953
0.40596034055499897
0.4202502399501816
0.9381064882600373
0.9990963969368475
0.9890938887478017
0.9908674351611689
0.038080538544939646
0.005821249463383249
0.005161572825343241
0.4917970542865481
0.07897596134317142
0.0949521975707941
0.8720263494185176
0.8986138269996865
0.8331431202200132
0.9165358442928787
0.9423413754259328
0.8858249340191588
0.5025501457045766
0.2938436933263795
0.4584607218498957
0.9281859888420914
0.012970308280233156
0.0005365329898685545
0.029768828784087376
0.03275637344877613
0.7977202060016417
0.04619669328882414
0.051765925674227886
0.016696846344392835
0.007024872963459217
0.027766799036693657
0.1740422298809341
0.0027782603541874895
0.0028046056201613823
0.011739786637586014
0.8135196317661301
0.7565372764186881
0.3042987880548259
0.2895028415965648
0.9604767310518967
0.003427475729879337
0.001457727983769419
0.001967498963023062
0.0012756741326281906
0.00043272890393897256
0.0020540700712829985
0.12807876516654448
0.40616425960063274
0.0042849627278021
0.004321540978093785
0.004846085746362028
0.019789196932006536
0.13801150358014902
0.9993561673004913
0.12999508853474195
0.03629016764520676
0.2085978350004397
0.9997353844495592
0.997930660129982
0.11833012914401642
0.004235020757620389
0.00016817710023586674
0.00011645505901447528
0.0015887711065419863
0.014799380982437271
0.015254589224927173
0.01674609711491415
0.9580852150170697
0.7183352011215444
0.9999337066474487
0.9999392942210195
0.9998116395702746
0.7708164075745026
0.947456843783603
0.0009962868084839593
0.00368195012120609
0.00027655864397779784
0.001549054840920605
2.46377942090259e-05
3.6848654983545615e-05
0.00359303102183961
0.11907750024167485
0.211377861928006
0.1326278757717625
0.1343490754711285
0.8996803569352455
0.9926978650344594
0.9907908698271276
0.13992264960946754
0.019697541872114588
0.002800401366702787
0.0012207913475335008
0.0019810674655624805
0.04789849262000345
0.6095845540609668
0.996191617485541
0.13717907042726296
0.01522042590186401
0.006878561011998352
0.004035502001194402
0.0032626179086672202
0.013334210190611318
0.0012089361843033997
0.8662742038587661
0.9830494445375849
0.983738419592551
0.9979921886918945
0.9979590897781557
0.9911467763610765
0.9896543622978544
0.8855591049517975
0.9884952559514674
0.02198096814947026
0.021139050319204045
0.0063910692670315905
0.0014285037050741911
0.0020070055311002255
0.003415096860728384
0.07809705021333513
0.8286956700712984
0.46559554782431933
0.4251009079212188
0.9647754658500364
0.01865011285634144
0.0055110674651188685
0.0022224701222023358
0.028373230716696285
0.5137572687145514
0.5219534410571192
0.0030687289827783237
0.014365565207658748
0.02926462578137856
0.9980422315067591
0.9727987400847474
0.9730870636742766
0.9695193596886003
0.9962110685310341
0.0592341690834135
0.03211814084549591
0.01706306743208752
0.009088719197625772
0.0018291399168647304
0.0016136205703904949
0.00802808808716815
0.01986604186742502
0.9967144954815437
0.21269675444084357
0.07865008327541068
0.0005650092682583097
0.0011203855120458517
0.7753788111243385
0.7714820627727145
0.7712848519212435
0.9564735333185604
0.14832927568592658
0.21187967664145813
0.232451029523279
0.23525081160708927
0.8718198111620283
0.7688254995844651
0.8612641142301263
0.6860907881719445
0.489323872489266
0.6521702799173971
0.23934208118309996
0.13990634645589628
0.21685751607921677
0.6356763909494737
0.5003007152808705
0.5965986200658291
0.98568971896704
0.9892531124189379
0.9572841924928494
0.971564644522991
0.9126079956953403
0.1442159000227745
0.002995116227058503
0.010989557395595373
0.03481098224424728
0.8796285288133483
0.9430678843806137
0.993075225653195
0.3540078504031624
0.07770843505935787
0.0008552698519340707
0.0012463435914209509
0.001431919119092795
0.9999540082590522
0.999987654821354
0.9999959095154984
0.9999960532213705
0.001484092998495945
9.533823229079808e-05
0.0002782616396271864
0.019594698735053484
0.23960200726483405
0.9943289979227288
0.030002980843151672
0.010244984525246692
0.012049902403354684
0.15609047261707032
0.03582183726040378
0.007629878779280119
0.009818152023882254
0.989356963947128
0.016297188751702496
0.0050406230438522215
0.00030103717042817557
0.011206760026604923
0.0004866607623560393
0.0027410777355502125
0.9425462880250229
0.9438548154497808
0.009501163570673987
0.007324018971441526
0.0690907402510732
0.06946786718479525
0.12382772190541302
0.1281345909530046
0.10632614902864823
0.07690252933450148
0.31126261535766975
0.9268795420546011
0.8808810544604844
0.905260490262762
0.2759566899801894
0.05090471624274495
0.09492941918681996
0.0810175986910695
0.08827311782477443
0.8011244161408758
0.8626112701106483
0.8833404585509773
0.9044236265536125
0.8688862979452966
0.8925443955014382
0.8759119127664515
0.9696926419072445
0.9432709845716285
0.9323499752712455
0.1764836869089752
0.19229356866483716
0.2520584555448854
0.268840090715073
0.8701696034630776
0.7896236208747924
0.7970158239971658
0.9574440027192554
0.9566603905150133
0.005597758274796583
0.0034726018361895816
0.00266038937841373
0.021966154310919417
0.00331795651935729
0.7850588755329713
0.7710715307724352
0.1628854542599314
0.8364823812908986
0.9974405614798965
0.04481416179360864
0.038414501085909936
0.014844347624105692
0.002835679889428233
0.0013494284871360396
0.001913553274220936
0.02236526165741548
0.02342904289533898
0.005233335784950555
0.007104997759687537
0.008377719614122814
0.79709895533336
0.9533174870807006
0.9795235251235165
0.9998346861143643
0.9993898356289922
0.7932679913563514
0.8811916388751798
0.10778707330775483
0.02698928263670186
0.005050494181438658
0.0007393193599914971
4.840919424975443e-05
0.0007968421541616477
0.0025485658573705106
0.002889506171887102
0.014550556395734326
0.01698051976616699
0.019569521655783184
0.9759291076445217
0.9999717164285654
0.07951752312619742
0.980275935322073
0.7403954943631927
0.8210350661966249
0.9997692946156914
0.03559512124907371
0.018805469981379552
0.03353620438722604
0.035445412844400725
0.014810763290614593
0.9464904735223821
0.5426021835039232
0.46818686067885296
0.5599848321655908
0.8599941559253885
0.9676417505521039
0.35896017933043833
0.044858840825756086
0.04620515197697228
0.7814562647562225
0.8085561934043368
0.8672588724704091
0.7050553615268675
0.10550317730590242
0.22821979228296452
0.32216294856742955
0.9442797882197153
0.8718227224117159
0.8500108524029333
0.5423031105636437
0.44852363436829634
0.44946108448406996
0.15619698232773394
0.1421473763039831
0.09174624799047115
0.0971672844655872
0.9212683204373489
