0.41807273620605323
0.05134160741211247
0.014334935771936896
0.013519112340197759
0.010244131065439976
0.0395921617264946
0.041517106011165095
0.021273041848357988
0.11667883241740429
0.9629377375195928
0.18833157682962076
0.16988019877297666
0.9402659460124757
0.9633224864763331
0.9915270663348996
0.9842490225837616
0.9667216553828142
0.9570148082579685
0.19761414209564776
0.2183234732931355
0.9703311508899182
0.10389968979956077
0.04125883231477068
0.026804576086719045
0.0023975898821696484
0.00314967623512008
0.001544824756952945
0.01993137411093071
0.08583879670425376
0.2984587612926244
0.7932391998227801
0.8109845716163422
0.36043199243396784
0.11581834117944223
0.07978728925455925
0.09539633951899817
0.8417213192809296
0.23668919853238413
0.1230121089286238
0.1408412165358891
0.49503633947568426
0.5166922984549136
0.22797362928786113
0.2046462349645033
0.10436212989707461
0.11980589959872512
0.13513169829593574
0.18328043019186346
0.8767878381489339
0.8828898681723675
0.9211386362121948
0.9376033612758984
0.7027146163600841
0.6450840615042558
0.20477908063061856
0.3016691097867208
0.2889346687779599
0.4460767988674741
0.8173123905620568
0.12927905159362418
0.11221052597941528
0.04522514102794417
0.2006716876562059
0.18074835336782757
0.6909884974478078
0.031008393644719412
0.014879963562834053
0.022283483806159965
0.08971139610686674
0.6358538926629478
0.6377150422509136
0.9906154356767457
0.9789281779663442
0.5846300854982968
0.2667422826012895
0.06762472801143504
0.5025252841419607
0.0814036627902539
0.006009657478543318
0.004479552170169265
0.00424868589572347
0.008462113109082514
0.024761485703137298
0.22771259220411721
0.8707243217483248
0.835737631855731
0.7583713473891575
0.36798728362201805
0.16716518504984745
0.052041066629339716
0.07444728785631893
0.12523912869976284
0.22885850160465315
0.2802619108086941
0.9468066818835075
0.4815277406649927
0.4609060821651819
0.5374909397805732
0.9126765885091387
0.8671625975337651
0.7534145132999842
0.12465266951399534
0.16804530356185854
0.44564096589712476
0.6746510546719409
0.7444052787261809
0.8146244271916685
0.8636135252859238
0.9018883612630952
0.24096512474513876
0.1391037078934787
0.09800693986878084
0.034314692833122606
0.6686047469052288
0.057995760050083445
0.057150275780373794
0.6687079371071756
0.14325014677809778
0.2664594873433077
0.28680396321643487
0.7794865681560399
0.7947107130638217
0.6772887199421354
0.22650316064430887
0.17030816946384442
0.2805603468881184
0.3792166717485881
0.8106343376757508
0.7215476092742112
0.746047370686765
0.19422213876970362
0.19515104647450554
0.09086061753303099
0.07883412843126059
0.09323819251739485
0.14494771173133647
0.13368879475015572
0.11846430845120715
0.07071233606281657
0.07511086500245268
0.822261731089056
0.22319135024678272
0.2621347681163889
0.27787266250729536
0.4683351781128072
0.24709883410304634
0.2123817138428843
0.23501807774764294
0.33611669871345073
0.3954872040512153
0.4402919494283639
0.41644314272046
0.84663064062835
0.839294309242247
0.7540573102803484
0.7222144304177954
0.6401060389916974
0.6085116937552254
0.607526162454198
0.6992334963957966
0.8472320088530375
0.8390796532850656
0.865950615405507
0.8965832256710713
0.5087491759945949
0.5047912204653754
0.519120307674947
0.32492217344126073
0.3903318994592906
0.7084532729092907
0.7918990484526715
0.16231870269858406
0.059650228609488876
0.025195052121872563
0.017799665467972958
0.019835226149655605
0.02706339957227577
0.11333158373698271
0.9991471017183049
0.027787604244150943
0.00038054958016409124
8.0095128573765e-05
0.0012529671544266874
0.9954755675957292
0.9753155526117183
0.9907396775277618
0.9996463991027511
0.9996612020515739
0.9962153809810164
0.977029428053514
0.988392581485521
0.001182195319721413
0.00025491161843071986
0.0002069408695272168
0.026774015406450413
0.9963271069897444
0.11257891174495005
0.015271107186002997
0.00300924958191251
0.0005003159136771629
0.007803584560889365
0.10653111138694327
0.29266623841211703
0.5768306691363216
0.11395374181267881
0.08390765851757553
0.04593883967602608
0.029507895329841216
0.030573177386150507
0.3680118978462581
0.8452954274356888
0.6328878525550161
0.6096751115235035
0.5505309897630034
0.6212353361214438
0.8630587482643245
0.6602586110567046
0.6564697095287317
0.7504839263703522
0.01733542151589762
0.007108330215679137
0.0059071892481553645
0.00702739232590166
0.013643191022733148
0.024598953296542603
0.05585489563176005
0.1385227709457666
0.013844033184532645
0.020844028993803887
0.06137229657783738
0.3646326918835314
0.44856761513467913
0.9885991251058827
0.9655107064463552
0.9534006352003924
0.9589941288593309
0.68304272725875
0.6834869987473255
0.6856883136155267
0.6972599589835693
0.95990964201167
0.9472543027125618
0.9388373580092008
0.9137578163491369
0.9311197090690462
0.22909218105195928
0.08974097293269612
0.033515852761668685
0.034460731479418305
0.026653306668382948
0.03575931716460046
0.03712635869597991
0.12146645430242187
0.7779922531949754
0.07491035600511664
0.041706731056930124
0.16878014252621276
0.9091418927857287
0.152254788738599
0.045293923605197906
0.10797869353994494
0.1113835683524832
0.13511969060233686
0.9899384364086844
0.9860449712111586
0.9839176853913251
0.9629017057741405
0.9572967499707106
0.043732808908907295
0.020350878648833892
0.015808327218944984
0.04111474390679426
0.17502132870975728
0.8265707860539707
0.10222209878760524
0.10143224939322437
0.1010125601920232
0.1069922315344014
0.017725526576688577
0.010134556520955629
0.005421790490203082
0.005749613960497002
0.04275909077599116
0.06500716490803526
0.18129313605357122
0.8727024824172809
0.20790991597219843
0.09079640540452616
0.03927240040264046
0.023464289669351435
0.018416629855213307
0.01930992980059343
0.01947379541970684
0.01888359138002671
0.029665386727540266
0.030611476407216842
0.07954741909708773
0.9786256985015358
0.9328947333143768
0.7590408388120713
0.8360225224485109
0.9435376342560553
0.1114981499280856
0.19301524937328252
0.932993402560062
0.02885991509338859
0.025001176343057763
0.06028371316476633
0.045471783281943456
0.46687134743204195
0.8848728494385489
0.9716650931652618
0.12304818232718706
0.04715882872464672
0.034554018764968886
0.06483946420469178
0.142189744256349
0.9743878010390188
0.022549007230527107
0.0015499527154307913
0.002427310839742014
0.0024092963681726642
0.0024670548916467805
0.0034204236135061405
0.003439535814101835
0.0020238852555276576
0.0017965805618230801
0.9376052787098782
0.9988900827961184
0.9233511291341227
0.9987850846263615
0.9989020007020953
0.9990607740505171
0.9989560174901045
0.8620609773765161
0.9989505029137538
0.0017851461930892265
0.002062862429967116
0.0034555338205981556
0.002696336952347611
0.0014275072748511919
0.001454205920812246
0.0013861957123203483
0.00030667244784754466
0.030523952033339463
0.9934245380617449
0.9880518980465333
0.9806780725806555
0.12449123230065373
0.029264988402486924
0.037153470495406515
0.05226996064396572
0.12853414188847023
0.988271125156731
0.9962099002921225
0.40405508508586085
0.9978538536152053
0.9983217964532108
0.057753923925928374
0.011821091636349479
0.008709418859470519
0.023531568248647883
0.9522613969767609
0.2505648501684674
0.11318836635705787
0.8797091323078271
0.957898750361908
0.7014730048648937
0.9972832245702521
0.06858196994633137
0.0418367748133448
0.02914003453608105
0.04360337621397037
0.032732909756142514
0.01865330194787329
0.020809325040466176
0.03309746321130702
0.04819898936477274
0.09454722022613471
0.2258379177336428
0.8725847336199332
0.32479057524100363
0.273402519000736
0.2942461590255825
0.306129714702178
0.2712506027832291
0.357827746512864
0.9402023299957074
0.9125445022765181
0.03995478986690193
0.014845624097666876
0.012714001818461163
0.010795281475530327
0.009287769576496574
0.01153832688964207
0.021928095494625266
0.8723283042529673
0.8210369428364728
0.8563747091729172
0.8696817076993478
0.836689369544664
0.9522050546742004
0.4394342389326926
0.33230828428589865
0.9243439333242349
0.29188408039942215
0.2861926657237168
0.25022795843507784
0.16628567780476322
0.06365879479820324
0.05393601942817894
0.13480664900952732
0.8770265538579537
0.4750834800846765
0.43472770927419335
0.952304257020864
0.24229874038025567
0.13750507201589202
0.14459961151802692
0.1548684930069203
0.9384898578029568
0.9308250139544464
0.951633612529366
0.9763398840219751
0.9461346174683513
0.8241119972781271
0.8296408166382667
0.8465951354243941
0.018690244189910943
0.017521047984112137
0.019871754435997313
0.12131835600422047
0.8326835599331394
0.2111745519353665
0.33683898751726005
0.8456752405493531
0.1272420289457481
0.10035182055786351
0.0932996411184277
0.09299927479957848
0.4206296268772336
0.541512577902069
0.21459733203197162
0.15253167790295474
0.14770638197843255
0.2238527895522966
0.9455520669504929
0.9184482307814289
0.42867970411694223
0.125986297800309
0.03218309766679983
0.007706623894047082
0.017576953801701545
0.1244971264389626
0.13202405253552352
0.13684483043917894
0.22916979931813164
0.8018126265787899
0.8570168102056586
0.8545150463317974
0.8564936679412914
0.8596612927595575
0.05952011788675371
0.018463384838651176
0.04391093928374812
0.12623678696391083
0.12952013557953013
0.13058104486396727
0.16357031143557432
0.21761036269616119
0.46058771438780977
0.960159903746158
0.8793441656904788
0.8827614955608056
0.3700274742884011
0.2716504342641862
0.25113779637177314
0.130363574080113
0.030000689575080397
0.6445400910828724
0.8373698228982855
0.7819631389081931
0.6708781096802876
0.7445240722154355
0.12285826731715821
0.25411297266409605
0.26282847530098696
0.2593789646064776
0.471637190886377
0.8795024793732331
0.8472218321616303
0.9203207443310581
0.9113621327496886
0.943850595404415
0.9601431653190557
0.9543885713412905
0.9352140213562465
0.8941674498636938
0.9185336806526225
