0.8402957104139206
0.791419851479894
0.8506516767053158
0.9258609699881667
0.9626789099520914
0.9825016193652595
0.818332955909183
0.7533934632478655
0.8472796623528585
0.9514371004628971
0.8420669758241187
0.07629248077972539
0.025961358961037684
0.1446799500256688
0.9174021604887785
0.02907268177840261
0.12341207154541267
0.12913101293714324
0.009647085434542957
0.014017709355934604
0.5370798593228064
0.5811313514443657
0.07512631981022988
0.13603688274177816
0.6974978936174636
0.7816424067364868
0.9822786890763167
0.9189742070914362
0.7442433109421712
0.8443716296863858
0.6950340409747296
0.7458090747761149
0.5754699157154446
0.1430360857909072
0.12870181834916794
0.9587664491700095
0.9919206398100749
0.19402229618194733
0.281853426170656
0.15885499110476242
0.127477080249622
0.10724488488452633
0.583368755164535
0.4121837991425904
0.3377325314168492
0.1815890388841419
0.15640209561916318
0.9014200361030889
0.23411974898353005
0.10346721256628699
0.5308428379694414
0.011884927590764205
0.01800555678868543
0.032487029369835274
0.026295839296327728
0.02004408024547244
0.06551380444534216
0.656407736769568
0.6564186391539109
0.9975015101195471
0.9386034172800488
0.28438591403870506
0.3085221294185291
0.017886132239273045
0.005291769767306609
0.03526827334420701
0.13710678605488202
0.1991595611334207
0.1438057215838665
0.7257020894724668
0.3965573563322703
0.3293419972511906
0.8756697368020214
0.6896649921129789
0.1964305603342994
0.1716189942163573
0.6082055811890112
0.25385338293140725
0.11075165841823509
0.15393056465905808
0.21864229746293162
0.6682815989962585
0.3044550774069593
0.27200144657735525
0.2440346801140536
0.2975099404540561
0.11082281945349992
0.06976338538764615
0.08507726731400456
0.1311823677710725
0.15140084093390438
0.46222644640885335
0.9346570243386585
0.8170846384521915
0.6536993931813811
0.5921909899475877
0.5939587111616678
0.06897271776244329
0.058158847379112144
0.01779082422971523
0.025187938722845415
0.07436371503773376
0.6558284624138015
0.7477239953330894
0.09938435666393752
0.021204525787967166
0.19501894929462926
0.26911896683034986
0.8369694262106987
0.0275478827938358
0.003071727944311875
0.0030748094646222413
0.011813108712951381
0.035243870080773454
0.03516444406547303
0.03770901281687722
0.9912542023940331
0.003265457783764192
0.00012808595880153817
0.0002116705831395338
0.05186211201990454
0.772505704782659
0.8125662410049358
0.34075846077911986
0.32017713575363727
0.39244284565104515
0.9941862913665511
0.004021306725146334
0.0021965322924977215
4.9186618035546026e-05
2.605646977460463e-05
0.000800877238752884
0.9999591495102573
0.9999984535991812
0.9999989563486624
0.9999995893373291
0.0008108805046993517
1.6179507239422186e-05
4.595015378039413e-05
0.00012252526113076811
0.0020350276386753574
0.9986742706042779
0.3928683627853329
0.31933117692555735
0.520392802139769
0.8199897697095873
0.5668521993682973
0.9754896279086109
0.0048359051459699876
0.0010286795921263803
0.001441852757958162
0.05127128341629261
0.9924370749327946
0.9703497332821165
0.9993140252203234
0.9969884239977537
0.03850072835238294
0.0003518685466655791
1.6905759897878347e-05
0.00021918212679450377
0.008666139261426675
0.9994900821091819
0.17117278779172085
0.0004364380304922033
4.621577515195874e-05
4.699617448455928e-05
6.111502631112042e-05
0.0029143757840928153
0.9999909402688577
0.9999890895952598
0.9999983440725774
0.9999913397679777
0.002946837740103292
2.5668378403231884e-05
5.02950599747809e-05
4.904918774562006e-05
0.00016651486134899862
0.17099823085614652
0.9999950344037394
0.0085948438629605
0.0001774688964307769
2.8611929540511838e-05
0.00042775941269512785
0.036622732661309
0.9983172356540303
0.9914048214637656
0.9955184614731608
0.029125086183581783
0.011656301888850473
0.9808908483168521
0.9802658755325967
0.9805438848973033
0.9848787013330385
0.027103328837080887
0.028504788275260817
0.9917887646279501
0.03599382068236601
0.026092409755965607
0.010783935862935579
0.010700287233486594
0.005237286044552092
0.00940872531663195
0.01811083306512562
0.9202696377906185
0.664680302377332
0.11111675369861773
0.11506579531668137
0.029225715271852026
0.06258049746140393
0.0724125086443097
0.044827735398820234
0.01328442328733459
0.4559102458695803
0.27598843741675416
0.2670596881358315
0.00798112207023527
0.03299790635933508
0.02734327145705706
0.1299442158917976
0.08866880823836887
0.18318771634427944
0.9139640952240227
0.1377958905855715
0.06973510961672424
0.2750468555247261
0.9943670321907376
0.8430427751119217
0.23519411441572302
0.037752170966161014
0.026019104009087468
0.06084743589677999
0.9128200873358399
0.10139429626866259
0.005963159625782977
0.04071252883040344
0.8569535426682005
0.7892404212905485
0.9960236303254584
0.9970817969309048
0.9147164312099194
0.6315913597985534
0.8182375296440305
0.004388166314661657
0.13450993244822884
0.1385614917361282
0.8882151277602299
0.04021953578386117
0.0332417304451087
0.2219993483781838
0.3023507557768764
0.3081246645994431
0.10166912802520589
0.09939352318263972
0.7726779858612112
0.9898563444978686
0.9398448174032255
0.241475746551304
0.07764675741997573
0.023481569109608857
0.050246706542907416
0.004165995834913172
0.02862017619553603
0.8581300560257757
0.9713558487003072
0.0028399458373666864
8.408502465839796e-05
3.9810441913479266e-05
0.00011884916566329284
0.0015883686342776926
0.9129600505542035
0.01114627072498997
0.07172188712743066
0.7610045232175323
0.9771175411109555
0.9992911143052143
0.9990384617018297
0.9638237884458924
0.9620245556304632
0.9567825173403449
0.7341764239850337
0.064243224456776
0.04961336304738895
0.9961402805023968
0.003173647900228449
9.160844218458752e-05
9.751579110717223e-05
0.00023528371404712978
0.007295300703466734
0.9900422377789628
0.9903504136021457
0.9948656411235549
0.017100741835467614
0.0032017465364544417
0.00013949593884665656
0.0014210964363420286
0.017515826526092848
0.9990226335045997
0.008937056109632913
0.024598373530998474
0.037996297715544136
0.9990194314871365
0.9984449878373131
0.9998849654494054
0.9943813927226783
0.9945863248025929
0.044060732194487584
0.007827770842468107
0.031573511414369926
0.019002731494925817
0.0013136303622657275
0.001198153977221672
0.006570577283130041
0.017007733335150377
0.9985787793312219
0.027533882409643606
0.004781794084075086
0.0013854824216675832
0.001800103939929576
0.983111510796714
0.9884498733778562
0.9842693450358003
0.9941007995391603
0.012807071567444206
0.014569822885723505
0.019422465205132244
0.022084710499328697
0.7663842119489079
0.5473507706704106
0.7509091437777602
0.8316961790747686
0.7429935630913324
0.8426164017811674
0.5280752197558309
0.35416394979426435
0.5251437208619095
0.9225109112488891
0.7360035308853825
0.7705525327332592
0.979144020731669
0.9584526873497298
0.91931233037459
0.9678020335679167
0.7595287552319204
0.1755259345019392
0.007441202323258511
0.024744159528870213
0.030816582443090046
0.7278686805596062
0.8835050539365147
0.9936544935149123
0.46699100438772045
0.14031689165784922
0.0014888476348215995
0.004037115872574604
0.002113775747313751
0.9956675498598948
0.9955800560083116
0.9982246672777993
0.9997883112609032
0.006282097576853163
0.003157307467743009
0.002165995689423772
0.022011444070704878
0.22052151002627507
0.8697153254139026
0.19073394956878442
0.04199782098799654
0.042526186164693836
0.13978794462412303
0.11159886794275109
0.22866348555218952
0.17654267336835494
0.32971502418819343
0.1033995246359547
0.21929265064996017
0.14541067816894604
0.15843152453349252
0.10658518631053204
0.172920708727355
0.2662703237713214
0.5548603087424937
0.5508353161118882
0.03648344056513353
0.0071911887284297205
0.04125793093445074
0.07619435206499658
0.9834455125396013
0.99649434492823
0.7105458965784559
0.8479988624121597
0.14970543986047058
0.018080851813686682
0.009849621710531387
0.0013776817753320403
0.001047391307686607
0.001081401805690163
0.029288947040944424
0.9963284380295383
0.9903165573951676
0.9823638236351583
0.01582500480558513
0.00030556044548690764
0.0031917671376947565
0.0018742259285368101
0.00929788014374655
0.0020695614170628263
0.02840901953822328
0.7717803354530701
0.97596764278998
0.9960858408182443
0.01238303592051182
0.00775788492519669
0.03003975442276763
0.03556488606736097
0.906571293176113
0.2994546839860235
0.07149975836035294
0.009717886978831691
8.78347508029842e-05
8.084693270604681e-05
0.0018408235453423183
0.0018922181383392855
0.0021451705790199727
0.00151951284177132
0.9803828206364957
0.956706630857524
0.9916962909928722
0.643094470036031
0.9975168064179979
0.9110038014024173
0.8648806331873587
0.9492571428894935
0.9965247478584389
0.01026318063510645
0.00022462239351672686
0.00019819284169353413
0.00014597620003642398
0.000710466082666672
0.14065052709786718
0.9994847588838488
0.9995816358782528
0.9996114024159827
0.9985696492464763
0.14175120924906237
0.0006288309399822278
1.982764584340657e-05
1.6332109918026916e-05
0.0003189610165196255
0.009000999352393735
0.9991574570700655
0.9146690553306
0.8561888249344226
0.948431796233637
0.9620848171831617
0.6786730609328653
0.9980125208857049
0.9979081313725605
0.9329475437972348
0.9989688704981564
0.0012801432806073265
0.00010631634003155366
0.0008427938460615625
0.0008439463799014835
0.000817227490032213
0.0016159949498661952
0.00999303736449264
0.0734543584217695
0.31211571486327194
0.995044317710527
0.980681084864502
0.7188167057197602
0.1687981765913642
0.184871516362358
0.8884410671792445
0.8811439175929575
0.584532439964865
0.4586447172038327
0.08930191624300465
0.42022709707115335
0.48817738732246097
0.7899016468798696
0.8796861541410727
0.7626865349629305
0.8753384462413052
0.14067021777048305
0.12120609854987974
0.1576025888912722
0.3988304313953942
0.46764777907834754
0.006436102898738083
0.3043794254977379
0.782354422326281
0.3112852954543447
0.30309943805558837
0.5792390987370689
0.4650075652439952
0.4748563651970983
0.8443985075487209
0.7584251299577747
0.8032263852767592
