0.9850996280129163
0.5601466982788993
0.07496779624291594
0.03173149045357282
0.0900886651008308
0.09453758427023673
0.09221934597006021
0.0804096249597901
0.37783945990965917
0.8839637978307728
0.8509451922812201
0.8770931262818071
0.9673564527198437
0.5488536825956568
0.38200424997446414
0.43640475322904526
0.24648279911731075
0.5860870851972744
0.6491931648787957
0.6718430672146789
0.6556932360705497
0.4150146023987161
0.459860485278732
0.4254139907572505
0.3505316198161861
0.6701309387494385
0.6191326321905943
0.7177246067166874
0.3390843162031245
0.10872594542004876
0.015300496487204551
0.015068299276477681
0.05416411589926706
0.06342805989542499
0.06707753541672401
0.9844244065014802
0.07107689956904928
0.07887046008218845
0.23849165655343207
0.9727050553360542
0.9699644042250651
0.3559933488571003
0.24004024559862425
0.28727716856983276
0.9801299980909558
0.8375783614030294
0.09724364173682998
0.005328523895299808
0.003581817420531541
0.002218039189576082
0.005561415245550649
0.002770314011595554
0.0012545114795217138
0.006400209101346088
0.8790976465554761
0.04293083144501186
0.12123452896186293
0.40267614357569814
0.9387865398005378
0.9842114473843377
0.24679130456156406
0.02927738475512187
0.0013132718659487619
0.0018822479962442573
0.12150603203446131
0.9939713502646111
0.9589682156116017
0.9947034766293325
0.9980324355888205
0.996307977884647
0.96413566739945
0.1229215747087048
0.009936201665998956
0.009683118567015203
0.036116945412798085
0.2486506524936165
0.9976870146344687
0.940813332209095
0.003591875522767185
0.0015501134242786874
0.0030858070009254224
0.004566746199749949
0.0051031293935851485
0.004432939997769947
0.01038079142442716
0.999255768740704
0.9988055209765015
0.9986075065241934
0.0033504231518323158
0.0007944384489996237
0.0019714017012504303
0.002333656699775477
0.06095469698535638
0.9735838186377422
0.9737756520809412
0.21236323369870413
0.0006665917673406296
0.0019730814121167173
0.0017552593819674112
0.0015898648295910034
0.0006447703908767366
0.008287366234421056
0.9983091447662372
0.9844137024865751
0.976762977380071
0.047558260961224175
0.0016319616974114215
0.002970981545004747
0.003592080959083921
0.020145018145437343
0.15440967585973375
0.998186616596507
0.17402285426021558
0.014962710869232287
0.000308131490018404
0.002280901381920497
0.0158121167919818
0.7228177838952534
0.7056199236093701
0.950648200071421
0.7126026507008208
0.510484606379677
0.4466418319709434
0.4200324437538715
0.9575729890169408
0.999794579216789
0.9997874871103213
0.9997983145896819
0.9999991132061137
0.11886686156725501
0.12214925849566716
0.2500344175387189
0.9511212354739311
0.0024811247716751694
0.0001864041361318014
0.0004273790754479867
0.017068943606959985
0.14926288837481294
0.957720519401341
0.9192044641056086
0.16879357969223718
0.016190366154916536
0.04708944032877971
0.02519444990987918
0.03258443216117568
0.046975222920969784
0.01007650252706338
0.0008239788917465685
0.0017037994738688944
0.0021050729568700133
0.0001295018851685814
0.0032107929659822565
0.21732071252204477
0.92072285708095
0.973075528629159
0.9965868011033053
0.9931948729166274
0.9900586405781343
0.987014399511754
0.9165343611390413
0.06533845831499263
0.057612121166103036
0.042894484610997874
0.9882850005962989
0.9986665061429407
0.9995525894487742
0.9989354046344724
0.99742707254919
0.0449430788070142
0.030872201921582354
0.03381698240708564
0.05633567794568084
0.0003405585044953252
0.0009677552079436769
0.00028820253851125077
0.003933008454815035
0.9982361370432081
0.9979251526781949
0.9965552542849359
0.010042187610303177
0.0034835447316905466
0.004847449621880218
0.006373851231372574
0.005623407042161466
0.004240178173418818
0.00649225956391597
0.9933879792333629
0.9834632455476275
0.9900101324159569
0.9008222203136809
0.8916274732343147
0.8740521195291593
0.3871140888615767
0.38272561867134847
0.48491128985361465
0.9713342771623908
0.9745404803602835
0.9606203626793564
0.9731638607850587
0.623786876617592
0.04152675373155579
0.02121263466213008
0.020765846892034756
0.6337854102854997
0.6796461199862354
0.11943700786105571
0.035818056908385465
0.039738701214170336
0.12007899689439105
0.12154864289078715
0.12516268039476286
0.996675094936288
0.1421700563225904
0.03069955128038293
0.0016677323265802402
0.08945142974867049
0.9256181146002915
0.8811480889372763
0.8794941341808162
0.8852543363977754
0.9403801905381663
0.9982064277227508
0.15876811010950043
0.023243907319620005
0.0024212489462654974
0.00034880378306745285
0.0009702904735807705
0.012750556282841274
0.09982643034080874
0.12565808828589564
0.8761704305360127
0.884064355436287
0.8317020940194928
0.8466988241149571
0.8520528951106421
0.1644732970786238
0.07527959716930088
0.05953863893449096
0.25350939023037
0.3428304708771881
0.5164991893448725
0.049810913880667385
0.016027144017457307
0.014170397878577323
0.05771305649822045
0.3893727732678487
0.9422741225035032
0.9952107910833727
0.3553889011931922
0.34891354414027165
0.9909624100987147
0.943995963850401
0.9541903410919672
0.9547787822989184
0.07455492369137895
0.15987516783104483
0.6064529386324264
0.34750669781497756
0.4888596936568843
0.5456776706554999
0.5087672009590618
0.2830451551276809
0.3074687834050387
0.1304231553187838
0.07507020725314117
0.17236989410654002
0.15313754717260897
0.22462342961521486
0.9431474971109252
0.9152195358989479
0.8686528623906764
0.8642903091030963
0.8753934004015933
0.9956593298311205
0.9553259202292057
0.07139174951774374
0.015544313160426038
0.057842760610082866
0.11257009645454708
0.05401082037531402
0.1250821672662631
0.139418753210091
0.18649944759791848
0.13767064294559994
0.003031250196980473
0.0032828819805703624
0.14398699165297868
0.9979767049919847
0.013806617699581913
0.010855635864214452
0.01260443040010828
0.005335399055373613
0.008366579668912189
0.18582352359855725
0.5504487814418038
0.7692845501276562
0.780867601734301
0.16571692818433015
0.15640211576151364
0.175587494341629
0.9675378326642149
0.9694459751174205
0.9709663200104243
0.9276199760431572
0.9279225448040328
0.7819068309882538
0.019719558496796075
0.037159589829903306
0.18436575326507465
0.9750110489117201
0.9515458501453385
0.9752062463013093
0.9680926812556484
0.9596107344753648
0.7025013329144649
0.6669789839826521
0.6694996205755451
0.6656057839130476
0.6712964710546413
0.9179800369746154
0.9401493483542116
0.9488012872053216
0.9352776539497919
0.9357453593281742
0.8661415089320599
0.8859305129506081
0.9190210382142004
0.018955019517733707
0.01668086023492843
0.022321625914914045
0.09866716681460075
0.027969067480992815
0.05817897816119877
0.9027047165258054
0.8887050280823968
0.9173520851482615
0.8831644991459633
0.9174822587450755
0.9977000898415677
0.16265787576400104
0.011399660313060278
0.00016382389150759735
0.0012754319564799443
0.0030083042863258136
0.0006912556413752879
3.13732114088916e-05
0.0019526948432471158
0.0024826876353813976
0.0007273659294786405
0.0010658581632648767
0.09716767817262373
0.999994709654978
0.9999949798739285
0.9999948772112903
0.9994769750808211
0.09768706824692086
0.001070429952735208
0.0007314527582786834
0.002486402233039753
0.001957597716409909
3.223886102365903e-05
0.0006939611681758828
0.003005906374511036
0.0012678539697197344
0.00014700005760148738
0.0114487841364308
0.16149301004619188
0.9239490776723496
0.9272493098323727
0.9553017801320496
0.976858600838079
0.9604823372507398
0.9367197411674625
0.06758960880095244
0.016979359919440218
0.022065547916130246
0.003397365133432695
0.007586031436149443
0.08834424604816926
0.37895387924517077
0.17484408653737848
0.0816650969927557
0.8868658653770111
0.006098124746865552
0.06718801199503088
0.030242351622864705
0.027116877787439986
0.02713306817429295
0.06933246847893648
0.07385809191353443
0.04699512398631389
0.8260493192399379
0.6013396445871301
0.21861272277406918
0.30207356850216915
0.6140558741693392
0.23443682892693696
0.0847400651926341
0.07914676722684177
0.9890639647076035
0.0797412518862235
0.028139931921986716
0.013203853854562908
0.0018361842150117491
0.001715931896937417
0.05006954802159225
0.3366770955070666
0.9271507781217981
0.9303093079477555
0.9391430390584159
0.9751317020551464
0.9222699071359051
0.3053002828538003
0.29942504552801585
0.373446003023405
0.953768550075846
0.9666348296587628
0.9200055502344802
0.9169872487537173
0.8365575772421914
0.8160193770704269
0.24130181579271692
0.30811721203233
0.28586421732755407
0.09640331191644358
0.0364302057957393
0.011359525503467305
0.012488102488135255
0.013851121647049935
0.058172846563956604
0.9937609519714556
0.2895088792190448
0.974523818368617
0.7719060429689963
0.9982883456778461
0.9991000166558942
0.9992293071707877
0.9988844449486788
0.9991730524169982
0.9920668017274926
0.8168363286206396
0.942089798134483
0.2515456120634607
0.9853962109909613
0.0635021434279166
0.0002336544821323061
3.535860888925768e-05
0.0003936869109567587
0.023781289395570337
0.09137059634427824
0.9906459170512626
0.912958934746481
0.8744473529378332
0.8575201058327592
0.8983249132826631
0.9912734945348101
0.9927841255378761
0.00820618010740426
0.00480027939471217
0.0031004394114646505
0.00184957995220425
0.005602657819383183
0.63891290728997
0.3682701106116959
0.0003428634182810475
0.0007256834341883289
0.0013320132738238177
0.0022807316197532845
0.001292140499618566
6.465924710796767e-05
0.0016978960691614864
0.020420852447696314
0.9999814062372682
0.9999533847209836
0.9999998709850727
0.999999848603486
0.999408295379021
0.02096560492509081
0.0016791737230404946
6.528569811992124e-05
0.0012923451503327188
0.0022806122663184825
0.0013319035580465766
0.0007258062368662443
0.00034106017804624855
0.007258034652627865
0.005107327209822432
0.0013953389448189135
0.0027737196048774893
0.006131100965299119
0.011994850518900702
0.9670460814027995
0.9520178975407203
0.6543029025474367
0.6416936458305362
0.6635043866316311
0.9340399047324353
0.9347219993927576
0.958400846302097
0.9627437228176655
0.17792157419954024
0.0020036806704634147
0.002445963372071369
0.001335586911510922
0.0016316467237139642
0.00191303751662375
0.002950127587890705
0.00478712034435913
0.00434206841842566
0.1756220397387579
0.9998686059462496
0.9997657627183772
0.9995766692250303
0.17238803253993862
0.0015125638022684962
0.0014337643295547764
0.0017431460456186487
0.001386332802684076
0.001482268758262073
0.00024148707344007203
0.0020540582764952964
0.0025957070021460638
0.17213153719209962
0.9180790516220213
0.8964814803328557
0.8883476338379492
0.8895321613814078
0.6598837414897348
0.6221236578403209
0.6113174783451063
0.14362678109536975
0.008657141965192627
0.007965552429467393
0.04188851914074121
0.04907666809258049
0.03535378783118792
0.04565214898511616
0.1528169621955383
0.8702943875715599
0.48834815725826275
0.9157460336312713
0.5563074532799229
0.9890590274644931
0.9939507635856392
0.09759674508701044
0.019140956681813037
0.0034133328068580715
0.0007978661436508494
0.00010713846349197365
0.001133809261316343
0.0011131370982248034
8.8480670847213e-05
0.00048674760655076366
0.35084782652725943
0.999957405103313
0.9999685964423776
0.9999614287157065
0.3508440181553376
0.00047943832015362453
2.9791329946737832e-05
0.0010548336426601246
0.0010738164261570038
5.0857421705630124e-05
0.0007359299209955816
0.003492348107099974
0.019291155918613634
0.09846342399006558
0.9993176165499036
0.9140539570638874
0.5428068340410426
0.8610787321537282
0.37816230380810334
0.9058706713735085
0.23041907715603682
0.11227230090283524
0.059473615595376894
0.02429564831685538
0.004390260736452323
0.0016233118589044082
0.025333188194413325
0.17977882088753272
0.9755896126862071
0.1728018968700653
0.002067653466478414
0.0008434325231412299
0.0001675954935782542
0.001765043179036141
0.0007127243419926543
0.00029787207924247827
0.03959261651326951
0.5611375696730854
0.3888522909849861
0.7568760518753822
0.9098604968154258
0.054674539351133644
0.014778597749391498
0.00010421216562872537
0.0004953496753321573
4.925618062179282e-05
0.00045949747863416324
0.00013343378412766782
0.03446199647808357
0.9986613105678444
0.9982413988284538
0.9999764644708213
0.9999916821860279
0.9999987184362575
0.9982566831678126
0.03311549966525129
0.00011857796265279941
0.0004520239314879104
5.0265604732868674e-05
0.0004957018899859333
0.0001039244364502423
0.018819213558758263
0.1336465259708458
0.9992788064628619
0.9153716439658177
0.3059832431171552
0.3103221201701457
0.9992227634882054
0.03981466516797816
0.0010305581762378724
0.0013418365835768942
0.002204925423415438
0.0005846723063026582
0.0011657393593476062
0.0018396158531061024
0.1802517692531097
0.9526429181743843
0.7927195973630411
0.7711485619144959
0.9696936188649833
0.39037967051431466
0.17352618778055795
0.12202088948177847
0.11366780999237436
0.15918025039528694
0.15063140075163572
0.0034988431058041725
0.000897982251762186
5.222717360509055e-05
0.0005987701566970705
0.000661153338862519
5.6620754456004896e-05
0.0003400162579019206
0.00017343536823077876
0.02205072775300221
0.24442650867905502
0.9999199624066573
0.9999337578505848
0.9999329170503505
0.9999999769301743
0.9999999791286885
0.24435643488793168
0.02218173815583191
9.093702606122189e-05
0.0003267688841019911
4.634681929382989e-05
0.0006003851983457098
0.0006708953159940689
0.00013070083785660103
0.0009526471458490837
0.003842580948229868
0.9877574362615025
0.7046993085303206
0.9257766869451911
0.35585035687065203
0.09077852569661626
0.015618738946916344
0.005044963750636455
0.029996071908685917
0.18686242800007158
0.5793104468856667
0.30528827178839124
0.21972331574148218
0.8994987941436053
0.12871955038225913
0.010338512164466351
0.0102298867249917
0.009805806394199368
0.008487376223420995
0.013727260675434616
0.2797337964683563
0.9964912294875136
0.9636796459081854
0.07380866621734283
0.03679388748165813
0.03382756793664188
0.03683506706240447
0.11553650885580846
0.01847105559743223
0.0012928115194147383
0.0021497128084457806
0.003742620568332966
0.015400187560851597
0.9973840504754435
0.11296124811687858
0.0022027381148926883
0.00974060603307636
0.07461003068790573
0.28712106935981907
0.9982443611146063
0.9999853842911656
0.9974805703058982
0.2871201012563861
0.07499097720016745
0.008869034449740298
0.0017462304418039976
0.11301268470796788
0.9958164996471038
0.012426206906994475
0.0024560233112373986
0.005062224150733763
0.0004669572596451843
0.016570834727719363
0.11719196765728235
0.9999568128857182
0.9966300603496865
0.9930348072859096
0.02845905193059106
0.03015395675544985
0.03953412723028438
0.040902482037921795
0.2746525132902857
0.008835872674938572
0.000573194708447522
0.0014790689235857357
0.009169226535990505
0.0023200796769645704
0.08334288969091819
0.8932178185621782
0.06574016308960273
0.0774587625575841
0.16943495751339588
0.4516510736779683
0.4469408953165813
0.43314687113468264
0.3323440940410122
0.46700792498990695
0.8537036330391765
0.877466685433259
0.7703923020012879
0.8106261347457261
0.8412010663019714
0.478652226733537
0.07254654689340145
0.05627031677147454
0.9926289093065275
0.007697568650050668
7.430110963957404e-05
2.237832472495871e-05
0.0010867462739003741
0.0008509173144747306
4.8322362375730066e-05
0.0012260244076938154
0.004892281735505377
0.058972803326277634
0.9771560058857245
0.9695052539802383
0.20934625441650845
0.04572353675783691
0.00881556248144777
0.004666487082283344
0.0060941151727746945
0.007809314912929244
0.9169632376895152
0.8505954239628225
0.9999855062518339
0.999950938448572
0.057660502645602074
0.0004044484416386718
0.0004226544693305412
0.07196830712559477
0.9999153248507587
0.9999674162773646
0.9999794140991194
0.9999283451138256
0.071838350163551
0.0003840083346019485
0.00040685239071225343
0.04438408429206808
0.7813867387416068
0.9564763182990641
0.051475420128738514
0.005789009345861462
0.004602096909794184
0.006981112268852563
0.045541514232630864
0.2076871848855022
0.999950719930988
0.9730721718390688
0.036109239607728605
0.004923197740778318
0.0012262429145303289
4.814726094082289e-05
0.0008508087718435142
0.0010861163680848662
2.366232407535751e-05
7.793915030895882e-05
0.007573625753845348
0.9714923609680858
0.03864473927715073
0.04287525069800169
0.1459669864223494
0.4403354570981528
0.36573734513786704
0.8507139688154944
0.629522414351756
0.59682962041491
0.7972304802359167
0.8522581591165134
0.970113585020598
0.6605144065288495
0.49604311109453814
0.3356044279925914
0.18661282203959084
0.34463242841663677
0.7378402622129498
0.8239092493317974
0.8415361047275662
0.9620491904292152
0.68394575027787
0.5284991630939232
0.40415252715710137
0.45970476665761506
0.912422621635036
0.9808736891594094
