0.9825725559950634
0.639340858628586
0.09880449216871734
0.07272985337674676
0.06635911032284614
0.09419725340910268
0.9491128051093072
0.9148346439031356
0.9360096695235534
0.7829870570617108
0.4496522339892196
0.38600931246548176
0.47863577609246133
0.5051903483488223
0.7342164899454469
0.9435259581951011
0.9618873793361311
0.9481105007275241
0.9787666713518323
0.9663007030339188
0.946694815205046
0.06703296733872466
0.06616124300593662
0.9335674250521638
0.4894157739593167
0.5121794760087482
0.01624441473531324
0.04547596840714774
0.02515085691341301
0.01710278803857157
0.3687893711597965
0.6811031740805171
0.0758720338139317
0.28220262310903765
0.08981086718684916
0.7938642154399113
0.03358135955835706
0.023087082709259188
0.018293124378294667
0.017809605630658476
0.0008390039206562783
0.0015962583611310865
0.08348601424384816
0.98123822827977
0.9930070696668198
0.9793151962928445
0.9813917093259508
0.004284857283137655
0.0003834352568931054
0.001536909593845004
0.002261801949872133
0.04627884353887157
0.9850988778832925
0.0005330229268417641
0.00025711048458432195
0.001640603023201348
0.00011945485970965564
0.0002695225616902164
0.9995968943274395
0.0010376421454704188
7.926462058527317e-05
4.380612601895262e-05
0.00010991158493289799
0.02153642823481594
0.11358376381714064
0.0526508646250986
0.046327518853710004
0.014027258052141112
0.007211881504068485
0.0030171281583593057
0.0024453632095370326
0.0016220897591336936
0.9871609153343635
0.9947531196841095
0.9988849917815975
0.9985230310777968
0.9993018536144497
0.9821590247137824
0.9999792667561946
0.9994588878423621
0.0010328779464022775
0.0023851599429038917
0.0023927189059970155
0.007259792818119615
0.3639094208975633
0.6421431572878042
0.04779806364629824
0.00750767820252074
0.05637015163505532
0.7797255449253605
0.8279261659607842
0.013651151414985963
0.004208151554048856
0.003531028825377147
3.159061773316818e-05
1.657218789608006e-05
0.004580288057156046
0.9999941615698467
0.002480452561736346
1.4820294407247303e-05
1.1005552953857745e-05
0.000266504390425526
0.9999843009842367
0.006309712325196504
2.5078718843385417e-05
1.0397113699212035e-05
1.542850569713483e-05
0.002642792874623656
0.6335238781255725
0.408208030471212
0.061916377287687396
0.06221511322048534
0.9909636066529341
0.9897224922177053
0.9995756508971015
0.9986312861319357
0.997718160416689
0.9992109093219507
0.9666778824550869
0.956746433806842
0.0013901413444710187
0.00012114906217197685
0.01733844399960982
0.5156925993057198
0.49108979014138443
0.00030708416485569767
0.00019396276876770813
0.010246788865380663
0.999994279489458
0.9999995938354264
0.002925561295554102
0.0009456601713812018
0.0016204477510824988
0.0010440750112582498
0.0046530686720293035
0.9998181783290364
0.9979065644984092
0.05491481673447318
0.08695294070526927
0.9945938741393585
0.5460353068999666
0.9999871771544319
0.999859882849416
0.9977007985789182
0.9972475231510934
0.4157043312691149
0.8717893414884897
0.21140541697738813
0.18706235373192526
0.9956119517064221
0.9981876721155972
0.007041595560365321
0.0023747097647864868
3.382859439859942e-05
2.325898677657534e-05
0.005422327048727027
0.9997839065378316
0.010577609933561383
8.728634694277204e-05
0.00031113558537909647
0.006779318617918695
0.02557036128135115
0.03325658292942635
0.01918660067296485
0.03844404101910304
0.01740351160409148
0.010843761636751603
0.0019600710342764227
2.07198691350996e-05
1.3383651054743595e-05
2.4924318209107454e-05
0.006293259407000429
0.9999790489054258
0.000289560959151558
2.195956857520276e-05
2.6560495913763305e-05
0.0024693796796301237
0.9999981010196076
0.005000166350144997
5.078402184555131e-05
5.6709292801104816e-05
0.0030528730305153795
0.010469497385924176
0.06572617720296092
0.8550444953895149
0.8096364046698699
0.7428209439457256
0.7054109112596072
0.034563972333607085
0.0030852073057878737
0.0004225538227695669
0.001079161337377843
0.00012074989399912806
0.002428174721835985
0.018059149816310516
0.9989981969709859
0.9995900389792897
0.9990780747399545
0.9991414428643776
0.9999647370177072
0.018418365358877198
0.0024970637011380026
9.440367276658534e-05
2.9214107409747392e-05
0.00015831375556241145
0.0026280867782817463
0.02115338134429856
0.8676932070360377
0.902065912773095
0.9363511606165204
0.18492928807832976
0.0006988268171168599
0.00018725275027631216
0.0019655234800343147
0.00163427744837652
0.0008905480361146578
0.013857682923651082
0.9181229287885214
0.9990532112244546
0.9545788483243264
0.003973156410355672
0.0015193973690205143
0.10294356672827687
0.9991482430215312
0.9631448667756141
0.9989839730333685
0.9543866007186328
0.9538272571343585
0.9168672207461246
0.10519835605954331
0.03039929470486069
0.047975006672571596
0.9999569168751494
0.9372324183871583
0.9999257025918935
0.013728843060052842
0.0007586940791798336
0.0015681370157181185
0.0014756498663208717
0.00017718993235649183
0.0007842156851921578
0.22832300954413343
0.7578295039019606
0.006030381652036398
0.0016803096024448072
0.0003298943005727306
0.001402286942468245
0.03983658994249395
0.9501326519596296
0.9364384815697594
0.9367431320945834
0.011872389014012774
0.051116706538698375
0.06644992864074806
0.048649313900812285
0.09559685613442592
0.9477258294979001
0.9147068108322198
0.008860327849872673
0.0004318955198194807
8.528851713329733e-05
0.0007767852042516177
1.4916690675770283e-05
9.41591505422279e-05
0.02799074011771585
0.10367574226549237
0.005378566961100284
0.015622990508972534
0.0078041131305574
0.01203245086746041
0.0163572856873494
0.966765918696429
0.013026006147574098
0.04831539637945348
0.00744448081331861
0.0015229991138472343
0.005782478256898704
0.035865361997779566
0.007455713471032022
0.002705681278684091
0.00888013313913949
0.9973962073517756
0.08024995875367835
0.9949188868882711
0.07899931375800984
0.007632580471751305
0.0029809697490668086
0.0012601675763043163
0.006275302917393422
0.011191442197194146
0.007319189977204044
0.27024687067732145
0.994920027747059
0.9948720814599082
0.9949202751286141
0.2606266532962396
0.0016720579701358096
0.00637868776321715
0.00202390869352842
0.0006053588039455216
0.030045011719249448
0.041556327673917925
0.02780753671904912
0.9999327629505098
0.9988114021294792
0.08621345379794987
0.985645596672803
0.007605231858977546
0.0055680348920750244
0.0031082326276882233
0.9948138477137277
0.02910429863535935
0.0037804900601268177
0.0034255372036984255
0.0064320931267006776
0.9999433011208311
0.999942954010158
0.849124822586932
0.8639965120553774
0.9994528888851778
0.9933070689849987
0.9981755266322297
0.9062572771245889
0.8813486185079458
0.9854662643583484
0.04100079991613914
0.043688336308964515
0.00644921368104856
0.004770910771543013
0.012221297335521464
0.016601246374877365
0.29636009728993395
0.8085312424383168
0.856293429495318
0.8929186272779991
0.8869423193542354
0.9545391392877116
0.952736728983992
0.9234576674936328
0.998999548599535
0.9999598704432209
0.1113345457367253
0.015388799218622351
0.002822326751293569
0.004671625874981933
0.6620181120117972
0.2465455758894659
0.00022208702372783495
1.6413472303189458e-05
1.5863980404762223e-05
0.00024217132426940235
0.008133177252164225
0.999999887941715
0.9843973435527189
0.9999999528120943
0.019626052949151984
0.0029227479079707575
0.0010239763672735824
0.0053964178333894
0.00021809000138939272
0.00020305867254277743
0.01664894079728918
0.009871402559277986
0.9950999826573271
0.04995193101007167
0.0004963102892505677
0.0008740083878997496
0.00022517716568526414
0.008424783886305742
0.9586811274182423
0.28570156045807893
0.13996348120435664
0.12103035036960585
0.14441759313361036
0.1007489307389231
0.1339797336130616
0.04727719616414461
0.8682488870575766
0.9363002823740165
0.9364661728038026
0.8623474302931936
0.09332195364243678
0.06456996160721917
0.0670817266230227
0.9468946652135637
0.13979291870406496
0.09211143091110618
0.10205016456166593
0.2946956523833375
0.8017765609993984
0.7924779289077692
0.8139818866763444
0.8297266158581954
0.9472061237895938
0.9786644985510409
0.2179488306564603
0.7513182357718642
0.8900740203342924
0.08304781486296131
0.03722350320729417
0.9929098264375451
0.07179567076439686
0.005388924065668932
0.001241787546009565
0.0021798526067152713
0.026799061529091284
0.9979922197395841
0.0957886165961016
0.19560603736678295
0.8946595759529339
0.8616186105512572
0.12095008429572074
0.011027297219780463
7.358775557397834e-05
3.1995900005354905e-05
3.0162209198048018e-05
0.002142186099148402
0.2328831630749112
0.7683286561247951
0.995942623803671
0.9995540621639322
0.9999253881680886
0.0058536896880815315
0.0010086765661968533
0.0008274870667731582
0.0005636207145395256
0.9786384977355383
0.9808624595916849
0.01888890510621477
0.03423897759169858
0.21314254552196998
0.9947672384321556
0.9967301000284611
0.9961957662558217
0.9940560147554537
0.21401119413476066
0.04193226981340337
0.02518654844329271
0.9995309935721305
0.9983013197873942
0.017872949389700854
0.01940784849278765
0.01324447526155581
0.022908890752235567
0.9799221634339582
0.9774335037393731
0.9769459889206624
0.9896974820647819
0.999500479436137
0.08757368086965234
0.04863682558153193
0.03277943450741594
0.024475078718187437
0.9671017096948241
0.9945898560717186
0.9828372469150218
0.9861604048686791
0.9846148494750695
0.05324285135514484
0.0663572640659773
0.0300999427172689
0.03342333603634384
0.007886986670341378
0.0051283637329465614
0.02432561941297795
0.0418443849186767
0.965930937487737
0.9749661228567181
0.9879860979462588
0.9650304201460063
0.9731208444724236
0.9083041942642633
0.9991179068891792
0.07375490359980108
0.07363598634051094
0.07442509460688618
0.05901056259991311
0.9983468115032467
0.9681517444173757
0.19203234464462116
0.2371766067244444
0.782290344979793
0.07719069935969392
0.9484525281129665
0.9450457018193126
0.9612221615685309
0.9720372592848533
0.9741735886473507
0.25112771405687695
0.7473086177092977
0.06985290946558587
0.24345020612154256
0.9933603501155898
0.9945943419434449
0.042311519144608734
0.04425003995732135
0.0375862851048433
0.059495163454092226
0.9939921614197473
0.9980600595384623
0.8877219613254306
0.9678944207882189
0.8719711985793964
0.9357894385667482
0.05757045783164483
0.021323972936963087
0.04039459647782462
0.0378271183029506
0.9894823468941055
0.9483046749402947
0.9723258892678543
0.997833723761592
0.7579776518376715
0.3045230800684583
0.0579864419460987
0.0039360004073418775
0.004617742248032575
0.9999409475595723
0.9992138392368339
0.0010425022986250143
0.0008682165529573238
0.0009433127856072199
2.540399074124622e-05
1.0074123009462532e-05
1.6021856484305097e-05
0.0003586581209312767
0.0007241243083443427
0.999999088644965
0.006023492539263042
0.08640756537831518
0.9995850602631755
0.6081706386086305
0.9999844075510579
0.002796147637978641
6.411123382699113e-05
0.0004949361093442572
4.9818838447679425e-05
0.0046280497474489035
0.999998999215023
0.9999999712208111
0.6183878032551687
0.9952916240816027
0.9999075387678097
0.999908854239896
0.9999504523006801
0.6248592271391007
0.9887407768850989
0.9999947200550141
0.004706609005112217
0.00019939982270855694
0.0005508155577998997
3.755931711257876e-05
0.0027869952621637495
0.9999800324273862
0.6081779251850936
0.9992505197593454
0.08755649709801483
0.005836338539389696
0.9996367949545037
0.0005263492635678713
0.0003571363189396326
1.5990789310693643e-05
1.0080661194900031e-05
2.597376570434573e-05
0.0010572953871623714
0.0007232519527992087
0.0007171956392101331
0.9994088049747524
0.9993986951359303
0.004397169291226355
0.0027933930310117816
0.05899240986641452
0.07600495046668454
0.0011513306221117015
0.0012757456222082242
0.00011273374346321141
9.75081821087409e-05
0.00012580834448971956
0.011146736953473568
0.010619877795733257
0.27745453586920654
0.04701602727540766
0.9637682603497173
0.026648058527957152
0.0051704274276850315
0.14876766033913913
0.017839728574889135
0.01836230577807796
0.7452538290998818
0.03278636068949048
0.12722822245681142
0.9147422310425439
0.9964130676991593
0.20795693551062033
0.9323747460711822
0.9966439412183263
0.8750071004185522
0.8945196211649278
0.997849029199894
0.9867715332023107
0.9643906704688255
0.9938957565002502
0.017008131029081275
0.0011336998305749857
0.0007224637367132525
0.00017743119392532591
0.044731518837368034
0.9924746158897627
0.02067689315864285
0.01665748879275608
0.33890206732817385
0.32660961678897715
0.3313217293764461
0.004716866468743586
0.00029711549839439577
0.0036149250770495245
0.0049117138459451315
0.008138038084669175
6.87079251359135e-05
1.116224358965745e-05
1.2278778136920465e-05
0.00020018678275890434
0.013557382552029207
0.11229659034362283
0.11004448586888405
0.11037296396303942
0.11131732925235249
0.9992932504942574
0.9988027926260924
0.7632245469518282
0.0071300087246168875
0.0031464040018613915
0.0009730766940592162
0.0004236731247090342
0.0003702223421466755
0.004364489075648237
0.9999998263373981
0.9999986592075115
0.7571235545384893
0.986565274566017
0.999996651519179
0.999381923291919
0.9999974936504943
0.9999937884302429
0.7593820522772459
0.9859429854674828
0.0027552907418588735
5.27974021763411e-05
5.936770885384135e-05
0.0010089559827337613
0.0014165047865876135
0.0037797996318719163
0.9971724399705033
0.4453280064226751
0.1051215646076964
0.027274191653145263
0.0007887860382908007
6.232299046593504e-05
0.0008132565545541093
8.709182546806638e-05
5.115351850970562e-05
0.0034069197296607845
0.9893436601196517
0.9149586954318658
0.04784093215672147
0.0024015035649709304
0.002201550184557255
0.0017335733610009951
0.005338451945655742
0.9735926755081464
0.06440629625281324
0.0017271774663589756
0.00043119716637163297
0.0017228081587713495
0.010312530772010442
0.9985364341435239
0.7683908963193538
0.022222992066434077
0.0001887726509717247
2.5883357435363408e-05
6.013735515608687e-05
0.0011121940247603712
0.0005730600834435995
0.0003864259030665895
0.0014386766817245933
0.00010025123697576799
0.0003181539629547592
0.999339891549624
0.04963171081382878
0.004401629371537985
0.01551335867066661
0.004441290649568885
0.008268535669515131
0.976839943358808
0.08755504186121865
0.015564536439580112
0.0008020592264652571
0.001333981023010966
0.006378421058672146
0.014849008208788983
0.03480591541063893
0.9711460615155054
0.6429564126927751
0.5721547780117032
0.08765557407549052
0.18656665519102578
0.9758165962373455
0.281050749262183
0.2094011117567135
0.2652362877884653
0.9300989553982673
0.9728999981979999
0.990317414151257
0.9690344257865825
0.9939270058840761
0.5590032999678843
0.5177008005413115
0.5469201837324766
0.9479862060256855
0.9703482554431619
