0.9949231669525413
0.9111627543639813
0.981247802352694
0.8362369588368967
0.8287206937546099
0.9962038951859251
0.9955531947794833
0.9194779818087246
0.9179879581947847
0.984658806903594
0.9974413352577731
0.9912093706667731
0.6689616577918823
0.6347058809537511
0.3199427428387737
0.5776842823116193
0.9191266396790523
0.5371179990894217
0.9851080016404561
0.03714154146855679
0.012169212547232754
0.0078840957132992
0.009917310592157412
0.30701304295101933
0.30665278561367293
0.012290077591630276
0.008291730343249992
0.034523499569674015
0.001080348015666377
0.00013771879832913392
0.0017741901987376795
1.9702184342407223e-05
1.0691641393711925e-05
1.97835997701179e-05
0.00031525923229929197
0.00010888368920295432
0.001041320370231602
0.30573950996745786
0.30191723817578275
0.30473603630931967
0.007449742466341547
0.6651895965212072
0.6735446905214036
0.104158114718504
0.031205384557474267
0.026356059943830765
0.6899213226501063
0.6875345312813699
0.6747305061638962
0.6710571423627886
0.00971702678340982
0.017556250012194373
0.12415420276783161
0.006152960150544151
0.0037888520085783803
0.005884575740759423
0.31928775142052107
0.32565246238206974
0.32490952538183193
0.022713305270470517
0.03439311916013754
0.3334835118272836
0.03881649001357652
0.9587449715172316
0.6790257212951978
0.5265985466454106
0.8166646973705178
0.6559621669510304
0.6625341688943664
0.9764137138349693
0.6757829259804865
0.5010379994797736
0.534819326583258
0.06665698766798643
0.049772029113933976
0.04216741843506447
0.9869791665180749
0.6729607365866929
0.6951948604702736
0.9995619894044967
0.006896301779280234
0.005526842988085734
0.002196960607005893
0.0006453488676033458
0.009510850272545113
0.015405277547641004
0.3085525739709561
0.65197683556667
0.6442623890973147
0.3425614027034304
0.6927998606769882
0.005519263805809426
0.002171231513182148
0.004157442222347962
0.003982935241096342
0.007116862042942973
0.02952489984054858
0.8643191069857461
0.4171201867815385
0.14430991759155085
0.004932395296867975
0.013493587836829933
0.31537732365157395
0.5709168552907559
0.01634528038783346
0.004424206173670808
0.006379451055566698
0.10837177486422556
0.49139867077957233
0.9713791902435185
0.8349924093656447
0.0028940631046121654
0.0013944724567355403
0.0025086856330518324
0.9999679082149802
0.9985093848613553
0.9983175085281646
0.9988932269301154
0.9998883095907352
0.9987940414108645
0.002197877351323962
0.0014022113767765186
0.0037307061079234756
0.9997138610201131
0.9993867271338159
0.006454450706916359
0.005191459985290614
0.00961849445276256
0.018882280643136882
0.7737684897198933
0.9789093438624525
0.7149994714796121
0.7511886657457669
0.01965782997190313
0.0022077077545244015
0.004520826673756362
0.0046254269353924625
0.00019215279489886994
0.0009575390869426491
0.0012474638591835174
0.0004909125808952974
0.0012745512259478174
0.002625927450642329
0.004765458612008444
0.0414102571544179
0.8528132577251359
0.9458401647528576
0.9534578007286407
0.9690175834575501
0.057567713905314
0.02685810207934991
0.013225023801630043
0.0008471376692415377
1.928458455121573e-05
6.271981706407193e-05
0.0008793478187251734
0.24596043819349095
0.999510722698618
0.9994883682635751
0.9994378711811278
0.2454364171897531
0.00035381290602163327
6.860557290160328e-05
7.788440398008855e-05
0.0007931523501356507
0.0005448652256117791
0.0026157743510953346
0.013035763208580253
0.9521735437193348
0.9753889944799612
0.9550449179953939
0.1559734786246741
0.0012399088275537816
0.0005774691077572335
0.02760274091631477
0.028061474050551746
0.0011576416285649536
0.22175053974555073
0.20082376344757757
0.10014035184213672
0.8674384379062428
0.9153565384212194
0.0036277276679786193
0.00230948122422141
0.0049571603769551385
0.03640530870919517
0.9803710658937557
0.034953744136814346
0.025204037918201902
0.9807280533966316
0.026820599762670372
0.020594569321314857
0.029603796941303228
0.031550754485251666
0.17023681343514904
0.15356887701441244
0.813473497934645
0.21773870719536567
0.29828815459968405
0.9679761444197568
0.8975202413033783
0.2875001205568924
0.3194443127823873
0.016510241904854926
0.0008016073683606794
0.0004569024777752561
0.0002045095931382468
0.004654477717286531
0.999983154255262
0.9997031732331485
0.10301164738855703
0.0002067816094624586
4.3561575730577394e-05
0.0008577193991708753
0.0006219047693254097
0.000105660593469159
0.009191545536512257
0.9431951869987358
0.9998687102072132
0.9685543044329066
0.002262915130641507
0.0010633367102583
0.07211391456681916
0.9999805862779272
0.9747529803717401
0.9998772534443483
0.9685595255220798
0.9681685258159682
0.9422595108034153
0.07313815036080278
0.020744404412219718
0.03309851329572899
0.9999914387331272
0.9561091760075537
0.9999992073908543
0.009140976236238251
8.532704829757875e-05
0.0006048857037724287
0.0008518858823826524
3.108275776191327e-05
0.00016884955896478981
0.10310355100286583
0.00458384098330512
0.0003918494517698323
0.0009796854916464647
0.0009251990052625336
0.0725246190016019
0.9872584851345321
0.20037842417659052
0.21009664204581396
0.5629622805837966
0.5736868763327636
0.6405625368454888
0.8935740193821178
0.9159231061658035
0.9686524239646284
0.7089286213784731
0.5480506746066581
0.5850820000607339
0.6807706311068185
0.03427536164001812
0.011578375511932935
0.014090926936746006
0.07138864877681017
0.9912265156988151
0.6738005754989778
0.002266135650111478
0.00036446736203833425
0.0002430853226986218
0.06317842127562143
0.067386447712317
0.9789259894438529
0.06829861628538314
0.02638701824946943
0.003585479448709394
0.002682081728378316
0.06764795703894028
0.085079123246087
0.0646055617168275
0.001946811447776142
0.005347775045441083
0.9388100104160346
0.051766329624045336
0.9947384565652935
0.05470643775412441
0.006993802917513858
0.004682993649269973
0.0020056048235831403
0.004658798160524679
0.00807331666059643
0.006504345176119863
0.23112143169425636
0.9364089997171847
0.9358166464906277
0.9358964075870619
0.16661543011884777
0.0013229116197713275
0.047093810569003774
0.0027206550353916057
0.0007055208527045997
0.028011179107582038
0.08549505185520517
0.07869913811967519
0.9998163269082472
0.9840657860163977
0.06114602366632968
0.9300965628850448
0.00899275089256485
0.06273428219001136
0.0026924274003742085
0.9346131554590051
0.018767723417255244
0.0024957143212018806
0.0050515036646882165
0.06086247376704215
0.9997113628671712
0.9996020934462684
0.8980429745030147
0.9087270076267695
0.9992564514344688
0.9913092937065586
0.9980362295458243
0.9366581270958714
0.9158407368482879
0.99468476726238
0.08935032921335503
0.08787594940641723
0.06286028012613089
0.05376026663890401
0.05338255648670887
0.005761864137969441
0.16257860145399855
0.7684905745575489
0.6156924544596871
0.9283876911947075
0.009972227537689537
0.007674323441771091
0.026163418130912896
0.10069543850144896
0.960472733260558
0.3487908632458315
0.19477421840720915
0.8482175835562111
0.16206201182008725
0.14778952086566924
0.8354265678373987
0.1767047317213534
0.01161236729454207
0.009907446744920178
0.004967441802032479
0.01147316630803049
0.03765395935862071
0.9966936451918973
0.03128073447052236
0.029338591187300277
0.0063768256274599365
0.015619377603092564
0.8347485439451117
0.8343344384041287
0.027495374609919198
0.02036769110749089
0.22355427934390865
0.7874222194414187
0.9634929275207118
0.9701721399452385
0.1616996805373328
0.18012431628027029
0.5503176225778306
0.05388104354793178
0.31831273031038665
0.06442630531403543
0.014584952793952432
0.018842971316715126
0.025369024669942883
0.02035937432901348
0.015916571056597096
0.027430553800911105
0.9741956229310937
0.975150245315358
0.9743253663683531
0.973710523010507
0.048100433006738386
0.027492982872696133
0.0257582954824462
0.9953587796078764
0.02915905707494044
0.023570207621373317
0.02681566592562131
0.07781869135853782
0.8709522411015702
0.6669104717234671
0.2674123839761124
0.26432813056185606
0.9762985587627706
0.9187946812785652
0.25250681371776357
0.27473787786280385
0.07290097794011055
0.0005414843366391308
0.00028841470395684076
0.002880862026279174
0.0010183464733197756
0.0012551734250007551
0.9956940011775888
0.9971768174847051
0.9988582225122
0.9996557288156209
0.0027903282174767674
0.0037309876326803155
0.002809370387814469
0.002320897254644172
0.003197416598161395
0.03328479020247149
0.14036049783474613
0.018065620282078476
0.017390386438851324
0.011952353279215643
0.019017825694546263
0.1763978505154621
0.995353095224238
0.9989762335687369
0.9995242390834216
0.004659649633742324
0.0012592338946978642
0.0005161401475891947
0.0004252409515079769
0.9979550889633306
0.9984189622428135
0.007921157459613758
0.019072185209276137
0.14463851863077282
0.9988324221060345
0.9992094708653156
0.9983468598654499
0.9976755826438037
0.1441580961306267
0.02160496576098353
0.009841873950380407
0.9999307248756537
0.9999743265564032
0.0015936790658553357
0.001730290237435339
0.0013108592758056536
0.008152755309553728
0.9933077444328557
0.9928072826286487
0.9918075983180281
0.9961857034798629
0.9998848730549932
0.04011629235321594
0.01446079732700256
0.009159943254666103
0.008280857512142657
0.9810699362679771
0.9966689464240908
0.9948993726452302
0.9972983450431157
0.9975212807530778
0.02888898019054775
0.027377411464722376
0.02245926076898198
0.028410169025864983
0.004045017260809491
0.001313117010705167
0.0038810466340813087
0.026874503461025143
0.999190674280213
0.8210443611908782
0.9998914995326775
0.9999354633753352
0.9942252116552499
0.9535783262598094
0.9996167125727036
0.9922370307922705
0.9979524153070392
0.9984864184176063
0.7823256197913571
0.9993112945969209
0.9997436842238325
0.025807424261007905
0.006872444970754953
0.002815213457204868
0.004302189739154149
0.996621293445775
0.987517491029076
0.9401964294592935
0.9693461036957018
0.07404163542550439
0.0020592617623657826
0.0021366873221752014
0.0010470732409544436
0.0006758969513138702
0.004331702043107377
0.004292524444906753
0.0005901071059023488
0.001756160015256647
0.001622975692631634
0.0020622565243089697
0.14543976223611718
0.8784861247225655
0.462568906171928
0.9956199514415298
0.7685176871569892
0.8747742860209922
0.13405069730777563
0.007653338639371165
0.004330561221767115
0.009859123525163726
0.9980358467607544
0.9752419274410531
0.998873758802574
0.999121451680405
0.9941854967834447
0.9984779853333219
0.9220790607200804
0.9076563575504675
0.7891042811907516
0.9945351380197884
0.00813540064583913
0.012160590101392386
0.9981610291408809
0.005697469699101464
0.00016701133749079665
0.0010954204179289828
0.00030267407256967527
0.02745734161484311
0.00031649289236092
0.0008702261683780298
0.9537554049469052
0.9612500139671221
0.9712333989344533
0.9824006148181033
0.9989329406948744
0.0005225920638683656
0.00022381546557026508
0.027202533154167017
0.3338638999913403
0.6083240152056468
0.058817430993579216
0.05889311764714913
0.04062494464047289
0.9996524041913772
0.0838139498130565
0.08349466135217747
0.999604969291676
0.872406385612394
0.9925487035022889
0.9976618960629882
0.9373097903634204
0.17591200806119406
0.0398764743332638
0.00044013816102612675
0.0003909915190720037
0.05919172218666649
0.057214662966097604
0.9980674469390083
0.7580114846877182
0.09103465445617628
0.3730737912914243
0.37192218049947484
0.9970388574683018
0.004414502153131716
0.00131981540499716
0.001267490188389053
0.0016026357796654067
0.002526815896841483
0.015258470002808699
0.9992976105520217
0.9992914970059419
0.999306217361648
0.015256351251748344
0.0027053093509795453
0.0016162639261335099
0.0006762228507921297
0.0007234675087917974
0.002164876317479125
0.9979183420008424
0.9989530192689451
0.9870010050270046
0.0908626242035767
0.13466780711175466
0.3380240736922244
0.012534308320643428
0.0017504455326644351
0.0015952827804425083
0.002440490483845581
0.014700757597978542
0.00935252062013645
0.7475130454475313
0.7465324159658505
0.7334859663117097
0.14477850525332056
0.1795607625693833
0.2454227441986622
0.29839949278935296
0.9952837879453715
0.9946678334301386
0.9880660466494458
0.9929544150908942
0.9804407982853434
0.9866037384310857
0.9986294021466375
0.9729301651645361
0.8061971285827696
0.09522330908803482
0.013058963615501205
0.20342426019698806
0.21679016712243435
0.9221133203728384
0.9180001253389258
0.816524202169185
0.4552618812105038
0.2682730823990209
0.3543336231174801
0.332204386031955
0.5329832671418215
0.3699897081334721
0.011166595265686662
0.0008291125506372232
0.0006734024929706539
0.0007311384110398222
0.45296131077765345
0.015220778588063076
0.018342824870437535
0.019469547697743214
0.4705698655335401
0.5755278627911401
0.9691107810491293
0.992442442286819
0.11950895648965935
0.07175421426259847
0.5901506358264466
0.14449192297085975
0.45131018841606835
0.10917659722549489
0.20615260811264685
0.8345461166679229
0.8467779802745907
0.8052696921116445
0.843839072573046
0.8490103366249329
0.9320174568171649
0.9977033576372136
0.6087280132472354
0.02761984488610105
0.4524732579911923
0.001945181128780915
0.0002037430029959042
0.5481124973171467
0.45605712886431615
0.0012678001681725726
0.0031965147990934083
0.5505980845346088
0.5477393083717698
0.549920823635906
0.9997209226154271
0.001975810422090518
9.861934636562486e-05
0.0034224565339209586
0.5468958276316389
0.00021341735209338129
0.0020334351743667377
0.45265869570794015
0.0013131138969370126
0.021926834920153924
0.18096708114386553
0.1815708574296649
0.9992887053047579
0.21366934349283906
0.15789709281158065
0.035913377165763025
0.03478850486828683
0.680038086144565
0.36000671425758596
0.5466617352021098
0.9087138141240503
0.5502591442480949
0.01653116109744096
0.30283869484082915
0.30339548649975634
0.002260856157096869
0.002849312463466846
0.007181067168039356
0.35315051824576643
0.009557157727366471
0.3007594836832203
0.0023016216012885613
0.3042111153387521
0.0021607239109984297
0.0012497419763622284
0.003153071556430664
0.0009633904701263795
0.3008273991159941
0.00031188625005990067
0.0018295005671926322
0.005019663110471584
0.00421527839163458
0.6800881061301848
0.6915143241643567
0.9867557055523348
0.027521600238637166
0.007018531863317245
0.3068907113729624
0.315606283472021
0.3075630809624067
0.5175060504116042
0.5060901157538606
0.005504946966976332
0.0011112661734158256
0.012486714422531575
0.6876185318375604
0.2335148615973983
0.9780238200345448
0.5264361957322432
0.6940562079980087
0.9951308544779227
0.5648957872765883
0.5622851177270997
0.9924449359116423
0.9996300574370274
