0.9985273701426034
0.8011343534830777
0.8411357557703054
0.6776651343617279
0.5613506051073925
0.8699598352539224
0.8791579485171276
0.406193076603911
0.36987472561394774
0.9224200944425704
0.996509254441408
0.9755930230782766
0.9073150704542989
0.20141138411807802
0.1825724712786897
0.9887878115134943
0.892081302422515
0.8411385441746488
0.9772979425113906
0.9922433465354549
0.01022108580213621
0.0012250714564787657
0.002983751157720649
0.0010353365330295627
0.0018654930892549881
0.0016664745415868598
0.0007970478879267828
0.00251783092435387
0.07879377937197929
0.12201728394434641
0.08205182508049269
0.9007043101530797
0.010376341400618161
0.0019503652672272498
0.0008983427429816171
0.0012306168801083928
0.7430469659943177
0.7486663717962669
0.19080074758336585
0.08263923730984768
0.09033079814417222
0.17203662835113243
0.20781023649859098
0.11190867236761604
0.7423044953794358
0.747174169423824
0.9985915571832817
0.9960030510346373
0.3502644535162399
0.2741247357440939
0.004096516487567814
0.004116247622086955
0.7578541720490749
0.23480480417164917
0.23918377787476208
0.9249503427455995
0.7594558309476208
0.09276353695649431
0.09236760809669353
0.04054749537952418
0.06410962993929947
0.7711658448543717
0.0022827640081343192
0.05426957636018803
0.9077907693396344
0.7704065044941275
0.03084650886456508
0.0247906004280537
0.10875653487545656
0.11359629627756618
0.11038891108036308
0.10418409243329008
0.10758483400025554
0.10621953468903367
0.10885905296917986
0.07436688103843603
0.0844154985832235
0.02154323288674609
0.9980484591451975
0.999534144375789
0.055281796873955846
0.17031411794001006
0.9690505503767017
0.00974698632081572
0.010732420089630379
0.008134447647349052
0.008049207166439531
0.9836580455579719
0.029231672053340207
0.017222488218780252
0.0207887426219443
0.0005691602681715535
0.0017954863848901326
0.06523690879570809
0.0016711626554918313
0.0005015494393364461
0.14705506723023154
0.9997920361258844
0.0023952002579838982
3.2309792483475874e-05
4.052052288938679e-05
0.00026665041394269284
0.9997728026430851
0.0065326075677288875
3.315040136209202e-05
1.835878196698726e-05
1.6645183293806376e-05
0.0026341387169636077
0.6335725729441625
0.40832558743095715
0.06210733995631412
0.06219381786335654
0.9907450305783525
0.9895046831458563
0.99957520337093
0.9986311282449559
0.9977185472289529
0.999218641325887
0.9666863168244011
0.9567567117494453
0.001390337894301319
0.00012125596040601927
0.017332645918267553
0.5157971379379367
0.49101644961058144
0.0003072785763924557
0.00019407023135353807
0.010252143037775885
0.999994627828488
0.9999999805938343
0.002920022027271707
0.0009409201063433903
0.000972463115450739
0.0006174288246608706
0.0027300060703443485
0.9980514366257762
0.034124946772544185
0.002035360275541409
0.03679387957853142
0.9945078524648356
0.46268609581120035
0.9999993950041035
0.9999816657574773
0.9998855839327151
0.9998871177786043
0.453044520949597
0.9948961905534204
0.040936033641344016
0.007261104319022604
0.032276017498772513
0.9999870239191374
0.002737644494983593
0.0006247203569735849
2.4823206891677607e-05
2.170430058634487e-05
0.00478397874031522
0.9997843904457001
0.010582969068798076
8.695063827146576e-05
0.00031095515821377706
0.006788911235681261
0.025568178216464288
0.033251434235915145
0.01918086178077638
0.03843460560738954
0.017618407403031444
0.010847727719966782
0.001959843971311548
2.1154163202696807e-05
1.406109139523437e-05
2.5851887660577333e-05
0.006304494162253094
0.9999636043639342
0.0005118805597468246
2.589775369055136e-05
3.387627950068861e-05
0.002420122264302993
0.9999286129778667
0.00446615716459331
0.00038371101517331585
0.0017898721128992712
0.24390360433984826
0.6214623257684329
0.8122941075134982
0.759103349017903
0.7773884475766992
0.900708461232199
0.7481664548680578
0.09096051176231079
0.01587915251991867
0.001054024038685597
0.0008150591624179748
0.0005857302828448097
0.003227712099773461
0.01886346733704447
0.9960989576892938
0.9957869477142541
0.995784143585631
0.9967308251752809
0.9999230536503071
0.022660378840802853
0.006353921463759904
0.0007482154214486503
0.00010828111687022357
0.000905004319392444
0.02214888044939023
0.03620592591221938
0.653203783545752
0.6783637559446452
0.7640802714712889
0.3697782715890544
0.0017122835950639237
0.0002961889357369074
0.0018363997086282557
0.0037230162916794818
0.015802823548540568
0.9999524613181421
0.0030323119183809366
4.32118523766567e-05
0.003013744054116918
0.9999713418703019
0.0008431435160802803
0.0006063996107348313
0.0006050938500403724
3.211243604239744e-05
2.1647683693282183e-05
2.7998734930090308e-05
0.0007198116861094617
0.9983135545658439
0.9999382682306877
0.9759038861040646
0.992630095962482
0.9998357956109112
0.02758348465467364
0.02125996847129019
0.019330130066892326
0.02712308457404422
0.9998787476650853
0.9998066255415393
0.6179411893597507
0.615331612211707
0.6203571219672701
0.09019469815701053
0.34688379591639285
0.1881287035543432
0.8128205299827367
0.24421815424561277
0.18649518105249185
0.21431327244283394
0.23677636032266558
0.45793772875980754
0.9993896856035297
0.9989054187688446
0.9698105010294787
0.9677248812535488
0.45782949258915895
0.23691833176315402
0.006990960727139672
0.02908985937888464
0.0015659868942047295
0.010253485194315126
0.0005147409328154495
0.004903318337358353
0.029020636337883654
0.02066465142410545
0.005424804322996524
0.009682899632130315
0.9817405123668678
0.9993943846143828
0.9975575908514616
0.9687284092690007
0.9993514997781414
0.0008851968728058601
2.9474205314072854e-05
2.507848669786039e-05
3.72267007276994e-05
0.0005996235111095372
0.0006095990047226829
0.0008411817419958778
0.9999836036161374
0.003015983629165997
3.9028016449726977e-05
0.003027486936618473
0.9999457699737428
0.017299011677702647
0.002892712648153606
0.0008994544040685781
0.00011640139033886054
0.0020910998759776644
0.47691307084689005
0.5413728746564764
0.9992813268953695
0.005787117517037643
0.00012360853070070288
0.000983728769249459
0.0007833473487830478
0.0041724848474429255
0.7272568535255284
0.024384601884575918
0.0053520942964072615
0.14977762929773608
0.9991106506714679
0.999889051643863
0.999962182423063
0.7734738825563764
0.09901734490697112
0.00592132367698206
0.027263977995574673
0.999993520618547
0.004244745847670539
0.0008785444826834299
0.0009889081758059914
0.00011419478397467486
0.0050842797934835815
0.5926423957486613
0.995869515354747
0.9696144769879801
0.8441200011235461
0.8950331481476592
0.9751429729859485
0.8340586551524656
0.9132201894235727
0.357658926551751
0.2318490235561662
0.9943955169238069
0.011231974282330581
0.0015686342914819074
0.00014828693273727378
4.5447354162786446e-05
1.0054984233121012e-05
9.08879893446457e-06
2.8459594874741256e-05
0.0018148584060827533
0.8116643946755248
0.9993527950312812
0.002233750741521212
3.7680907452153356e-05
0.0007848343920157097
0.00019862290967453955
0.005816738304718627
0.056833183029783685
0.9963750729630497
0.4518781273039577
0.02592575798263974
0.003038187745085019
0.00020467262929901864
0.0017189579514584885
0.003301680015116104
0.0033871706198809193
0.9973658538489687
0.9990227216558585
0.9996641977496478
0.9997289577065926
0.008287983806688493
0.0016437059888164685
0.002371181849445514
0.003911660664387195
0.9917797405402283
0.02083564809212557
0.000637085199633014
0.0016423736664942234
0.005385146956427556
0.0287699667745821
0.9998915829840163
0.9998852690940442
0.020385541588896383
0.011242051269003128
0.02806559448242163
0.9456828257216181
0.9784135774699532
0.1634223812597193
0.010084357625734564
0.03486869836446371
0.035581195939519916
0.0038780200395688302
0.0025118271476330944
0.017831329928053363
0.8370277907701282
0.8663412214625923
0.866221139631061
0.8028698793847545
0.13751568767808542
0.16240595735157293
0.13775637778061933
0.9987216584706436
0.6929820439177421
0.599543687909474
0.8753557351678143
0.9519300579977766
0.7207338258601046
0.734040335112569
0.819472885674361
0.7980590123645634
0.9611482795216321
0.9516027601129297
0.7557665436647301
0.8275966278989864
0.09034033347729598
0.0012289800802837147
0.0014296681572939507
0.0020948962211484456
0.002129386430620883
0.0026077119412057925
0.9998365640227941
0.9998928677654055
0.9999929954992722
0.999958649448654
0.0017941910494135849
0.0022238526077825727
0.0007757996156675384
0.0001626624992275838
0.0009928619047085974
0.03395142459320377
0.6290044104003282
0.6552337339619159
0.12867231513201494
0.04766720280614778
0.1359907223409329
0.9998640770879978
0.919328440032646
0.9828874051538034
0.1432361712561686
0.0007342204820602882
0.00033707526732351667
0.0008231310832754746
0.001364949659316883
0.08257604932475415
0.19280334380813824
0.33896965402638335
0.3376582527415709
0.5359064444410101
0.9700810145235528
0.9999796105825877
0.9373602748217803
0.8672030307394272
0.42010368548216737
0.4322723579517447
0.4071511218959877
0.9995867835686109
0.999475117551543
0.010750699433442423
0.0018264211633872707
0.00014343124561844167
2.527985863409743e-05
2.5461799879389346e-05
0.0009247127783035269
0.0014063290765671255
0.0019346067477473694
0.0024476089705203208
0.0025456217811499204
0.014333781805305756
0.9999845103769609
0.9999994405396279
0.9999995156166726
0.9999950572049598
0.014345575854972314
0.002535296421239508
0.0024369393795301564
0.0019334056067658034
0.001406174824728823
0.0009246261585088567
2.5425827953395874e-05
1.0043346097443617e-05
2.607750551342214e-05
0.001447335820311535
0.010395020782005937
0.9975042214611968
0.9442893145448168
0.9996091354988759
0.9401124822920918
0.9145072609608064
0.9249257295650722
0.9855366084084156
0.9176774866246479
0.9646010981471019
0.9751015351098341
0.8854050182689869
0.9808411083518864
0.9990670668329799
0.03943698644515159
0.016107156203573503
0.02425736418897928
0.025362428988477737
0.005501272574165661
0.005143808561563712
0.004092651777822587
0.02790937688431039
0.9969213194742864
0.001921612071353107
4.815117907552846e-05
0.0010981867036827797
0.007551298665074424
0.9999052903446688
0.9999109308177377
0.0015666278005442846
0.0024188727618272843
0.001771265539325051
0.00021101266604417468
0.004748609170606377
0.02769049733584361
0.45349322217705856
0.9949810760014086
0.05495529462998272
0.003980660159331073
0.00019919786401789707
0.0007862826250869537
4.2723938710631515e-05
0.002226245085708123
0.9999953214082425
0.8114241908038254
0.9998316834153996
0.9999959158133515
0.005710802726598074
0.0024178274246990927
0.0008716783435510633
9.567842094670986e-05
0.002609910261486492
0.9999994697302986
0.9996730816160461
0.0009432878588728766
0.0008015620320598327
0.0009258160530509763
2.509450721266404e-05
1.0061970097230422e-05
1.616302613560716e-05
0.0003272996775410819
4.571080155590934e-05
0.00045496840582037734
0.00020807521462851142
0.08228019866778502
0.999976922097887
0.6091461040537086
0.9999877092994351
0.002792677260302634
5.796166191418539e-05
0.0004946033784299919
4.972266769154299e-05
0.004627770437853451
0.9999990919008994
0.9999999882862204
0.6183859063345145
0.9952916248595521
0.9999117314789182
0.9999130908655253
0.9999545910114372
0.6248614454274075
0.9887448308939375
0.9999954162744317
0.004701664733912092
0.00019493392705927093
0.0005455468196897684
3.745115655440223e-05
0.0027856731551347824
0.9999875148951385
0.6091553599191086
0.9992777793830177
0.08302486183785118
0.00020734811096390082
0.0004543359221315102
4.5354680143216974e-05
0.00032726881767286553
1.6171208002679904e-05
1.007019648269214e-05
2.5095443362932457e-05
0.0009258165509216099
0.0006977495119077082
0.0007211153308287477
0.999999027753075
0.9999990620776751
0.002609197424511933
9.588251960879202e-05
0.000872956631085553
0.0015981415959498424
0.00546657497401648
0.00181014087208764
3.087840284321519e-05
9.067980660693031e-06
1.0053347420213576e-05
4.542212010238966e-05
0.0001357564068613648
0.0015529125293231028
0.0028726739074435015
0.146182630811878
0.1304767231295697
0.621653057089222
0.7745676594200636
0.2091053174357017
0.09147689950423588
0.09017371797315976
0.0051565276567347995
0.000737098149531823
7.7883948892854e-05
0.0013854554420784648
0.005923599782352795
0.06364813083455367
0.9985309369860468
0.9999364467770521
0.9999064738071421
0.9998848794696519
0.9999066521126194
0.06209580517909907
0.005903761937260388
0.0013667464351104774
0.00012634936773814331
0.0007897341504733424
0.002198350079510303
0.9229364544982299
0.012050566725243739
0.012890674328198237
0.2761110646034659
0.011750678781874968
0.0006384954614355731
0.0003622319703648902
0.0006983025790274766
0.00020270828792390283
0.0007216942905985402
0.0003031686960121016
0.0012586711695856678
0.00833058582613222
0.9481176714832815
0.007279533507367542
0.0012098255208541353
0.050409899859403806
0.02227056233226321
0.9999531896664937
0.011979688774553687
0.018199196296485254
0.9998993105299049
0.999878160614774
0.024793211330198184
0.005017970710766373
0.9999798035027277
0.035248806721628556
0.031233145519779293
0.0010135872239170896
0.001538139760837387
0.0032330121293375758
0.0014426246963591405
0.0014180494128676058
0.9999651235620141
0.9999616890077241
0.9997430192960869
0.9935787176283345
0.018613190621239006
6.374265478237273e-05
6.584447715318742e-05
0.0013573260872726811
2.1892253060484812e-05
1.6826263959490717e-05
0.00029751522881815706
4.494212276218157e-05
0.002917334757068457
0.999999965943898
0.9999999247165583
0.9999999987874463
0.9999999993152342
0.002921696212655589
4.050670165300918e-05
0.0002971821290059795
1.6220214722695303e-05
2.129306524489838e-05
0.0013588307552370171
6.58512988765958e-05
6.58902761413449e-05
0.011932982333542341
0.999998117244365
0.9999957392040862
0.9999997107533617
0.0014491712081554642
0.0014554791545866586
0.0032088936939903556
0.001525845225140987
0.0009720148865602907
0.9999290980198464
0.026904114350180697
0.039608952919585105
0.038955844092332215
0.01831264393019405
0.9895623160287272
0.9749802914603872
0.9808317334454932
0.026806239593066605
0.021514046185657665
0.028410060326903408
0.004745988986028293
0.0001559780592248483
0.003366083324343183
0.9996211863535397
0.998037325603882
0.010373460410767699
0.0014575709300115314
0.00043295708746526884
0.0007108796785487703
0.00043750897850858284
0.00061466762540896
3.133661842347202e-05
9.661090395052252e-05
0.00989264303679005
0.9798683926711768
0.9859033602540144
0.9186688421933923
0.10364446933346161
0.0393580051735557
0.017091299623303247
0.012744753095464412
0.04265866019347708
0.9983844452844415
0.0010978196107649385
0.0006547807551342544
0.002500382046831451
0.028226108994439114
0.9903177055921986
0.19479605276291867
0.07513894924836495
0.994906276366608
0.9986633018004241
0.09084764841553472
0.0878035493673216
0.09826229906628181
0.9996563415592038
