0.9747362666705199
0.7215343479381767
0.583668092487053
0.6597054872688367
0.3666828758566183
0.8231485436934755
0.23180237408388138
0.13232985270967057
0.19029410659805246
0.9839008488857738
0.9990849800475411
0.9859673626042023
0.8635510757087318
0.860666443893497
0.598126678828627
0.6857748587399055
0.5255085793922826
0.5908308761101988
0.48572537474325617
0.7587108365279562
0.6741452372493966
0.3978736716445611
0.09142862587534228
0.0014972086586609867
0.0017380050774070677
0.0009833594400103784
4.308010612363855e-05
0.0004453242911799382
2.0393166244470073e-05
7.218911494288882e-05
0.001357145262806947
2.1888804542680163e-05
1.0683659132482148e-05
2.1621094715040812e-05
0.0007807938377685231
0.004180213424491819
0.9974822681331794
0.5377046450733347
0.0003222226652844773
2.781284104313997e-05
4.739194303327032e-05
0.0029116000321441904
0.999692391144993
0.14100795795462218
0.005421313331738009
0.005719754301493296
0.997816125603092
0.9988889316864631
0.9984246097639402
0.999046046530099
0.006719402622462622
0.0064010064979526105
0.1432897255471558
0.011546897692807145
0.008966684550021586
0.010210578960077377
0.00011955705247246318
6.200089366703576e-05
0.0005693862680175021
0.00028581955225004396
0.009369043252842157
0.9886816388784048
0.00029504202946706304
0.0008508918979779345
0.023403471158083833
0.9903781744285366
0.9809565139154345
0.9872789380583075
0.007788545934890312
0.016825136119836714
0.015519298780822588
0.014572235248921706
0.9870147157193653
0.9952090401686762
0.9998196312941469
0.9890195770467133
0.9890147554939808
0.970037739132725
0.9984230950533246
0.9998848080345973
0.005118887525043858
0.008215229681436731
0.008563690229244636
0.006561905616360941
0.022157199422998652
0.0008317836993949612
0.0025288641272046553
0.9959851602903053
0.01682880264288711
0.004145058619811959
0.0021082867706083697
4.536399571719585e-05
0.000108359085379095
0.001397214238669675
7.328980382692585e-05
0.002623954234836856
0.998449523407155
0.98978724094264
0.00217691889104199
4.563331483287136e-05
2.4651115530183176e-05
0.0002651843537233578
0.9899410585841232
0.01657227434056696
2.9694315830774975e-05
1.0845492586897265e-05
2.3727117734462233e-05
0.0026403198670864603
0.6362624501009082
0.41431099045680664
0.07160153426762805
0.061615014527885315
0.980734748555839
0.979509599871399
0.9995637638658026
0.99862538883299
0.9977196571338762
0.999202611210692
0.9670189139742575
0.9571862323730084
0.0013966107155779506
0.00012505617681835002
0.01719035656274781
0.5206821096108465
0.4876104346644057
0.0003207570862884257
0.00020248825603741416
0.010254694026670563
0.9999938519504711
0.9999993270434407
0.00292595725933531
0.0009460600717626777
0.0016208951624427925
0.0010445054073175974
0.004653497505908821
0.9998181416136016
0.9979063759489002
0.05491489183349085
0.08695310863261141
0.9945934954074012
0.5460352223112896
0.9999869259083101
0.9998597521358398
0.9977004648640815
0.9972471099130731
0.41570421502552135
0.8717891044996093
0.2114057887103249
0.18706251876024294
0.995611811318993
0.9981876783047132
0.007041972401386709
0.0023748278769032405
3.385856459481307e-05
2.3279093592676325e-05
0.0054226499121438065
0.9997838622606722
0.010586093562454102
9.293564088330708e-05
0.00032444339715287374
0.007250752650289072
0.02532810614295533
0.03291525352980551
0.018989225065467963
0.03805099040078186
0.027550514733108322
0.011031201796637635
0.0019412852063857011
2.1029186937027156e-05
1.3776661387354672e-05
2.5937970368872243e-05
0.006344776077966352
0.9997929841660624
0.0009923996228415888
0.0007853940863875586
0.000930937081029426
0.011863237976325158
0.9999085735696871
0.009601055784470791
0.0005900840197144985
0.00035612628321857187
0.0007336484611655258
0.00023695628733721996
0.0009147207052969675
0.0531872733622224
0.9493549311860962
0.864014845866204
0.8374998345010333
0.027660598849090667
0.0027186262507901127
0.00035360830750830186
0.000321386042656191
7.974598056093019e-05
0.0023298915305106638
0.017982562600454943
0.9997026971972841
0.9996673758485703
0.9996827138443627
0.9997206108738104
0.999980159142764
0.01831505886880136
0.002472717860235507
8.996222682455812e-05
2.8220842563375648e-05
0.00012102766562649414
0.0023136301764020706
0.021120891780997186
0.9482309376877675
0.9837890435588291
0.8389744514753464
0.3987873829513148
0.0015032766240784534
0.00021934305245130403
0.0016494937132709442
0.003295131803073059
0.015462605326771128
0.9999936422149854
0.003030037122031537
4.103716860148765e-05
0.0030108182960686403
0.999973879902199
0.0008431147139479345
0.0006062532347768101
0.0006030488024689751
3.0151537254385907e-05
1.9609784255525398e-05
2.597243556601292e-05
0.0007178183814003924
0.9983234984228494
0.9999401896295109
0.9759048498087053
0.9926329470532606
0.9998400567518375
0.02759387967198712
0.021265811438687443
0.01934281691637174
0.027121176414368287
0.9998868258761888
0.9998172212375923
0.6185570204275177
0.6159476388744436
0.6209826042086537
0.09028074393277097
0.34634712148408076
0.18711975670698067
0.8124686816984596
0.243302297768343
0.18647727148139126
0.21454485383424082
0.2370012550307421
0.4580936952714384
0.9993980165051186
0.998915760544459
0.969602686165087
0.967539557513733
0.4579906084243478
0.23713763975431423
0.006961704120437284
0.028922148282915283
0.001548157980749143
0.010262018625994629
0.0005148045291036851
0.004898534703799418
0.029022701223901604
0.020670387897018805
0.005427024504153777
0.009683001105520006
0.981735245003431
0.9994073268724529
0.9975691161991181
0.9687268848570441
0.9993511240402588
0.0008720464854146126
2.9149791149207793e-05
2.5031588031354524e-05
3.7130922560968393e-05
0.0005991936275081544
0.0006079352715012698
0.0008284230165600537
0.999996028529139
0.003003041064113754
3.82387202687573e-05
0.0030273044064202947
0.9999655155619642
0.01698798050495831
0.0024861246639372725
0.0007851528107111205
6.054577667602423e-05
0.0014807639406854145
0.45078152442589514
0.5462983269660033
0.9993584762307305
0.005176812380379925
0.00010440764607755337
0.0009625288212793404
0.0007519856010452797
0.004107012864064119
0.7303264653369097
0.024112603121022147
0.0052756866921067624
0.14954910050076198
0.9991169436994802
0.9998946333460365
0.9999664725406334
0.7760195714525722
0.09937031156361387
0.005853466284593711
0.02693762786812659
0.9999948420225231
0.004169710825051465
0.0008371681887793248
0.0009533680577674675
7.448308353963373e-05
0.005157179534383216
0.5838237581930397
0.9998026446487309
0.9921988618559862
0.8404845337922997
0.8954499547279974
0.9986997452326668
0.988852516220045
0.9965459426832247
0.9549311578995808
0.9120731218419019
0.06558531712043247
0.0006093118032456379
4.0538319319050053e-05
0.0005039263047267317
3.1683233702617386e-05
7.181832058034132e-05
0.010319526098804488
0.9955177982674352
0.03071720477746609
0.009521863830998178
0.013027335950302255
0.11837357025572393
0.9959941877797203
0.997928726623244
0.9973032007513865
0.9983088338599105
0.9999250335049823
0.9993163545834547
0.1208609690762853
0.010965545876518101
0.006442340027187354
0.029510415419724323
0.9984329331501394
0.0022029482402551315
6.001871479233145e-05
1.8562145442269085e-05
0.0003194747711808832
0.5407567148090907
0.9969439819694349
0.0016705223656837687
0.0007831049487881936
2.119713593784489e-05
1.0142776711075108e-05
2.3006745544562612e-05
0.0013594743737156412
7.415751614914257e-05
2.0961316754997128e-05
0.0004472034531131097
5.003330035391329e-05
0.0009936200512947746
0.0023257188542119556
0.0022133325700166573
0.27773726490467654
0.003260605133825756
0.05048642395264791
0.04992344677257354
0.011973096327237753
0.008742011017573104
0.999638200856252
0.9997482507667184
0.01796312768776298
0.012664227047849197
0.050603721069606866
0.999042458657331
0.7134171648793931
0.30784655527648797
0.0004633844450590008
0.0005757437770085305
0.0005707199115472239
0.00021630315846787873
0.14664334850297644
0.9991456474400436
0.9990595883059852
0.01124082515305247
0.001546543681848811
0.002255715149598214
0.08736792307095265
0.980548682761826
0.9990158754837607
0.99997174180123
0.9998974839435191
0.01046758034206019
0.021913619175318533
0.999300262339748
0.003159465201970302
0.000383911567059525
0.0012629376083465038
0.00044461433291131947
0.0018427559672082872
0.00027782202938186895
0.007942942616431803
0.913791952057602
0.9420143218541425
0.9935851430481584
0.9935352406086416
0.9617003240474092
0.9847196514177113
0.9837804892561186
0.33188286496455666
0.03025479313974655
0.005951112201277864
0.006944629404142977
0.03442911700579776
0.823201188234901
0.8854713877502378
0.9102000176816515
0.9673546729669988
0.9906733607127758
0.011900438734811614
0.006930217689278595
0.0023966491984336313
0.00081102196694538
0.9811386520554567
0.9926846377595183
0.012790514015492027
0.028831777756533894
0.21120801679077528
0.9898480245204583
0.9933820365668891
0.9948023438531688
0.9907135232642414
0.2143891297446907
0.04450283184418802
0.02760361568139169
0.9995733850127115
0.9992564504915196
0.017672388092983105
0.018190039644655598
0.01437846158205125
0.024516005520428985
0.9493660206349309
0.9365021840250943
0.9304866602568875
0.9791948951403132
0.9978737579978569
0.27695239227811097
0.18796183492533902
0.18288681583754363
0.05660091934649625
0.8180445741045922
0.9798853093845624
0.7783172096222026
0.7977877010095934
0.7892158709841657
0.055334309718790387
0.24973135435626803
0.07931708231255297
0.08449080321326685
0.03459794928167814
0.029162114906845504
0.10655378071242827
0.16143349824568654
0.98230676792043
0.8022908013241139
0.9965683150565181
0.9808899031939657
0.8713424795831086
0.8197520765166069
0.9601035041017792
0.7706687745466934
0.8118167721612304
0.7990109785500826
0.5624087117474674
0.9967256207146117
0.9747762112599349
0.07350816742933453
0.05773281421403875
0.16189978920970394
0.0765111827310363
0.8090869011711909
0.7364437939481474
0.6072490047817174
0.6235571141866483
0.724623734323586
0.2361205582050031
0.5304202086431964
0.46459335827540527
0.49938723139871033
0.9186568813666974
0.8491766107058969
0.3523702005128585
0.506022638278503
0.4527444916968866
0.6491679200929474
0.9493293885683212
0.912039395022256
0.6759329915298637
0.7736035575037272
0.7774788798809988
0.9046385766436161
0.10228152513764588
0.02173910220185149
0.010907269870178982
0.010214116140290441
0.16278404271994584
0.1588858532470635
0.9943094164143546
0.999726482432997
0.08982891284904304
0.03782689808124595
0.00841194616775831
0.0017704171061001528
0.004068246140584875
0.9999840263910968
0.9995053540378713
0.0009510811589624746
0.0008012176524744286
0.0009279509600077507
2.5133724955606063e-05
1.0063830280127029e-05
1.5903764664870756e-05
0.0003220338120033528
4.5684353321751026e-05
0.0004549676197649344
0.00020808243207370847
0.08227962138651057
0.9999768893935954
0.6091418273597771
0.9999877093807714
0.002792688093629092
5.7995527194765195e-05
0.0004946033480139889
4.972287923399321e-05
0.004627794683798148
0.9999990918999746
0.9999999882859495
0.6183859192724552
0.9952916009386829
0.9999117315774158
0.9999130909664448
0.9999545911147939
0.6248614091118734
0.9887447341550355
0.9999953427349098
0.004701736446734217
0.00019498383162652733
0.000545620251866552
3.745174010127972e-05
0.002785675404127552
0.9999874997276397
0.6091511165631387
0.9992707968088042
0.08303128150816352
0.00020735535392490956
0.0004543358638581241
4.5328684433965094e-05
0.00032200342591082176
1.5913537757872298e-05
1.0073136464172627e-05
2.5529892585529623e-05
0.0009426108967011126
0.0006930061246143149
0.0007157626191270916
0.9986100075036385
0.9986025917436089
0.0028144265415049885
0.0016985519262289195
0.00855845054424964
0.011109947263256092
0.004174022833425273
0.8454602168541377
0.8476980321628913
0.8546454739581676
0.8572313053216348
0.866400603183288
0.021037435089347745
0.1347470617659381
0.033115948914059
0.019079841884186655
0.14279953204932028
0.19704319299504658
0.8838891797924263
0.8482001470207368
0.021847980539270617
0.017392426147582962
0.1500340407102143
0.051860797422797256
0.2328748897705697
0.9730902231767469
0.9894648758968663
0.9764865706834567
0.9852564648190688
0.9922274576893079
0.9776794665617603
0.9896611732589387
0.9884674332058606
0.8527865689172885
0.999250672224148
0.009982471474147991
0.004420012667617157
0.00722325042672145
0.0004290409508560522
0.0004146105207190054
0.0005234035326679987
0.002984449456132743
0.9995452818874536
0.16084331887534398
0.025412634385566513
0.8455198689552805
0.06863959680073761
0.0008269794047698342
0.0015817223504889233
0.011401105296693692
0.14689440599550996
0.0005427999120330984
0.00028372792312902906
0.00012976581660861797
0.0004002464459447186
0.021517482797623555
0.9991937205040425
0.0548506362032799
0.010174286206154903
0.01760439274264225
0.99966495267445
0.9965503595779546
0.9287789010965424
0.05493828736498707
0.045654576611858566
0.01361377693693977
0.007008032303464806
0.1185593148023798
0.9823486462358958
0.9907419695276286
0.9897553841793993
0.9843923817534298
0.9767099975936009
0.9714028949453105
0.9532139948075053
0.9751537017564599
0.18401547173464883
0.001055017664072122
0.00013211114567923676
0.0013804838126150187
2.2967751741043152e-05
1.6761963674838398e-05
0.00029283102771449077
4.4926936804690065e-05
0.0029173532700311755
0.9999998682539001
0.9999998380365028
0.9999999200128666
0.9999999164026941
0.0029218573649235635
4.061383339459823e-05
0.00029253560059261385
1.6137631226875726e-05
2.1463194963544652e-05
0.0013672186065052383
0.0001123571066589113
0.0009964631010130898
0.05024983172383124
0.10179045278447518
0.011438823165264123
0.01052936863727505
0.001169098039826011
0.001914013358917721
0.0016060096182546335
0.00012628076898191232
0.0036017663295931923
0.04649557936622706
0.9952451633232379
0.993771785816856
0.736825130448748
0.7589603563132767
0.006344346020169311
0.005185031735673529
0.0026439694231428224
0.9999803342324318
0.0036497350411582863
0.0006368055573807707
4.0205087743938606e-05
7.579416833214392e-05
0.012585641155213101
0.9999989659988984
0.9999909895164432
0.9996877995780769
0.9996779533080513
0.012917525139377384
0.0006183184431393096
0.00013164598202286548
0.0006223615882510192
0.0036399320166609073
0.006230542740545686
0.0003295027606073919
0.012746653227879157
0.9984838354102106
0.9853842401505504
0.736660345824335
0.7542198255578572
0.04799941576629907
0.0027077915032553967
0.007027260416588077
0.005692245155017206
0.0028839371760935872
0.0013546533548118855
0.0020484224837112874
0.0030282323365202757
0.07546508627881188
0.7218957624035117
0.5109905809981548
0.6983881427965852
0.9035052267270696
0.8637853334216238
0.8375799798590376
0.9651420465483385
0.9838948407495386
