0.9781114679956302
0.5481091094638672
0.489698068611575
0.26973574518965426
0.6624983523424863
0.7619437636640015
0.17496044014256648
0.20605008031640198
0.8212574737239979
0.996935138612175
0.998212901498365
0.9756670910693328
0.4293751537259141
0.4008590046567105
0.6205084252572336
0.8489258961528146
0.6563429569194528
0.5442719891802276
0.5516758651393177
0.5933597067295142
0.14254949534215516
0.0466453340297735
0.5320257808041153
0.9096804156175955
0.39957788084024926
0.10406332218935689
0.004719212537615347
0.0037598433868612944
5.69904148027267e-05
0.00010136181990996195
0.0010018721804210262
3.5372058766014454e-05
6.440059387650131e-05
0.0009452137743870103
0.0003826277886550766
0.00011919081348247262
0.02254784066014368
0.9991097384218157
0.99997887463534
0.9990994565423752
0.02251615731323231
0.0002710076693289709
0.001276195103346067
0.0017273490242848408
0.0008736944394665213
0.0008249767873697799
0.0012152549478479878
5.886413964184544e-05
3.459904142297798e-05
0.003755289738811196
0.035487926333362806
0.1315064741592319
0.06511410208880425
0.09015391625422334
0.05952407916057771
0.04276821820103167
0.001049309325587977
4.3305625470413384e-05
0.00021796947704618707
0.00010498541127773597
0.30103336035154515
0.300095123867623
2.0328619273146664e-05
0.30024013931188503
0.999998423075525
0.0008516182309672326
0.30028408716130717
0.3046247054806592
0.9999770950825513
0.9999981146622701
0.9999980627971148
0.3113931224477185
0.30023811401968614
0.30014970784659534
0.0020998659814408845
0.9930047243525542
0.9998501899042185
0.6865304475538105
0.9897638857786226
0.9972024736136291
0.005681464076929932
0.006691055914979548
0.015376784287518963
0.014863961684878557
0.013140301468263936
0.01231300014041159
0.6999033981282813
0.5076823968967366
0.30967308207773175
0.30066771947049553
0.3008543812820572
0.3000488143154934
0.3003686849548857
1.752467729119189e-05
1.0928050700809154e-05
0.0005941290966030355
0.43967658391174264
0.5108293079642063
0.4393376226649134
0.1402663780345032
0.0594718005423672
0.041904991424626635
0.18391835142026347
0.9878499361888144
0.022527442183919444
0.010234131359524567
0.008611262499021444
0.08722327175529664
0.9469165062974922
0.9956046521239021
0.9656913436811121
0.0051379127902824945
0.005816306230962642
0.005168655843804403
0.997375895996294
0.9965712004270608
0.9960752299064703
0.9970106027295853
0.99975824951513
0.9979224381627851
0.003503643262476619
0.0020170475003686516
0.004770206951679434
0.9966724812805374
0.6852914945040852
0.2720231020708928
0.0032685767542689034
0.005077053235792384
0.3704287613678798
0.3686055171214607
0.6418227437264823
0.15811164907867847
0.6199548968432731
0.019214308837967917
0.0003866790350322224
0.3193705923010072
0.31952892350834766
0.0010652523822658577
0.0023713318353302034
0.3192268141973075
0.010269065708119062
0.319163811870814
0.319995815903371
0.31992451674829603
0.3584987013667955
0.10049172906796638
0.4193048532672291
0.1093177112654775
0.11331255651605579
0.9277902744304043
0.9293145293235043
0.48387234402377255
0.5495913090009849
0.004847117266095279
0.12060262275195527
0.14442252718656073
0.9956719024523235
0.680993287765063
0.6703020237991731
0.5367742257432824
0.5430840454298252
0.5610864801182567
0.15043838404890736
0.14668068171762066
0.15479393900260408
0.327607119931799
0.010656932884493986
0.015264023896842248
0.08086422840243546
0.6454142303324187
0.6390179046174982
0.155246603533385
0.30391667964145463
0.0015984682200744337
0.032986102478367814
0.033772605126305186
0.001183206645498902
0.18046588015461726
0.14695547297588232
0.0613876334087125
0.8895533479096185
0.9411202644595169
0.0032713529811148833
0.002089641363939698
0.0044435954962991015
0.02772119308044243
0.98839063094599
0.02496718675641546
0.020697826758304935
0.9887420110270735
0.02118723187892243
0.016393866956288417
0.023444395365310098
0.02817938017773649
0.16210717015944143
0.14840760562035923
0.8197156574369695
0.2184361286144978
0.2966174868531306
0.9693703819092199
0.899379363138741
0.28800086095375055
0.32039479266566495
0.016714756297995192
0.0008216467539277849
0.0004835238378367523
0.00022209537888445705
0.004671463279801879
0.9999830038406596
0.9995080070192577
0.10318119540097394
0.0002433866803113971
0.00011099295295615707
0.0011139497894253835
0.0008655847269231964
0.0003427369476583175
0.009425622576824055
0.9429798071135005
0.9996477535034436
0.9684069970381104
0.0024822579087615646
0.0010667901255262402
0.07210334507298426
0.9997549563546604
0.9745408122326844
0.9998654006584349
0.9683509365873906
0.9679623925053717
0.9420722962673627
0.07333565094006357
0.02096028459745588
0.03329990245907248
0.9999848602516241
0.9561244223495677
0.9999966636116322
0.009395680649534843
0.00032511116074250833
0.0008652204842113153
0.0008883636410512706
3.097500678765907e-05
0.00015459684513356996
0.10306236429198598
0.004573153379044703
0.0003712029695976837
0.0009547009853957954
0.0009010651031829186
0.07185252331457184
0.9898533084362389
0.20043114141325294
0.2104088846954446
0.5631798659317946
0.572197866454711
0.6401658289553119
0.896043649014215
0.9193453938255125
0.9706145181579715
0.7097887892553485
0.5481083697438043
0.5816190794224062
0.6803554164520704
0.034549395757577206
0.011507058068276621
0.01403261403083229
0.07025568103753264
0.995059403370754
0.675106642190336
0.0022668082835994416
0.00035634894567235784
0.00023343082625241205
0.06199082661508391
0.06358666160852985
0.9813738224181303
0.06714431707145502
0.026538661940725114
0.0035699772013562223
0.0010411334964558815
0.0648264949349625
0.08229493832961071
0.061837232403112036
0.0017955074934582148
0.005188009792344927
0.9401446483389102
0.05193245891225246
0.9964066112139081
0.05482873640374048
0.006952671274227395
0.004596370606320532
0.0007499677755949729
0.0029102713044696915
0.006462265193553185
0.005942302845102076
0.22916364221704524
0.9391594453245864
0.9385785297223199
0.938656086917568
0.1673359141735379
0.0013227921229122862
0.04656504752637666
0.0027051393929080625
0.0007030701318595511
0.027975476744454972
0.08476181255475022
0.07599795759005407
0.9999457433527776
0.986177129913381
0.061282783762394474
0.9327143924725996
0.006924804052294397
0.061989611044130914
0.002679614474321801
0.9373986513724282
0.018767732372757417
0.0024640493926763817
0.0030150258269496908
0.05992107814935579
0.9997332874838016
0.9996279619330402
0.8981680181959424
0.9087348279733785
0.9995426339578721
0.9922306948802948
0.9981086263604011
0.9363854357021002
0.9176154815577995
0.9966972426116789
0.08508059372009784
0.08547852832763449
0.060426648455215747
0.052954417894437944
0.05261984958003998
0.005415919858392659
0.16354895692010957
0.7705961985795735
0.617136094885075
0.9297460674076616
0.009655035046274007
0.007185775601808197
0.025429957404098744
0.09760907824893372
0.9608788170606375
0.34883061192761317
0.19341438011055956
0.8554872523849668
0.16227053775948608
0.1468965878816098
0.8394967792080716
0.17853234059492287
0.001615132290726251
0.0003095292109814185
0.003236809725547751
0.009254831444066924
0.029974886666386244
0.9998073762123925
0.030074182597089757
0.0276800537021725
0.0035051007225251115
0.0051725346432665905
0.8896145590884097
0.8904063252231507
0.02457479225647906
0.024543403453379263
0.18136614902841114
0.47061992959515037
0.9584222447597168
0.9678968073631586
0.20619239945612863
0.22911945715376528
0.17213117360287827
0.04086210556786865
0.02313917198249362
0.006789180297128383
0.000263667709575921
0.00024315822396560048
0.005955418592782813
0.00261457759690481
0.0006177747708926207
0.02397957400883246
0.9998199717629961
0.9999412994356676
0.9998975704738324
0.9995476510615553
0.0242399205359608
0.0008220014933986385
0.0025058544309211946
0.9998196026054982
0.005888602233997075
0.0002608573562181138
0.0003134428287497326
0.006883871363056026
0.069359482552416
0.18088470926790073
0.2591193710449414
0.8724370570765636
0.9883142330343289
0.9492308878523594
0.2871664292413555
0.29568148404455924
0.06611618717612935
0.0005068713450601558
0.00043390922013628595
0.0024752264743299057
0.0010079420414005336
0.0012822376569121218
0.9980215758670137
0.9985418894938054
0.9988851767652731
0.9997059521362532
0.0013779062065177872
0.0017041066152747586
0.002079462386081454
0.0015983592574061567
0.002155561383362037
0.033589622864166176
0.14671516042750632
0.010073041384495218
0.010396165194309847
0.01392465103235464
0.019731614021820353
0.4789275341920552
0.9816680397455693
0.9992369157091097
0.9996652527057488
0.004487680496709123
0.0010630838752587412
0.0005182172514254456
0.0003551854024997136
0.9981601361252994
0.9984602385747443
0.007887794217304367
0.01904143878232407
0.14465131271440704
0.9990283878869466
0.9993579345716015
0.998396271270382
0.997786285252023
0.14399489987613784
0.021391161125778633
0.009633502158379036
0.9999349251225995
0.9999765215610006
0.0013465568649668302
0.0014772924396449505
0.0010828242646159225
0.007862973549034669
0.9926199371663627
0.9919816151968603
0.9910996574327542
0.9961732260814076
0.9998600646238303
0.0313357700853994
0.016252518991972807
0.011437207332912857
0.008763191355817023
0.9896050112179098
0.9984774294639882
0.993639638996336
0.9954613390595088
0.995064919282797
0.017694508764144412
0.01948834539860228
0.014390044769384668
0.020835467391778315
0.004216301869549654
0.001877697471819728
0.005259971289945098
0.3279425166351489
0.9992660541560519
0.8213566405354165
0.9998964271109929
0.998589286506363
0.9927479558316816
0.9521477421447742
0.9981154958460601
0.6902350050981769
0.6969727664512764
0.6971415470320343
0.48143776826462414
0.9990948170999692
0.9988599051732956
0.02486890068198323
0.004296048741155955
0.30369059247318486
0.00448889538345667
0.9939203435817536
0.9905160018729942
0.9816968089734595
0.9870515471120385
0.36047423124636085
0.007263772213348596
0.3113304988767839
0.008191973609876101
0.008403220470209548
0.31570615678076713
0.31688806071876896
0.006263582608698337
0.009977240533772169
0.011144459398683559
0.014042142455308859
0.3743135472580843
0.9772452713118729
0.4449536855962018
0.995327599783552
0.38604460483174924
0.35820200509900757
0.41771915942472304
0.1642505600137765
0.4197568290171734
0.26565643659401994
0.9572270156710383
0.9542960281436133
0.9995263168059112
0.9999878080050622
0.30730578250372903
0.004809922415079326
0.002997421013055168
0.0023235394200033397
0.003990444131959736
0.9995234104255342
0.9990613989162083
0.0006611939703426994
0.0005750066136781084
0.0006530893954632133
1.7577487759146137e-05
7.0430529041876074e-06
1.113258461705735e-05
0.0002254236434955037
3.1979044804286705e-05
0.0003184773330471069
0.0001456577023657979
0.05759573497088458
0.9999838225812847
0.7263992791549452
0.9999913965665324
0.001954881665404362
4.059686882129654e-05
0.00034622234350798473
3.4806015514388106e-05
0.003239456278621322
0.9999993643301122
0.9999999918002702
0.732870143490629
0.996704120657139
0.999938212104277
0.9999391636766246
0.9999682137804562
0.7374029863783201
0.9921213139086114
0.9999967399144629
0.003291215512564194
0.00013648868214665154
0.0003819341762949291
2.6216218052943494e-05
0.001949972782870557
0.9999912498098189
0.7264057815934395
0.9994895577667202
0.05812189705038768
0.00014514874254942798
0.00031803509942107677
3.173007528972649e-05
0.00022540238374728626
1.1138398392884773e-05
7.048851809909883e-06
1.7608691379511487e-05
0.0006532827258323715
0.0005014607827862006
0.0006156924560661414
0.9972650351152479
0.9972572841227911
0.001823541079895685
0.00015248502653426586
0.0033750450829002406
0.0014507731605932217
0.006435897051754102
0.09451141686272627
0.11890931303739706
0.09284867306417915
0.09502934970732696
0.5691491801283757
0.5185003071552207
0.2523485310821953
0.4818698760571555
0.00622154315798169
0.030398471822430228
0.6869307874037107
0.8978420981939523
0.12774567138578719
0.0005427366281617773
2.7090175453292618e-05
6.072505276402129e-05
0.0003596261488402641
4.3271951478174305e-05
0.30153785387022725
0.348859236391489
0.5887965240566614
0.9738599863123161
0.949887795968057
0.9496847913575104
0.9166392069072415
0.8734097507278376
0.9844176146511785
0.8180404991851804
0.6771765431287602
0.01985300389625927
0.0034168104961902032
0.00421984398555909
0.31582830251957433
0.00803871930980089
0.014541308976717137
0.6999891326719392
0.30446843767155984
0.30034271279233093
0.0025372223749218544
0.011353688349465362
0.6998947131980298
0.9998906910472922
0.00464464823094286
0.00022587940144703776
0.0008892181308061352
0.00023302368020093888
8.57656477853963e-06
1.588445631299784e-05
0.0009588441949403558
0.3001826577175759
0.00020861613847679149
2.3004099526358067e-05
0.0009781178772441002
0.7461962339535597
0.9451132614728415
0.7766886623514415
0.49600673197797246
0.5826008805609754
0.8036882375300123
0.7114491702555887
0.21199696269282692
0.2826498219147484
0.599929932028809
0.9863105814606612
0.7753054358376925
0.8272120615539007
0.8679771833243299
0.965901136909699
0.9792658356132673
0.10028560811244158
0.000650842283036912
9.264372295010314e-05
0.0009681109487342464
1.5699563563087435e-05
1.2004832113854391e-05
0.00021549335943322754
3.535936075556023e-05
0.002046012199099445
0.9999980084763327
0.9999965924811729
0.9999968764144678
0.9999996836097724
0.002046598192294979
3.471463720871037e-05
0.00020518823159285657
1.1354385177153592e-05
1.5179677733734296e-05
0.0009610452413919556
8.763290031806869e-05
0.0005075514060460362
0.03584313619852499
0.36763733669900023
0.9452610810913447
0.032191435444338376
0.0031222193726270996
0.002361392813495289
0.001389641928598717
0.000578059172943457
0.00502608853693911
0.0328149116959071
0.9985596505590344
0.9952856015789797
0.8129608304855991
0.8283861762272748
0.0040012807434280815
0.0032551288495423435
0.0015481302253091966
0.9992420990290856
0.003419978127776901
0.0012353521970543957
3.23230132402208e-05
5.312124012419872e-05
0.008910212195516354
0.9991316414920086
0.9991257455514124
0.9991228852855374
0.9991231880175329
0.008704328890107749
9.851285005855192e-05
8.660432488059033e-05
0.0004365163190101162
0.0025512336983263273
0.004337825149980645
0.0010932627903448844
0.009423367150260141
0.999219382088826
0.9900255692892324
0.8170505202880569
0.8295437971839974
0.037943281769214784
0.003364648321575214
0.005725014900794067
0.005162027266936642
0.003418190961285006
0.0017657221402413213
0.023222039488480638
0.8100434110184798
0.17721769063730708
0.6938254967533027
0.6748997692944432
0.9608366830725164
0.9859437063407281
0.9646563552111236
0.9530048194197707
0.9758243752770213
0.9877563514347645
