0.9963685083894185
0.5978287252383898
0.6256752598190409
0.4855368362331774
0.4924370074765728
0.9792415491701121
0.9752108985191421
0.8931517325308611
0.895505691617744
0.977917588283054
0.9963852499472079
0.9931502089670932
0.9370720469345621
0.3308190864166062
0.31228219746793573
0.8304388024987779
0.9170244367191451
0.062238490713585
0.027115853710219892
0.3770599245642903
0.34300234331803764
0.0036640360639669466
0.011532771012261722
0.03317929447476302
0.02932715902646412
0.029788325343212015
0.024870303590037345
0.14324500894226927
0.1639378399070997
0.17677467901134009
0.2732864317933869
0.33208522724174405
0.9706067866519055
0.297485971989086
0.24489986643375225
0.14499288150024248
0.41962326678346695
0.3553850127952971
0.00234170922054443
0.03600026037243387
0.018871583878212847
0.26820544633667504
0.6983679213024879
0.4752542149214263
0.3977909699652871
0.37889672116295076
0.5474379884860485
0.5996854457463117
0.20065376544779373
0.20108776883266608
0.39841648638012767
0.4151264523933921
0.8269104497077182
0.004153950210578605
0.0032598223154192804
0.004518635457829389
0.0005204443296055183
0.000581599946908029
0.32894420235796956
0.004413856075574751
0.4872877568776466
0.18820787985265858
0.025201375717113537
0.0512635602359494
0.8523721196845031
0.2633010658937904
0.662442446048024
0.038775902315190874
0.0037071614151618078
0.008563900510607502
0.19434324405756848
0.0030427134664605003
0.7999822645912597
0.8030819892412866
0.8037356065827823
0.8030910085237473
0.8501995626372179
0.9442262235367829
0.9954283563699093
0.986890604487368
0.0719152074781191
0.12734841391168442
0.0353850590076413
0.0037755005530773042
0.10246131925967597
0.17917943325488456
0.00979267267670587
0.21906180725310953
0.035811633222732696
0.01745354365867022
0.17371438674988207
0.004136226641767049
0.005203264502212279
0.15051989991492493
0.3202934666452371
0.3174486920448771
0.7531107162217997
0.9954803475910867
0.8332327890682809
0.41681265090570807
0.020098072052546854
0.012333175467998347
0.543678165387347
0.42470052127583263
0.2887781592964113
0.32174417457797005
0.29860548900647854
0.2868414038746042
0.5547054812888755
0.5789249824515618
0.22385272260015243
0.5793360809290142
0.4247066474367104
0.10764221602766698
0.5567811712212642
0.33647351069492054
0.1693251245780871
0.38974211936662106
0.9964025986075249
0.04779501007800726
0.0022283482557852174
0.005026339747383334
0.013481646391335866
0.8420772012133166
0.3015100033738416
0.03799658192801949
0.026904817292615
0.023264715055490978
0.37164496223717003
0.6413969036710339
0.6965168026792895
0.9061389722252455
0.9463288198102529
0.4681010889360523
0.3839430640561885
0.3958995724182193
0.044602770880617766
0.013784594996291998
0.01573976769600489
0.026271612819849688
0.3585352358462231
0.39486484912718944
0.3642659892593282
0.0036050953024019945
0.01858485007531728
0.3847367980553557
0.5222344725620612
0.5420668505787826
0.22317099038011484
0.029035567989869348
0.07489834159624027
0.006831871930756305
0.0025205206361099686
0.015845902302046088
0.016175347798881856
0.00937150256014586
0.2564645937996991
0.9994794156605749
0.9988740554374627
0.983395896163531
0.2398687603709234
0.0008779103150290179
0.0002274929261166014
0.014397051325868824
0.002500286865547363
0.0020347387053026742
0.049489386941496266
0.056184612843982705
0.5767949683230014
0.46862740890067905
0.4985971017374866
0.14857512430156225
0.6240116597886194
0.11370287816466165
0.11696741022366668
0.1046180070325242
0.6579634582174646
0.9141369174510627
0.7234907370591956
0.6019128276232746
0.6430741677995749
0.7763857579130793
0.057632005969396854
0.09230235116094132
0.2255455117589603
0.8951484749866696
0.5180289594922587
0.8682877116176486
0.11727957134387533
0.06692440302824658
0.013866089734042807
0.012330707166402843
0.030058213940712494
0.014109949343600303
0.02574882883719097
0.9917604293016844
0.9706047793689321
0.9694381511255907
0.9908673698817745
0.9993594977019129
0.029630806877956536
0.006615566282312046
0.00018941968632169015
0.00027840012790601997
0.019749796831557406
0.019478331132307156
0.014439249427285927
0.7160652147920903
0.7505111489840613
0.21775642216843508
0.10718093788696902
0.0013036718737684304
0.0006996925631053363
0.0026051394312634588
0.005219824853624233
0.000778705921519196
0.019235681264771664
0.7809556946584431
0.22502441751199478
0.009715865174603544
0.2572872173619031
0.0006016309394636377
0.003337829385949631
0.08311961816970459
0.7419270247324992
0.7408681237652314
0.012422665805287591
0.2615627993236897
0.2605693928616873
0.2592407965514871
0.26487823161765556
0.9678248734119927
0.9802442080911651
0.7501156521868677
0.7379663330949341
0.2588776786891766
0.014673130071086947
0.2553270943281966
0.25648948845471786
0.15554659341351973
0.7994883004416081
0.3924055028784401
0.2538207746627035
0.8231842870873913
0.7838706283308519
0.9517320046783819
0.7064150453938887
0.783545992023625
0.06591629920109152
0.07396370263475066
0.6257394757318888
0.26325301181740374
0.48418367400073226
0.462199016342726
0.4774109234276857
0.35954236898046843
0.7962687150962613
0.005105928495969169
0.008285559506526784
0.0013651545150957344
0.004530016870782205
0.005542844903222276
0.7390355508100213
0.7574340572138665
0.7560757037225107
0.08454309405622745
0.007175009614958993
0.24557818743683169
0.2538438465668744
0.23807739355467394
0.23625154296729042
0.2638637946251373
0.2523333518166714
0.0037027340330271882
0.0011973077055703494
0.00026468062382200007
0.0010390461853619691
0.0033142151245802885
0.008113052558564838
0.5472155965157656
0.07156577638271962
0.05726991963134936
0.2757112421933072
0.17986492725910935
0.14170226519162787
0.5417761503212535
0.16126544802261128
0.044393833759621214
0.6430016940956175
0.8026751710673603
0.21244324804010822
0.9960787866855842
0.003302762749602195
0.0009628251371099571
0.014283158223117197
0.0023519818971497906
0.004015436898230984
0.7990674286483412
0.017406976752168155
0.0038854061366321853
0.10273023319458477
0.9849541482130808
0.9961298473165141
0.9982585604012206
0.8338669605395594
0.07057516282717655
0.009003875563081442
0.03637396533443066
0.9858280876122136
0.006694825873227572
0.004917075348330302
0.002648140077654648
0.0015422953396210136
0.016721142927838314
0.23453106126974596
0.9919520707789986
0.9865213039000083
0.31543585878255526
0.3782669814273658
0.9885484385566452
0.8405686020993948
0.9885865542862182
0.9573567614539715
0.9153309734569073
0.8185585205098493
0.5294893163018917
0.46073837087793884
0.5828794885091311
0.42102288012239864
0.6782726341015848
0.2837587079685768
0.19885325995842196
0.17424812810099324
0.29939835747333177
0.26244096395226385
0.1324144781863904
0.1466648251877659
0.12366655070792289
0.20661074300867607
0.6882508199810392
0.838117162637394
0.15669742058196268
0.22074174350223835
0.21935618751937
0.10230226136946119
0.8148917980000763
0.6790818097802176
0.3290967108802612
0.13348812440952113
0.13697182928712812
0.10308086275242546
0.7783635142318515
0.8827261189186795
0.5626754845968996
0.5793922112704457
0.5260468718943473
0.37636452922647023
0.04439296163213488
0.01618472672659499
0.04549330080703753
0.5515476024583658
0.5410161618644932
0.5829302301959155
0.6044219459247674
0.5905481970433724
0.04517101395208573
0.0747626455929348
0.03433018155166376
0.3800264007217605
0.9713036019780943
0.3067045943536084
0.2363307502904716
0.591620379375811
0.650492787725754
0.07179004493228541
0.05346667753965953
0.042452468784817315
0.6161421335317481
0.6576653439145357
0.6229004127434916
0.38802143696049624
0.3655652603548057
0.36647423901614656
0.34859853231648297
0.9570660616514459
0.4589266322845094
0.4179207649939022
0.5179093994179071
0.54912772909976
0.11386329164320377
0.07385493252106684
0.06910064632502215
0.10900088431419791
0.5085018916323416
0.6313380848338384
0.39546939596830627
0.6582248963137054
0.4505989393888712
0.1783127934941155
0.5355527065946771
0.6135293459126947
0.10266408896702421
0.1543523795016094
0.08598685635666571
0.1308454168865444
0.5265617790497085
0.9452582152801774
0.6209237990331343
0.5735566027718667
0.5297234037004472
0.10289649493008403
0.09785564592399303
0.07945895513668919
0.151428933978858
0.08161910635520536
0.46846706166207913
0.36119970870420043
0.46689137851986656
0.9385109944297338
0.9485948401251345
0.9944239794271037
0.9296765561506635
0.46646761480620763
0.11183512758482236
0.04563189843756424
0.107578118782787
0.11134902873888258
0.11661736942407024
0.06823784837051816
0.0972788105696348
0.5867857330647186
0.9523882464711455
0.9735345189374562
0.9568966856481653
0.8120475232153483
0.776086984826927
0.9198090782210366
0.8737131607866735
0.9747924060533941
0.9996204780111846
0.007961148048022138
0.001496811657463415
6.930821587419755e-05
5.488898293759536e-05
7.148757314512366e-05
0.0006599504956818492
0.0009909290073880416
0.001360261205237967
0.0017190975691724563
0.0017857255967934193
0.010035386783381905
0.9999856416857789
0.9999961408053719
0.9999983090901261
0.9999963868694952
0.010043151869233479
0.0017760356758684812
0.0017072549337619368
0.001355145173480543
0.000991434851404771
0.0006585494534258495
7.031245975054334e-05
0.0005313848075484406
0.00010722099358529968
0.0013436128622092425
0.015213909122275647
0.9865977285575036
0.8912301946761274
0.9199920469778757
0.9018814403816842
0.8325018432489975
0.3640098984745455
0.46205393918900645
0.8693088405335103
0.9622186786790901
0.9717415660290873
0.8445790565796389
0.9633924264283538
0.9479060809816062
0.3470963513890233
0.1656723230532339
0.49056745500706633
0.30962283258856754
0.6622221411605423
0.5911852890776357
0.4544857906471509
0.9018960967108569
0.5183690687806719
0.04134551274804301
0.03119348762570726
0.016462541943871433
0.35086468963676876
0.06253328801109138
0.39649364816818566
0.03809003950295714
0.035458503415994144
0.37736648702026887
0.04323637263057947
0.15659252925061778
0.04401955947839048
0.00033547545513296084
0.0005329810373469911
0.0004504602398812118
1.4708809305308267e-05
3.703366039475853e-05
0.0008007999163510581
0.007691800276748605
0.004129853782166026
0.9996985641520977
0.2923394335729271
0.9986907923430497
0.9999984540329285
0.9995643395461187
0.9999809412796574
0.9983931600919678
0.9999477086350703
0.29618354274021574
0.9999939800045567
0.00480835704318705
0.002783734455377129
0.9999797519908371
0.000816564223275984
5.911592148746258e-05
2.6125500738982676e-05
0.00047782907607241126
0.0005554859766843667
0.0006476570904857648
0.03912835008590316
0.7081884612478344
0.4434160776668524
0.5632396131725904
0.5414902581983153
0.2350832871906948
0.11473465062693074
0.4850974830134581
0.08561648603298808
0.7436306194761084
0.00461268173907271
0.06030497630187064
0.06082106382916323
0.060495809198998024
0.6443120708329078
0.35777641470194166
0.3385805415944054
0.17648851180283165
0.0968858814891218
0.393135665318541
0.9473739321739532
0.05079176412685629
0.012221324126235788
0.012496403335453475
0.013312961400220702
0.03207632378368636
0.44996903908542085
0.45245946607027565
0.9866857538334302
0.963730911847628
0.668175278124606
0.7078940656506894
0.18531674252934102
0.06948220844122749
0.2631919032452927
0.26828840367299894
0.6558939415585952
0.814360936441705
0.9314800591342383
0.7159295381519155
0.02365746832450283
0.0005817452629726438
0.000737939730773074
0.01580785025998218
0.9597565784688311
0.753409400353712
0.366126731586273
0.3606953057829861
0.06582469200026014
0.34977441763442874
0.22159995547227887
0.21622970764385419
0.2480902385148764
0.34106505788713143
0.574118481050452
0.44833794095628066
0.2820304271510259
0.48274834457410853
0.45046102016414746
0.3583630551626612
0.6515326360443545
0.016168214930315183
0.016692401370839893
0.029209014921940134
0.08072596774431451
0.9857882380988356
0.9034300661958663
0.9566985045106338
0.9810159852411084
0.044545107771577795
0.04847967491755369
0.04984625043060853
0.053446334543388735
0.12447403875602263
0.9913319144265162
0.9294684695558542
0.9292973488776548
0.9361155954053595
0.0042332917263925955
0.002142189048367771
0.03040385597199754
0.0021350941538592957
0.9699288829224952
0.004328126619678352
0.031174443376174785
0.022428600130016317
0.024836542521583658
0.0125564047051381
0.9815540831310252
0.934245773044436
0.9478159627835046
0.9436504001047381
0.9462409145093524
0.918185163080167
0.005876114792462982
0.0017381672278659166
0.012377977548450447
0.008415264924300968
0.007054843916690079
0.9461198338751329
0.9985252847894519
0.9962702304126028
0.01218362537269988
0.019102820241508764
0.022090984233699484
0.014837891852753181
0.973992499978404
0.9451332548666462
0.9531643808886388
0.1544244126050968
0.08274528487317266
0.06643536829045421
0.06545056351248743
0.0780138866066497
0.9907400855671609
0.9993498891351138
0.9121468346232167
0.8324930287980683
0.006138781340151244
0.0003972354652338694
0.00015659486302731506
0.12003459563588162
0.34241658523966456
0.28048458633360374
0.2141972450831029
0.5360852689092087
0.7771618273342118
0.801228718917699
0.8697961304563291
0.3312206127631489
0.3126980163672007
0.43819424273662655
0.3565739414360587
0.037274675839084954
0.0064440495433434886
0.311214926640414
0.32056342015805117
0.010582707509912836
0.02408860794114943
0.020115049201921118
0.37853959033994605
0.26185837619284813
0.31052965862853243
0.49428941855433395
0.48235439784475703
0.3044003283183396
0.3300547722163209
0.7372243341686496
0.8318164067545142
0.7226675370253977
0.39354742057621
0.16640253801799126
0.10542050786177129
0.03817690717182534
0.454816225951404
0.43062026765202344
0.43157525080516707
0.010949168191951807
0.004945124714143012
0.3809598236285897
0.710187967138032
0.42295391708817226
0.380643724283743
0.3811697402955355
0.052497386148566236
0.2664700956414916
0.6911072989288842
0.423945879382195
0.353844697503412
0.004274626488989008
0.2706965098459449
0.297514804015376
0.762672344972541
0.4691561041826683
0.3833829971755186
0.36170808159030593
0.020095809635317097
0.015314374411266051
0.4516563330391826
0.165927138357751
0.0020407649283453286
0.0015300855955283188
0.0028819256418208036
0.00457914036716105
0.046998740755565926
0.6584643188939219
0.8293367596528161
0.9916065503181011
0.684716978894366
0.5831552998687763
0.5801679685264991
0.9802811663761
0.9944285103514956
