0.9948804600621018
0.98493169665596
0.9942083561236119
0.9949189837211725
0.8748307658693948
0.8377764929993781
0.9370628168789499
0.9780939012551644
0.9385218328112074
0.9864899564754743
0.9955122513779959
0.989958198242526
0.9429439852720028
0.8927323026558549
0.9625545760185865
0.7343492889744465
0.9745390858387899
0.06869607286546908
0.006478893786986628
0.0037305736585170335
0.001629078778408899
0.0011513652985799538
0.009400321389497646
0.0061203675158260085
0.0016578950906065426
0.0029195303668195782
0.004331846546463902
0.03512184330397594
0.0014393606595626274
0.0001245220720097473
0.0025248215483824055
2.3711217446487076e-05
1.0850133677853258e-05
2.1072138802757934e-05
0.00044725768226039353
0.00015079366852699394
0.001331999137034079
0.0005439578728896333
4.769128392290156e-05
0.01058892696373448
0.030259829927358428
0.9899798157632564
0.9994250152989661
0.989657555773777
0.9861803559043144
0.9749658579699643
0.9046909141134665
0.012347928337059
0.011054006499270352
0.011985858121452031
0.003275337070381079
0.020700633475037145
0.9901001795691287
0.9739788545319588
0.9266423992043036
0.14145384169840602
0.00041705545397940913
1.9087160636921396e-05
0.00029504042609884706
0.00014686526207841055
0.0013697079961130232
3.1130580691707266e-05
2.0291820777229574e-05
0.00024456587000043495
0.9999985480912117
0.0012020344005182482
0.00030678466104328006
0.006523452694619514
0.9999769939692076
0.999998159142495
0.9999981766042709
0.013070178241243346
0.00022744622117287783
5.228220185637955e-05
0.002961542883317181
0.9996090726113852
0.9998911614048833
0.9975360200495405
0.9997837246164414
0.9998922332618758
0.006699785009025572
0.004437475116404799
0.0019410202626712891
0.0006259406939647105
0.0016143195315735381
0.00500747055594819
0.9989786789433149
0.03070446255180148
0.044200891828569566
0.2012721520182006
0.8224368328252157
0.017579163993835745
0.0017131692823129097
0.0017869833434268623
2.55351545013216e-05
1.6781456326886435e-05
0.004682425438286564
0.9999999714662029
0.002476542995899167
1.4820418943184421e-05
1.101715806295367e-05
0.00026650352952650724
0.9999889075953342
0.006305268019218824
2.6902063267830734e-05
1.0598013022389274e-05
5.359056636866644e-05
0.014116712653263863
0.7401115186038043
0.9945702202266489
0.9949325546323038
0.9871940727731137
0.9976056759695937
0.9692750999088373
0.9997949923565232
0.9858419393291932
0.9775397920532267
0.9849962778445306
0.22614456988388454
0.006872259176833984
0.0009193247591514631
1.359698165348533e-05
2.0356660852316466e-05
0.0008457216126993572
0.0011902431808274994
2.1908696734240785e-05
0.00015578851786934855
0.010223717995466508
0.9999999853122384
0.9999999880044533
0.0029199907290422544
0.0009409870392941277
0.0009693408584682262
0.000612775316668035
0.0027000357693767185
0.9985920624510175
0.029038296929972174
0.0013233549689484203
0.04186878349031864
0.9974661196224005
0.7325651796604264
0.9996028576171831
0.9999925929229445
0.9999468628533866
0.9999468599793427
0.7303936014086625
0.999592200453806
0.0415054352777845
0.0013884778588223456
0.02768301379531546
0.9999937482126878
0.002699083614865816
0.0006155658405115894
2.47934769308511e-05
2.1705924660553322e-05
0.004780843272256141
0.999784804280586
0.01053860495317227
5.608474220697435e-05
2.1955510513982368e-05
0.0011891449372024576
0.0008446084403531673
1.881873275466628e-05
2.873846867901264e-05
7.816400709781401e-05
0.0015452220247280657
0.01968786664752753
0.0008322413957194685
0.00013733397811610537
8.001045030125997e-05
2.7606809123725817e-05
0.006294794011179827
0.9999809318893486
0.0002855094647019607
1.6588476331458324e-05
2.1262183956816116e-05
0.0024646866591016003
0.9999998135612396
0.004151590033572572
3.0163470132293924e-05
4.736200326183049e-05
0.0021570354028904726
0.002028330370487219
0.028623672861297522
0.8613831991710579
0.8226916148962973
0.8676631374044084
0.8497616505480349
0.038205100345173104
0.0029558545502326172
8.233043465311063e-05
3.528269498165315e-05
8.40570449001099e-05
0.002440577768993979
0.018086314650816226
0.9999846939115908
0.9999616509576145
0.9999757413202182
0.999942703178126
0.9999734529286733
0.018143119585146583
0.0021877353417499856
4.215587792588682e-05
2.6868537558621952e-05
0.00016419310726911718
0.0027968018377815262
0.02025751259260755
0.8474617666270441
0.873266368340911
0.004077924644688924
0.002150841834317796
0.0007063353976629605
3.341759514619014e-05
0.0006814407147028856
0.001757051686926192
0.0001539931362545266
0.0004933136326839005
2.694542897929697e-05
0.001361688662802396
0.9994858689595267
0.9992028603137523
0.0059692454801311134
0.043940338523394185
0.9999999904994528
0.0020925770267313792
3.820625433037517e-05
4.809961751572889e-05
0.002583752199667444
0.4077655589075563
0.4520863192292953
0.4332723388698707
0.9581541634553068
0.7325917813191416
0.6835210616028498
0.9782894962946284
0.3655395736559863
0.027845722749180957
0.03738570429455834
0.0384235791145463
0.03800190504087542
0.8800687244090825
0.3617248653869173
0.3487018733932675
0.9934907551690231
0.9954490053970743
0.998155002633399
0.8445935822609593
0.962643733435248
0.038407156858669245
0.045671905424923276
0.6659041138063806
0.04116583678707697
0.3251851191820826
0.3060014491243598
0.3258294524414037
0.34746999723706096
0.9607186459198869
0.11099052922266006
0.14094612500596138
0.41126248939906906
0.01857727461873515
0.0024899310496616645
0.0004936637314897352
0.003515814579672427
0.9999922476629483
0.01087812992408066
0.00011461423859882025
1.0487369082157194e-05
1.123260205715404e-05
6.2246413651601e-05
0.002446532695522863
0.9709340476527555
0.008358262903005786
0.04147175499325695
0.004660891134109502
0.0011333456355128169
0.003580633825651769
0.030106963720763935
0.0027006439525217862
0.00010841225007696131
0.00029513959608029605
4.3850351466923065e-05
0.002895865277101617
0.9951795990841653
0.07969252934908555
0.0038166082894371955
0.0013057792413317948
0.00022920818348903804
0.001605835786310239
0.006746888793844996
0.006771062266945793
0.26663017022272373
0.9999966204235441
0.9999515001176784
0.9999966498874394
0.2619246761456281
0.0016632458076192291
0.002674524307830106
0.0019149782492683398
0.0006179493013692694
0.03140215713583594
0.03878745571895503
0.023030827083764138
0.9999999968519012
0.9999991908059467
0.0028124566521119387
9.842602471499262e-05
0.0003237170983841908
0.00011077868293385418
0.002685466256981406
0.9999032081846653
0.02864612738576844
0.0034923759644653884
0.003016922738933836
0.005145232964406499
0.9999988696675839
0.9999873596326344
0.8574057486965059
0.8716661866210691
0.9997794050946404
0.9980099865868167
0.9987576850632902
0.9056342644655311
0.8818468926534501
0.9978814037356581
0.040132598994891744
0.04086743662143477
0.0016813016727225127
6.436263526266028e-05
1.0481545124840785e-05
9.608341813183152e-06
0.00011491579759914661
0.016791470918918305
0.9940670450130407
0.9997650355231393
0.0031207865469770057
0.0003320273886019409
0.0023516945606623096
0.017038372355683618
0.9958696115046377
0.9954693754799852
0.16693795280872614
0.14181185163306054
0.2485737167416202
0.01922601764151155
0.007972387609594178
0.004418790984355936
4.186077939560828e-05
1.9514413746146708e-05
0.0011677162211187753
0.1955728087902443
0.9991718181881633
0.9999997285149507
0.9999951725163337
0.1955734242625664
0.0025020955897107067
0.0005072015903641036
9.942603350365786e-05
0.0031927046398133596
0.030586660036121982
0.5212863117539983
0.9539000488385992
0.4345871063536374
0.2339209153126377
0.16667108703002098
0.15937315584631995
0.9973516076530435
0.13476008946901197
0.04119915329747226
0.011954790257655445
0.005300909722612435
0.00013530085186952423
0.00019493925970703874
0.00834802763543463
0.003650528007529852
0.0008178912959142526
0.034216880915195036
0.999829754708256
0.9999943921646346
0.9999946426768636
0.9995204955497067
0.03456889484016046
0.0010969656370111158
0.0034958277213064104
0.9998550425658678
0.008287060451484973
0.0002524520752592574
0.00013960643278110307
0.0053101958807647565
0.07957301502044822
0.0982315267402104
0.17909117429587507
0.7628037705740685
0.978991516028783
0.9990014167631638
0.9586625539767526
0.9581765675854177
0.08785226069049745
0.0009052105473478234
0.0007883670810475696
0.0013967745489484873
0.00166603476300764
0.0021527449034530743
0.999940838893941
0.9999945130623387
0.9999972912778012
0.9999755164541919
0.0016344178803573417
0.0016930329176902958
0.0006335770659559037
2.6730956221521218e-05
0.0004634538006386135
0.048309579083318455
0.0023773716158892455
3.1061175951863085e-05
2.2312829125681333e-05
0.002277383417718548
0.9998723150974369
0.04398884269284431
0.005309682044002839
0.9999835883040179
0.9999994900157831
0.0008506370893520687
2.594849993875492e-05
0.0004933829279986091
0.00015947929884063683
0.0017571235418468723
0.0006777911169121298
3.0281100908191583e-05
0.0007546515148287858
0.00373314420944848
0.0060565147834779065
0.9999393585527812
0.9984422984563786
0.995338343411951
0.994370914093866
0.9989616795976473
0.997095527201144
0.9986782894374618
0.9995565049247467
0.011863352601899857
0.0021026080624491073
2.7617640638188945e-05
9.132115294296916e-06
2.513491562383674e-05
0.0009244805375372422
0.0014061134087938187
0.0019343862938221434
0.0024473888850014003
0.002545425102322807
0.014333732027591695
0.9999847240700983
0.9999996607816064
0.9999997368313318
0.9999952765424287
0.014345585108822778
0.002535077548828313
0.002436736607944856
0.0019332044093595124
0.001405949072931345
0.000924384577148718
2.507723996958422e-05
9.042175961759824e-06
2.899294829639132e-05
0.0015066406942391142
0.010182581219908782
0.9991032584883108
0.9105518031352933
0.998250542474318
0.9980233263758107
0.004707984707651436
8.21163549307169e-05
0.0004958932863297072
3.938159851002432e-05
0.0008469410974188962
0.0011922669232455885
4.342600264006791e-05
0.0008495784720591315
0.001087228481444713
9.339868826852005e-05
4.535321941057102e-05
1.0486132607900878e-05
6.768562474179785e-05
0.011875654718480178
0.08597810717385534
0.5927577239597775
0.8596828369964595
0.9996948793388084
0.0021254464480029434
3.6237950842843425e-05
0.0007834126604377989
0.0001277096193854632
0.0010836325582243012
0.0044943149743008615
0.02429048590605909
0.17329002692283701
0.9982436381606944
0.999998893454202
0.9999884175341065
0.9990222640022784
0.17278750583693236
0.02402544571134979
0.00451021155663156
0.0010660244698880161
0.00012839604096459567
0.0007843625535363108
4.530151322046372e-05
0.0021731398425586246
0.9996151156525186
0.9990734945108418
0.9996454247317941
0.9996227435930555
0.3819137603997631
0.1756122032695323
0.032844998851550455
0.0014224315198274606
0.0032857102287572326
0.9995542623333529
0.9980676578052167
0.007631020355685192
0.024006108221697575
0.9999936925810088
0.002121023842217018
1.335936000923521e-05
1.6563403981151303e-05
0.0003221946615578064
4.5228306292721676e-05
0.0004453744715323671
5.1721752957312184e-05
0.0011030382671304295
0.0011552932939801197
0.008701900162318865
0.9999991063467711
0.0030285557804401453
2.8563385751079196e-05
0.00049255386458813
4.898546450360364e-05
0.004626534170649399
0.9999999082481074
0.999999998998744
0.6183795606569125
0.9952915213528818
0.999926296432884
0.9999278090300175
0.9999689653138417
0.6248686551720216
0.988758390599094
0.9999974841000746
0.004684356734618311
0.0001793647363661499
0.0005261783505942086
2.8471148151409942e-05
0.003029368603900462
0.9999996188091695
0.008695845962380488
0.0011585984537976213
0.001106071561980282
5.172174181367062e-05
0.00044537454344029115
4.523866753636252e-05
0.00032199110556352384
1.9178091063443148e-05
1.5380358363570323e-05
0.002112728479688686
0.9999955333390737
0.0221601301902844
0.006708130238955001
0.9995053037549534
0.9996100113730865
0.0037862695718006156
0.0016285492295824433
0.03325531651053848
0.03465754093150186
0.0031734335905485578
0.05712963844786889
0.011244251747139944
6.80038648336323e-05
1.0594862366875013e-05
4.545763488505994e-05
9.339868839930432e-05
0.00108721065947881
0.000849560454907583
4.34954167456425e-05
0.001192232846404906
0.0008469053592479181
3.941955568120825e-05
0.0004947777195584147
7.912421108624557e-05
0.007388188432304488
0.9977230301226906
0.9984201324823364
0.8524997711117154
0.99120635396484
0.9887546810178774
0.9923932118591314
0.9838361918206199
0.9744547372134226
0.6411337434954135
0.5379166437540011
0.5188673697398667
0.7107216698851708
0.4979682294081319
0.47826195116256387
0.00648705899728208
0.0013714302366416575
0.0003527800405899173
0.0019180627508043058
0.0023085997973125716
0.006937807741607571
0.9999870384444339
0.003203819536270691
5.375498326243289e-05
0.0001957728450081575
0.013103703765081187
0.9999461594837916
0.999925110167003
0.006609502136704859
0.0002969473184188942
0.0011930454569856197
0.00025829329224125175
1.0957779353115704e-05
2.1508063688169266e-05
0.0013687454693025458
0.00014686325674961864
0.00029476578331921743
2.0635431349669275e-05
0.0004127545909430319
0.16601949034036445
0.9767919265457089
0.09228596063874384
0.11385631948462704
0.9998753115331146
0.06688425768337625
0.047514108725191795
0.002637072061770218
0.0021671727043471867
0.003713693948439456
0.0017960285739655468
0.0017189517265169263
0.999895472014856
0.9998745456761369
0.9996622980478101
0.9935603550406896
0.018721488951665477
6.394057656278207e-05
6.585463310815332e-05
0.0013573275125596806
2.1894589717352808e-05
1.7163588803215113e-05
0.0002939952101496113
4.6181424690483475e-05
0.0029173269847005967
0.9999986991797551
0.9999986570830386
0.9999987461544467
0.9999999990301747
0.002921923224377898
4.174768745401902e-05
0.0002924044005214732
1.595999016501537e-05
2.1293649027476214e-05
0.0013600950653013255
6.712774359018958e-05
6.732621402749661e-05
0.011943736563435059
0.999749969742652
0.999746839755181
0.9998144578992071
0.0017981230853937324
0.0017437908027210236
0.003542733120145858
0.0022066565457589116
0.001428744973267504
0.9977022993699622
0.0434729413330196
0.07151631616497456
0.039617018026590234
0.019223517523310085
0.8789120777971854
0.015705859472623596
0.011518382488799994
0.02580885512459452
0.10645619306831833
0.10794524948275908
0.0013844216440463963
3.473527062036741e-05
4.4485174273578565e-05
0.0005428459201881619
0.0013350532368697765
0.00015127859757013695
0.00044968418664315113
4.449759380831253e-05
3.340139783869489e-05
4.641562431217938e-05
0.002464768027828357
0.0058353263322531435
0.00592709180638562
0.9886605595053024
0.9999852488182892
0.999301949760282
0.034496404389374624
0.005267778439778437
0.0024646259796184955
0.0017460871019245872
0.006472241036265869
0.7388409217294881
0.2711074380434476
0.0018773647354473066
2.86108355338488e-05
0.00039682520952677436
0.0004241349518585569
0.059477208931702275
0.9783872061662584
0.6748098642395994
0.9982284645841133
0.9715228253912322
0.9986628442605391
0.9168474493400597
0.92750483768715
0.9546700995642335
