0.9707151340220118
0.9728290942828959
0.04549504304028118
0.0039024880078304403
0.0033322576814016625
0.014753210373838033
0.05905827325884472
0.1941139309310027
0.3353982290530184
0.3879724962708978
0.4302721484543792
0.02806553283572666
0.008554698307986719
0.009908169315226423
0.006626929773268064
9.591396954977682e-05
6.760266218797106e-05
0.016894890281442976
0.19675491595008765
0.9999344452912602
0.9999324859555432
0.9999329041289461
0.9991725587373619
0.19753230920734388
0.01702996709637128
0.00019900949882301067
0.00020934650908710495
0.00018978255981261238
0.002359695508654114
0.009612724510094539
0.02416769366271876
0.7315752760416612
0.7417856744741169
0.034911028903767405
0.014680496674695842
0.00041480779574165627
0.0004668350602570204
0.025333696861725707
0.340770152883099
0.9999850338177831
0.9999892211740474
0.9999616740786329
0.341271837403024
0.024806310414442367
0.00033910304769935173
0.0004796091136270997
0.004163130793175873
0.11895979738529283
0.8245298370503515
0.6811599865736971
0.6876839976019888
0.6973307942811329
0.7083073523829129
0.8069600781428673
0.9621388052230497
0.854555019490912
0.8084869792806315
0.860842243643859
0.025504816228929195
0.005106825144354121
0.013630148887571858
0.006369032981263678
0.000554173471117192
0.0003873008066156425
0.004569443990121602
0.04621563543777851
0.9995876157258731
0.9999342217377836
0.9997013467227143
0.9996134320807744
0.04595036868672597
0.004272273204682375
4.544806697592829e-05
0.00015045094299037665
0.18374513725627561
0.19624475487142068
0.21316896414159647
0.04538237067316864
0.40889481847341647
0.8879197563200105
0.8179389052620948
0.6802321221508321
0.41388632331076425
0.39877753122434
0.5579918153647201
0.9363906416077201
0.9460071907028638
0.9628972326310737
0.9694383820650085
0.9679506451166981
0.962870789239807
0.026000631607366098
0.008183548882624514
0.07411457697120416
0.2907697742076524
0.16085465664052856
0.10313095951852569
0.06755979381491672
0.08972677419567232
0.15928906759279193
0.9684628744636472
0.9348603219416337
0.9688540350837161
0.22950816800042317
0.08794056845819442
0.07080271504299085
0.08738568099955524
0.23718499717301778
0.9969630935269151
0.9954325310349111
0.9970880823780413
0.06041600263298763
0.012034863899457737
0.002380410383583831
0.012169549780305933
0.008941892048855982
0.35893100579587367
0.9813381659847943
0.030293761248170625
0.02765760066126277
0.9971665832138681
0.9973772967909208
0.999201362859383
0.9802524236716577
0.008392869086724986
0.011082264568667677
0.9775573237828579
0.3578211686845022
0.006659502377553306
0.0019976492051263506
0.000485094839660527
0.005379357177490496
0.06207621631416904
0.9962636941022972
0.9928114788315455
0.2924800754208776
0.14093482704158455
0.0075391350516542666
0.019585297374715926
0.12327995409733195
0.8323799390901092
0.7804233616144254
0.9417076626179344
0.7124718741970213
0.6190601085309299
0.913080037102329
0.31664626372184357
0.0755021428027095
0.01653727661747162
0.005730385785694403
0.007356756368999573
0.010321754804423433
0.015360235438625636
0.07997060459995864
0.9978323877584802
0.9934005475391815
0.5996917803183348
0.6427884795700323
0.9986201634049633
0.996092451470657
0.9922545296371369
0.0074303301223497265
0.0026895619116522607
5.4553413394220485e-05
2.3348880788143234e-05
0.00032211485312194643
0.04384169339606303
0.7660788609663497
0.9997696532345322
0.9998475353293894
0.9997757910130741
0.7660944399664892
0.042546209404767166
0.001518856289910886
6.101806552583078e-05
0.00018125655239775718
0.0011367561264885584
0.003192089868655823
0.9740534479512888
0.6091057704714615
0.5659877612078839
0.9705858327275061
0.9736077463681558
0.06329742523271265
0.02596419751150547
0.008356120740977468
0.0035354228822521705
0.0030665318133507036
0.03910271594600201
0.08574828335745699
0.1867585937275198
0.7557112746022001
0.6716505790562508
0.4672641851018138
0.1359980760184608
0.06053769353323302
0.06303247446195781
0.04232273451217072
0.07797047322855266
0.9723190346084525
0.9655931419369962
0.13971331828146083
0.13871888658885512
0.9173613184480364
0.13831195051012934
0.08134850405425476
0.779301910083118
0.038950997785743735
0.18694851507712118
0.18643409600353644
0.2758936306568037
0.9499180276804968
0.18118775294968703
0.06265454042798657
0.03636287364136748
0.055574394385916714
0.06043803766067768
0.06925289727237072
0.16183284686286792
0.9867940860647124
0.2274694792627766
0.10328401781599772
0.04188037787398158
0.028708504768138465
0.003211236182221966
0.007139959332380319
0.067504240026382
0.9593656275846489
0.030164534439242607
0.0016749949931312846
0.040720537185442995
0.4689246677265334
0.14967086924553097
0.005864912166599789
0.0013286587918602821
0.0013160085126504573
0.0051732957822663295
0.047870351886585394
0.5228048605087325
0.48648024606705376
0.008331248793829849
0.01408320805252028
0.13974615860042738
0.1300658697668865
0.18525435600771012
0.01291763511597277
0.0008075759971614138
0.001206143146020966
0.14819376754705182
0.4032700473070149
0.8366881451549368
0.5218382829746384
0.11268589913044669
0.2534249166436279
0.8448886756608649
0.8318366755768546
0.01951103428722889
0.18961303237025695
0.19065355388334737
0.3016098144941458
0.9320697247010812
0.4176878150177413
0.9979074830484147
0.19154670502440785
0.014075392482677085
0.009675562403056115
0.014912791384792623
0.9992984012682622
0.03278533984816834
0.003951365878065771
0.05889405873994469
0.9997947134026779
0.01053565922686217
0.0013893081146207908
0.0011069959682474817
0.00021283001036720428
0.015456035243549882
0.9999961806366217
0.9999972336568775
0.9999903381693138
0.015454200812966556
0.00018806968889906184
0.0012304509063505442
0.0013938923370649947
0.010628742527717394
0.9992162237876157
0.05957435984955406
0.004274106988200743
0.0322609821491493
0.9993409585190555
0.9993139203321684
0.014488006640013484
0.008629173015983094
0.07447996210942875
0.26979024540499985
0.7487002940594072
0.8381566866230331
0.9432319428079842
0.8851997246892589
0.6959582733054406
0.05912945010941195
0.02628236871789602
0.1828812604210449
0.007402294494918582
0.8072134465723095
0.1241613964791306
0.19288470236819077
0.17987148870663872
0.20044625175959485
0.12056877298870328
0.12061519494414741
0.0072380926254456135
0.8738918089915955
0.059758149121637794
0.12550115479613788
0.13500908575882675
0.9924349648881429
0.014102339931651553
0.01912065254573425
0.02207669243973953
0.05003824844547178
0.003211136988909624
0.0013284777084386912
0.0015704232073261437
0.007202219740723437
0.14993145316367829
0.958171164597951
0.4289644394767327
0.0009157365665184436
0.0014496689981117195
0.0288044538048311
0.9586926887986643
0.10860427719238086
0.03896972169321489
0.03283008960362532
0.022121139208081897
0.04796101886730264
0.10536531155964013
0.22175109248682745
0.9930100806051103
0.9833284639453683
0.44678490275874005
0.27912635414012954
0.32006439338643977
0.4898955211827798
0.9879963918654943
0.985653995096956
0.9838423749676825
0.985558244598711
0.9883252605030465
0.9857784941381501
0.9882553460090382
0.932363553460978
0.9388808648181612
0.9812534188341479
0.4884064874482271
0.4124371261637729
0.41378720720182194
0.46110330527126364
0.9728726717671108
0.9914098813294668
0.990119235938618
0.998636873399857
0.00502297730094603
0.0016978625042886053
2.630607298370613e-05
3.026961543561857e-05
0.00025880862210081457
0.16952387649530087
0.9999581428219663
0.9996735930093708
0.9996622596557387
0.9996531802316434
0.9999870749665006
0.16959958291810295
0.00021378698361307347
2.7154396820994187e-05
4.6336094224330715e-05
0.0018613962137487006
0.005180520042350478
0.17818347258072298
0.09869883445318339
0.07898973991600888
0.04507777677248104
0.03856982884743576
0.030983322360913168
0.10564561674727724
0.8762862387024084
0.953710181940083
0.8024087698420752
0.14452125651489978
0.1036190152439348
0.19770517092064133
0.1512917249604987
0.9502586333014578
0.04558033005821294
0.09237789851026879
0.4259727771904175
0.3512445982209468
0.0029806373834854183
0.0011396971829362723
0.0008731607320747736
0.00031966269102656764
0.019531514729665966
0.9995294056005867
0.9998616618075162
0.003542126828855907
0.001642340555262245
0.0042865798847769865
0.9999656837385563
0.9999219088977424
0.05620142977945963
0.6242898215712007
0.9658863432985957
0.002756985586244376
0.002574512641077664
0.005732570675518467
0.008513462187721643
0.058667716753429744
0.005835566034480877
0.004267549078856736
0.0018885863525379687
0.001222579565586468
0.014230920085837706
0.9986476441879032
0.8480468458374046
0.1238864264983287
0.08382595629074985
0.15483063504702033
0.9950898435839515
0.08415948705482856
0.014923204354197916
0.019447183412231284
0.9988780760646817
0.9963933308443189
0.9962257096989788
0.9923678847901023
0.9978180829809137
0.017271541499993992
0.0165336767162938
0.011073900858066588
0.005489947513704907
0.010686135109235328
0.278061554538368
0.016924325679450347
0.0021026133302097794
0.0020716789419953363
0.0003386825466041854
0.005826805116099676
0.9998396827561058
0.058623102018450446
0.008461440194604042
0.005527497491535027
0.0022087560141514917
0.0032165840845919114
0.9997489292880999
0.037303128473999636
0.6128853212748716
0.9961757591098092
0.004479624448741615
0.0019083353435829231
0.004069098055853204
0.9992388675421763
0.9997400997241325
0.019039422550097385
0.00029475839765835676
0.0008167428648411246
0.0016060994082647273
0.0036309812791590623
0.037796681852163894
0.11709843609505077
0.6248343521107276
0.34974863283185276
0.3528868980783356
0.18142064442918082
0.0438248127351597
0.05245775987458812
0.16700254439152806
0.9368805620597921
0.26522884620513987
0.30350635449456065
0.9208043165539317
0.2836506134843162
0.38968437202765605
0.1623522311951382
0.21130565067355944
0.20095095171011645
0.1307185339975574
0.07829161287151365
0.018345118276055894
0.017365452961995098
0.025932345326528328
0.9140333358594289
0.9124168422853556
0.9779701956486136
0.9956815030105959
0.9937822492214691
0.5216017894358589
0.4733422159318471
0.9685851760031089
0.9043755512231505
0.9762651482428684
0.05945378152257541
0.01509208013505503
0.0063578845475863455
0.004419141514738989
0.204398110713659
0.9581715812020195
0.8369850901521007
0.09627958235667444
0.0007938022676373668
0.0003892735002083425
0.006875808604122069
0.0076278016201446475
0.006925679316370226
0.0167851863313494
0.07185636386074723
0.7637671181638799
0.9999168984100162
0.015775779043077143
0.0018086535934366266
0.005378639201468527
0.031999328067230604
0.9997989926671256
0.0009186499684037397
0.0009308827318437185
0.030126269711038045
0.043411942241685764
0.03459115184868944
0.009155154592934034
0.924406541036136
0.9463506550669083
0.8528515428817209
0.88189461099955
0.9184491002346058
0.9994920725167673
0.9998445250077415
0.9960229261923637
0.9015224393384986
0.8678652030484173
0.8925979840985244
0.9598840119784472
0.00828823569397974
0.008720534394202395
0.004214148583965183
0.002610804840818992
0.00021790991379266877
0.0010503482652670648
0.033242064333738
0.004156608802431627
0.002353408272936397
0.01640308269865376
0.9988554790322394
0.9946239605678812
0.7572673898003657
0.994125825159212
0.06078465458412785
0.006693721280170428
0.00034072447951893903
0.0008705533412235456
0.0010396797970173566
0.00012055236377317424
0.0005662435326952986
0.09507841219326518
0.0838931547072922
0.0128002415899503
0.009982408986118352
0.004288892479086814
0.036520388756956734
0.4690111280121908
0.3368827035903601
0.025747965661573446
0.024321506134076687
0.021441690470451635
0.039477624431379255
0.04494970348978422
0.09688903855988806
0.12459007726385996
0.1251051788215426
0.2950753869897006
0.8592570003759595
0.22933955806278838
0.1729517298744393
0.5367094814534841
0.5556913894036006
0.23166058076767926
0.21036848910940853
0.43598995525980433
0.4198630774179192
0.04388443446977408
0.12718683294532507
0.5046753448878647
0.021051402253242646
0.025944049176781947
0.023247163351029942
0.04261712680775498
0.04869215687919348
0.995365494039794
0.008052070193038219
0.0027839472145100297
0.049878823432196406
0.9923752340733645
0.03046418975091647
0.0008106858874532552
0.005495715350004815
0.5352422250349924
0.995895525781486
0.9976072883813516
0.8124432427486751
0.8066502118270658
0.9821496148358244
0.9520202723273996
0.9876359927311363
0.9942272646274724
0.9946837479971182
0.9957643983348086
0.9783121484156425
0.9813716039832644
0.9860336042048857
0.9889568483767515
0.9982267997789886
0.9802872591668202
0.9983881496937139
0.8281871024881128
0.35573555879080976
0.9949536862604291
0.011498910520309713
0.0101661498910256
0.03627729342356234
0.9984441211117892
0.054308341284698414
0.007403595533838736
0.0048180791480332275
0.9711063161663469
0.021941214623024452
0.018458446605583045
0.017263072023192105
0.009010984728281324
0.013441602732436886
0.39122451885091114
0.28549180101601646
0.3123742433299401
0.23035335647190314
0.3411868114564198
0.7541939491805384
0.8466524296661393
0.8985297619812729
0.9014053099115651
0.8885629269887187
0.44643631341558676
0.328539431251172
0.21078633948988656
0.23897992796815193
0.3714549117493282
0.8461300026028806
0.8058196915366213
0.0490554539372654
0.06505881611111275
0.8005785145811628
0.9330731309347594
0.20597317697073902
0.2312003873032269
0.22963287508653152
0.221496089701124
0.21830127283641754
0.5150706509302346
0.8735025964778925
0.868854456865154
0.9536911953421698
