0.9876958675557495
0.9195390017850595
0.89689066795954
0.9586430376060887
0.8168141201794937
0.7080287245203722
0.6357716700928737
0.5986750709999702
0.9529524378132086
0.9923434745868376
0.9889297247547828
0.9878903981012502
0.2562690533213189
0.09395971814150739
0.10445062963526652
0.14597760807994264
0.0886787026407514
0.019840164581649944
0.026856129345309565
0.6020573930666071
0.38096785946909906
0.39362707715516443
0.6881135757485668
0.7133162061077871
0.17276640881174166
0.2617367269444957
0.19301733595677129
0.19301020952453896
0.19275859403232143
0.005501534731676805
0.0017979661106221068
2.5792451245010284e-05
5.552328541214013e-05
0.0010616032751815663
0.0005187413795055829
0.0001354604352048483
0.025660769232356828
0.7958002852270124
0.7963726087742287
0.9854018078106088
0.026868860114160675
0.014329933481077584
0.05011876389817793
0.036314474055593515
0.009120921895022227
0.009175989755135783
0.20527231370108245
0.1970193925474335
0.19643180522077708
0.19858045025638604
0.006609717971953311
0.07364021533120857
0.23907595313198893
0.0029852400783111355
0.00035912499340007287
0.002149193111233183
0.0002518520141149283
0.00016557497464364523
0.0007137966300195808
0.0002543326990847028
0.009366787896010864
0.9885679267348185
0.00029697180536059076
0.0009617203614848968
0.023409949086324877
0.9902721124994367
0.9808473781543777
0.9872842363848855
0.0077875991790377075
0.016819126544578622
0.015513754178490324
0.014566621244000988
0.9870144871177832
0.9952087959429655
0.999819486771404
0.989024295329745
0.9890195145928218
0.9700431312763574
0.9984237920093539
0.9998849111804704
0.005117714620411107
0.008212768157731531
0.008562403754201253
0.0065624088530773506
0.02227212337251472
0.0009436063933806471
0.002540237525196831
0.9958705431477732
0.016826074226581
0.004249068454985405
0.002115072968490672
3.880488890750655e-05
9.967700935009649e-05
0.002535213273557768
0.0014766727867794316
0.006958886263744413
0.9231853577977798
0.9945790020104359
0.004765175824306023
0.0012551009156389625
5.299481846232634e-05
0.00042943692034791425
0.9970510131448472
0.01038026244742396
0.0032491855594721786
3.6008501320461406e-05
0.0004646386471717223
0.015100702087673556
0.7408522204840937
0.9945317996288764
0.9949425285284331
0.9835225373010171
0.9937337657611598
0.9652773758765331
0.9996456164330038
0.984804598422497
0.97413519439444
0.9840927371222468
0.22572332820037722
0.006870833559971423
0.0009153846708961355
1.3582387373034521e-05
2.0347464165793028e-05
0.0008457172569664717
0.0011902384333715155
2.190860993944721e-05
0.00015578799825877176
0.010223684750287232
0.9999999899165823
0.9999999945609525
0.002919994027104633
0.0009409390562373776
0.0009724896321353649
0.0006174135174037421
0.002729905570689417
0.9980198715265503
0.03415497433705528
0.002036666052583569
0.03680660900037225
0.9944963537159851
0.4626860280241356
0.999999397692094
0.9999816441969164
0.9998849469006091
0.9998864921204655
0.4530364427731933
0.9948879680910814
0.04094525438227703
0.007271262146162583
0.03227508350547681
0.9999869987878219
0.0027375913240011984
0.00062471997303859
2.4822382452938108e-05
2.170220306918491e-05
0.0047840524313778054
0.999784829307467
0.010538575471409906
5.608462158024352e-05
2.195552765837938e-05
0.001189144953297805
0.0008446088974277677
1.8815765875368484e-05
2.86535179145897e-05
7.807208697097057e-05
0.0015639701543426199
0.02001585889338109
0.0008676830268712354
0.00033355368457610446
0.00033030197102390524
0.0002874625671051012
0.006373674716434352
0.9997878025408155
0.0007817391088725811
0.0005783884967696107
0.000293952799114261
0.005980405621331286
0.9805818916010279
0.5249922719509638
0.40507882855476995
0.7910063153297127
0.7039006103188143
0.0025331359930479413
0.0007730079447801907
0.20421067868384912
0.0018228371557781342
0.15456742359330022
0.7954770862757932
0.7953924276392077
0.795410827082107
0.7953884559723208
0.7952714965823515
0.7954045239201816
0.15484751459618706
0.005475029073407245
0.20459644667612154
0.20534944913998487
0.20748393609092342
0.9933725739026336
0.6429246597016886
0.7434241397193888
0.09967780170005225
0.12390679825069773
0.02308679284729931
0.0012556017207325798
0.0008255641141495795
0.0002602961243826085
0.006234348051683658
0.9999889124784634
0.9998300328466253
0.14718192181746426
0.00027213109424240045
6.186184021950147e-05
0.001205177334634877
0.0008722788037989204
0.00016039172956849868
0.020403948400446126
0.017237069859188048
0.01591219686452272
0.0476712708634941
0.00037896731203301837
0.014137472136282137
0.955310382823743
0.9999998059908154
0.9982047958393045
0.9989185884736909
0.06217340684012451
0.048432169360710486
0.04580568838012622
0.0063719727481788
0.012181041148503713
0.9487107519843336
0.9649587070533605
0.9613528919524056
0.9999596773110229
0.02038251571291816
0.00015316449967384127
0.0008747495867914568
0.001209874337962158
2.841967161659742e-05
0.00016858851221024374
0.14722578701204903
0.006176800069163768
0.00020938214693411172
0.0009542856761826091
0.0012803558355591882
0.2542009947253041
0.9919757430803634
0.2206164558158893
0.16538770600684072
0.14338433478743118
0.1590784067369313
0.19124829213532746
0.3268290441748013
0.3454906641293293
0.9504737600007602
0.8371125126096864
0.0749090632462357
0.09270431202191887
0.15275771605823363
0.007454863716664484
0.0015957398752197705
0.0002512178840656798
0.0013289996846003183
0.383046379305521
0.05966913283774611
0.0015310403457480248
0.0020501994417002622
0.000969495508938989
0.0021533243141858005
0.009076798247881102
0.9720558325058061
0.01146816667734285
0.04160314634850404
0.05930068019749568
0.023965136178521695
0.07681544985635558
0.9995833120552341
0.014639101613975192
0.00020292026039125943
0.00030089322135695706
4.470626712804737e-05
0.0029116450937651805
0.9951795702363216
0.07968872809869743
0.0038139593450636777
0.0013036722229122777
0.00022714534116752283
0.0016029893684799124
0.006746022817073594
0.00677106398012306
0.2666297051003942
0.9999996263047172
0.9999546256222943
0.9999999222773654
0.261925637899327
0.0016634590763300316
0.0026724534671082045
0.0019149759051183546
0.0006179823064984546
0.031401034555289975
0.038783806183618985
0.023027996456185806
0.9999999851284597
0.999999191730734
0.0028400702449751236
0.00012515968297277524
0.00037497361777083515
0.00025654201213953787
0.014442435176578838
0.996924789795426
0.9983480879873291
0.08361478159609703
0.0602317971204277
0.06415980307120028
0.9999912721233579
0.99999056941216
0.8445416992792307
0.8745563503089895
0.9997356792199392
0.9862025235199883
0.9998506659913725
0.8742678596619206
0.8483525169080303
0.9963343852906289
0.039545902029456736
0.03986827447744934
0.0022782341919831417
0.002051139172356775
0.0020596116969989753
0.002821163388031289
0.0514758617869252
0.4276596786777197
0.9946995712443011
0.9981496023079244
0.6875300089487266
0.6833282253294071
0.646375768874351
0.6580044527361564
0.9982369456197107
0.9991788125271135
0.008815159665594097
0.005574293065652047
0.004019829547257658
0.00637371397636044
0.7397860466291949
0.2692186832687
0.00018199727812673316
1.6726349070572688e-05
1.6776205394197774e-05
0.00024131919392278434
0.008133737581915934
0.9999996220145606
0.9843973537064064
0.9999990889077248
0.019626042792646792
0.002922735680142785
0.0010240936828084246
0.0053967068203102375
0.00021808703037506927
0.0002025143395315565
0.016613145829057263
0.009848523559304434
0.9951087409325189
0.04960170540277087
0.00014285644117506546
0.0005001078059704289
4.304557026924005e-05
0.0032378219956040732
0.5589883376614384
0.979706537633751
0.07707880081501961
0.02007163893637065
0.02979655943357551
0.9960218796603671
0.9999495865778354
0.12652946086606998
0.07103276622904087
0.9998404548313747
0.9999437915230327
0.000820413925600727
0.00015412089125543815
0.005940468685405542
0.00396114127048286
0.0014419088167226812
0.000958050879316108
0.0003241278986627627
0.005713712656742365
0.9999583788190113
0.4312134914076966
0.46574990777123815
0.6586028516414231
0.614043358772945
0.8082258836730659
0.22246148508841634
0.01524112594732474
0.9924755884686527
0.9998885154449695
0.0006818522847832353
4.980798940534825e-05
0.00030972745621982156
9.052189168934355e-05
4.547575504321166e-05
2.8304112151600336e-05
0.004527554754495622
0.9999033035956937
0.9999994307773015
0.000160024890931032
0.0009362102943581974
0.0006085583852204479
1.6758565268393255e-05
2.2446876691839535e-05
0.00032326113110547894
9.282205764982177e-05
0.003461512381755738
0.16966344861062166
0.9986196922081426
0.9986803828793811
0.9996805432354468
0.9998135963190039
0.999978390088295
0.9999549982694966
0.004470250416826915
0.0009862214012151815
0.0015474586732769913
0.00019333880549488036
0.0011274270166540257
0.13109301975012255
0.3346293322259625
0.32544864562974773
0.5145166285396111
0.982203045064336
0.9989986320850136
0.9556710502248094
0.9048210112910313
0.43572286607958644
0.406033760584837
0.3950659856373667
0.9994238735696811
0.9994259287638614
0.010805163740905566
0.0017737345001967997
4.960934428843711e-05
2.6412548263077262e-05
2.563157494916979e-05
0.0009248042765719333
0.0014063888706775662
0.0019346773848377685
0.002447644749074107
0.0025456247326829384
0.014333781116970812
0.9999844444325893
0.9999993984900022
0.9999994838151557
0.9999950686730347
0.014345641924109254
0.0025353621168904272
0.0024370080058105925
0.0019334772651037335
0.001406245807716422
0.0009247107603409521
2.563668924726592e-05
1.0083743418376478e-05
2.6432540795040538e-05
0.001464850417930319
0.010446806170142486
0.9970808285472694
0.9953431250243878
0.9992750672531182
0.9629251342783758
0.9361993464541815
0.9603766126788351
0.9988110840670092
0.03488013322167671
0.044641656963462006
0.04601989859024369
0.035730975741637305
0.9875744823363313
0.9587589688536778
0.22144967524052306
0.2752211529518612
0.8232500199917152
0.063996860481217
0.9631649005446458
0.9574443439496962
0.9879404056949638
0.9863601928641106
0.9839337347285952
0.26378024185127713
0.763485268370609
0.051217732223809986
0.22500035500398585
0.9943756302694939
0.9983559209007125
0.02892916478664076
0.018588515196186872
0.016342953468232557
0.029614544164144774
0.9956482471645577
0.9931352019395491
0.9444527703041721
0.9860700745424031
0.16338387588115022
0.0019006341432817875
0.00109989477771677
0.0014229392360740611
0.0005379821832116605
0.003637776628427125
0.9999893142350071
0.9999297335511743
0.9999947687749225
0.9999994593523236
0.9994413897762038
0.9999986007444644
0.17133807240100418
0.003470787385558949
9.352734650980299e-05
0.00032350026812877353
2.2432457481347257e-05
1.674325263678611e-05
0.0006085810212552722
0.0009361625288225595
0.0001798654616107509
0.9999801556270879
0.9999999546076908
0.004430145614843117
2.8415269353931905e-05
4.55224065235571e-05
9.051621572275792e-05
0.0002928342244236104
2.717628401815997e-05
0.0006313231844317091
0.9999776544731211
0.9997031852698383
0.014991357297336583
0.02382428631660405
0.08288732111044261
0.0876034241371747
0.9981510640038854
0.007580595397536749
0.00028329795210912945
0.000949150117773967
0.0014377128098301828
0.0042564910822551205
0.9999807881879331
0.9980963737152397
0.9995940506715354
0.9999890936708138
0.9959849817758302
0.02329645667237279
0.002289859568983199
2.865732851431435e-05
2.1686763507111628e-05
0.0004897338932650097
3.935274107347286e-05
0.0008511344902829565
0.0011170227100764096
0.00019993443145782663
0.020819953227502186
0.9999439604933855
0.9991416980515516
0.0012681805410471592
0.0003286283399406287
0.000351725497768296
0.0012907585084498407
0.0027600493806320126
0.0209107695125631
0.9999745755109922
0.999975086058959
0.9999838694373443
0.020832154351870025
0.0028326752606349093
0.0012891144195292803
4.327571237461303e-05
2.9867936318095367e-05
0.0009774610077604162
0.9999838680202964
0.9999839123211561
0.020827244383578636
0.00018991360085174325
0.0011096912882881949
0.0008511167328284497
3.9399845123355703e-05
0.0004896811581474037
2.281500427958605e-05
3.1080448249287684e-05
0.0022837782886444558
0.019224517192558577
0.007610368381540278
0.0004741715747627051
0.0006949127668242072
0.9999147304523722
0.9998768398670694
0.07106220104784366
0.12750410544683943
0.9991718572884606
0.026981471975080273
0.020461728504525434
0.0753002520692092
0.9985172383737192
0.5587449618581161
0.9815452748416045
0.0032283658505133372
0.00012166599116780752
0.0004993595091201675
0.00014281124965664915
0.04470973963178815
0.9927848087327982
0.02063667375628997
0.016613448538430164
0.3388848998434246
0.3266240969463704
0.331336953043899
0.004717634830986195
0.00029712309502361034
0.003614929438264136
0.004911712356907572
0.008137000832825647
6.869241017171124e-05
1.074440429504886e-05
1.1795397320768508e-05
0.0001924126282448757
0.009420917552780073
0.008586424979413976
0.005142804193457029
0.007217534386218527
0.005911824242484154
0.9925585737308689
0.9954757228059206
0.6889936244031808
0.007104089488737642
0.0032417470564867212
0.0010781645573075815
0.0004713922724344233
0.0003827562520425376
0.004384772224889311
0.999991931573075
0.9999994461433667
0.7571111774074653
0.9865459145726105
0.9999723328573991
0.9993403200091681
0.9999549048922705
0.9999660004612018
0.7593633595217696
0.98590648035713
0.0027718360773565376
5.748539190442159e-05
6.039559447712506e-05
0.0009951702377173355
0.0014543596250875535
0.0037666444524905307
0.9825913996293738
0.5791673373875152
0.5797318987786879
0.3706753520074598
0.2839998259510086
0.27589518931144097
0.2825683225642187
0.0035640904270128893
0.0009714783216320244
0.0018628037463105374
0.015030519010964416
0.6652227540882394
0.17879973882139422
0.035045430110573816
0.0005840167436294008
0.000491808505941993
0.0004977524720286564
0.017491259297740647
0.013001980324527151
0.0003302413023933415
9.985421070568545e-05
0.00040568450116895693
0.0012777404385494462
0.9875791812747338
0.7827358449543654
0.044764808239975085
0.0001534344536988641
0.0008312816292074254
0.0017811281571713522
0.9999991666827477
0.003648729742924184
0.0006317541280690397
3.985670738160252e-05
7.579655109191119e-05
0.012588143537860086
0.9999999811586179
0.9999999569897381
0.999999924286145
0.9999999806272677
0.01244991921398697
0.00014081947995869815
0.00012376214547016318
0.0006202456003466805
0.003646607957124126
0.002599702002902271
1.4842170732998206e-05
0.00015364127057282406
0.04477484687805833
0.9875759099571695
0.7752156588996931
0.006503778335956056
0.002682201981623167
9.886696312277898e-05
0.0003364825909706326
0.001842413321723635
0.0010334079599993995
4.875338309062727e-05
0.0004475242351404951
0.000555025525728392
0.04746356438189048
0.43204875976373236
0.899660155239912
0.9369757939475007
0.9746811017817687
0.9578199726549068
0.9452539555469162
0.9238858869471642
0.9529329445119153
