0.9873190756643792
0.9565548864925403
0.9580248265100073
0.9558333751443399
0.9389368426038113
0.9368654792771376
0.9750980979727222
0.9389154339929013
0.926956089614565
0.9904552547039458
0.9840460973776425
0.9744530815839837
0.931299999459339
0.9822314011817984
0.9897682370630345
0.9149706884658149
0.9876140995527659
0.5053553219767628
0.97677675660652
0.7527442087894028
0.03153195076418236
0.011783976242151661
0.10184311338130647
0.2753690935047547
0.18234351353569456
0.05353663339033765
0.002570712148536436
0.0033490541464149537
0.00018513920284379815
0.00014996150660284702
0.0013761467235321456
0.00013726268787106477
0.00017896623053226257
0.0013305622697667996
0.0005412262233071008
0.00028074733631522353
0.032245517107843735
0.9998885523216776
0.9999891603448468
0.999891355426446
0.03225028262739216
0.0003021029954195509
0.0006411582438033969
0.001337028514230787
7.299807303196015e-05
3.091573280877835e-05
0.0015257471519453114
0.00041819477170601527
0.0010695584927301605
0.0862805744650984
0.19447769849639662
0.4978905550183952
0.6374624216093823
0.7052662670213603
0.7016796861225163
0.6501958929046379
0.7829936960294026
0.5567448672175441
0.2874168123461762
0.12354911272448743
0.16705857613874342
0.25457307169256305
0.16988815962782988
0.9881543241854255
0.7005259553957853
0.06447456427234943
0.8360055896622949
0.24221976693484282
0.28249709155885117
0.9933527852225461
0.08950612935246927
0.01670513229555437
0.018907094730570395
0.012230791463744728
0.003991983792977272
0.10176029223885963
0.23324484010486246
0.0811775653028074
0.17974682139202958
0.9598605913588442
0.002302948594434251
0.0021082756117226653
0.006614701629467534
0.0001711080439003032
0.0005232824231570232
9.039881508998704e-05
0.0004695361822654176
9.963060357520703e-05
0.0017466288043078704
0.016826571122291245
0.09784442957994088
0.0003147518082670109
5.152467713553932e-05
4.617584842769862e-05
9.717948598830795e-06
8.808099094892441e-05
0.01160938667306588
0.9990974433558727
0.3290800210125312
0.048506073820174134
0.05061894094953867
0.014508339676295057
0.0003695278452882089
0.000585608819599126
3.913950298672919e-05
1.121312436247468e-05
5.631410135364945e-05
0.015470591978205994
0.1878242502548857
0.9406856737241712
0.9999876291711877
0.0031089915965597514
0.00032129686862170104
0.0003434366307837333
0.07638610750302444
0.998186757709817
0.942331590913739
0.2247479563445094
0.012308628982769299
0.0002451171507884542
4.581089615673939e-05
1.0070906597881013e-05
1.800963320297555e-05
0.0008444836501269037
0.0011891708557721925
2.1907759324757414e-05
0.00015578821322825842
0.010223717466969706
0.9999999853713101
0.9999999880136237
0.002919990618996837
0.0009409869505256907
0.0009693407638156071
0.0006127751147909644
0.0027000357628512717
0.9985920626648593
0.02903829693457549
0.0013233549682359902
0.04186878349637646
0.9974661198197391
0.7325651796594608
0.99960285761552
0.9999925931277451
0.9999468630738166
0.9999468602001803
0.7303936015699957
0.9995922006327865
0.041505435066876095
0.00138847763620209
0.027683013578750026
0.9999937483896877
0.0026990836109206384
0.0006155658356971072
2.4793476489537447e-05
2.170591078298756e-05
0.0047808431140312635
0.9997848043291473
0.010538604511419525
5.608437539728062e-05
2.195448102626507e-05
0.0011891137061043056
0.0008444261809593678
1.804853577869192e-05
1.0109846362627017e-05
4.586694638331057e-05
0.00024714798781577674
0.012279320473148947
0.16571921142655233
0.9997539508895333
0.9997548194525683
0.9997545376271124
0.07637432180696413
0.000540347969903654
8.930323245703864e-05
0.004359126866484098
0.9810476124185215
0.1459501317542552
0.015712921856419704
0.00028323694100229613
1.9055353511432394e-05
3.0479037297248546e-05
0.00041330227414593246
0.0003980051413083885
0.023715852971393225
0.2879138582084859
0.90401646434698
0.9885417551705384
0.9697679421041331
0.03684793331459235
0.007406003525049054
0.0012406088658029057
0.0007245798405690618
0.0006553320433170251
0.003119845022896972
0.019696621814103255
0.9995797909575014
0.9990466041064499
0.9990838970196896
0.9993309313877607
0.9996723855383041
0.018487174721875443
0.0022918351299907602
6.326856537952619e-05
4.660744835527364e-05
0.00022446697230815715
0.0033890205033464404
0.02348910067459986
0.9013956976153848
0.9479746162480184
0.021577244086378622
0.005501625831813128
0.002001580866483388
0.0004992102798790921
0.0029981456204473123
0.004328937449628145
0.0033653341360309064
0.004971589976077939
0.021011960060798973
0.02333606257356624
0.9764673255353046
0.45510882552014764
0.06312066964003193
0.1068656914609768
0.9831973629586264
0.5132122823174923
0.06111525935447493
0.06485699215948082
0.11067923689760417
0.22717820648410514
0.9097224629123527
0.301544555521993
0.40812701276473295
0.9328755785782441
0.6722009958500583
0.958299994911824
0.07227562957618638
0.00397024767559051
0.044249267440394924
0.04480504585091172
0.038095315028718546
0.9370381230350798
0.11045413023675121
0.10622069015770497
0.9433343776149977
0.23539553605519747
0.21224078083257691
0.1735183325721259
0.9550622285230137
0.6130915343132937
0.6076680935950041
0.16426782866219947
0.045751242201206965
0.0875099167195389
0.13319439163711888
0.22196374588369838
0.8304251357171955
0.9553974644087462
0.8149039989415185
0.20619490443199884
0.06056105320625993
0.017446021585875382
0.0002709489552131794
0.0004837842129485903
0.00127295876075606
0.0012365444243670476
0.0022116607509294894
0.0007851305142385634
0.012851250783833534
0.013025144187257531
0.027399406627658718
0.999577441812709
0.9999803643555767
0.9873436837610433
0.015068789610089173
0.0002867438631481978
0.0002592575511128903
0.0007353633110265267
0.002737913536156933
0.002102279008257102
0.00667526073568514
0.9870346240832408
0.011372051017256912
0.005002474714826843
0.03138192324287936
0.005292738296247768
0.07851624167845961
0.6385478232539962
0.012224240325853342
0.008028641260991454
0.007486577633955993
0.01012220732807545
0.2730058586817946
0.9532757093619142
0.2582531640516704
0.226148518095321
0.08500462364267047
0.03874831216355501
0.04867038943982882
0.7286557686277517
0.003518025838509131
0.009077908306376004
0.024378965761026605
0.0666302948046279
0.2596792702053383
0.9854929945654642
0.18955632033698044
0.4349609275560753
0.9865152656039261
0.4444944713157243
0.49980325083295307
0.9923054320333533
0.4539916877131108
0.13567825511178777
0.14053785804325925
0.02127984203150035
0.8668973461934932
0.447074922287795
0.4563084044126584
0.43857618461355197
0.9972213270486866
0.20282657622514477
0.1962209007863006
0.15458121999483132
0.9489760815924488
0.9994367531723648
0.0035042366002500103
0.002141056827109855
0.00679207528378134
0.8258884299541664
0.1461401465238874
0.012667313298859395
0.010631588364277245
0.005960106690551581
0.008486355961787706
0.12461389124015498
0.9915813959595536
0.008620904793403383
0.0023964260008175753
0.0030519832927832224
0.08649461710360284
0.9942369727966754
0.9719960461744372
0.7616217328552453
0.9037774277655508
0.0049784237742499515
0.002333173930324728
0.06901571050505717
0.002629473534431659
0.0023943504300175666
0.00285518935100737
0.924344239329874
0.9375152888622793
0.9999993591209626
0.9999953957646466
0.9999972912139182
0.0028249688988229993
6.311030656647176e-05
6.894779024868569e-05
0.003519025106673457
0.0010985956581436307
0.07975432235246682
0.9328077598234249
0.7558193749678856
0.9028482007415013
0.9321396656566481
0.05325502276862171
0.010939997341119945
0.010558100714759822
0.006632350038631163
0.9919667104436374
0.11704522198001555
0.0010710722272692097
0.009711086041902628
0.9990386456965655
0.014246398003283645
0.005684324147808062
0.0910719737723461
0.8346861358807747
0.8360239406521983
0.8356659760326373
0.010726617100487168
0.11221908068673436
0.11413309551843809
0.9257231251157341
0.939891045093163
0.1335401602503291
0.16397356517819406
0.13938923449288532
0.9131120862223548
0.5642055870274161
0.4640469332944879
0.4846374493826894
0.5156467673302709
0.9160178938552059
0.912908246355582
0.5414055020723849
0.5463432118352678
0.6661475612388508
0.1588726036927075
0.3938413881534444
0.8960675310165394
0.17573010918935383
0.0890624543522971
0.14044057052822412
0.15509008050618933
0.3926992850554535
0.9988602419465457
0.8776764132773883
0.9946627548756318
0.25022622667280425
0.016559052552548414
0.013786658240785843
0.03253457331806864
0.027461107040924637
0.7096604450725902
0.6923857328830341
0.4058482245277948
0.4749564753909268
0.6549052836153768
0.46992995853693575
0.9978600273791767
0.9970903814788775
0.0249204425865992
0.015890633896066597
0.0021000286287830017
0.001317828797350984
0.005899028968515463
0.004061764984470639
0.001601634573103472
0.0026751290526694227
0.024485851195441666
0.015210085613171276
0.9857479536679401
0.9857524458860452
0.9212599195122019
0.9049059466718233
0.9220401406607243
0.9126448063965146
0.9943335008664353
0.9948378669885755
0.011125247707893138
0.0021936445110641856
0.00026464604764397937
0.0001287293663236877
0.0002299276041298759
0.015254399338849867
0.9998569400869188
0.15782796143477162
0.007211418444997286
0.003966323669626681
0.015316552386191118
0.999608801483517
0.9997250682273308
0.9998573935931452
0.9999171587271618
0.015668426130769575
0.003982527051375029
0.007048110541905794
0.15766332972246422
0.9998444906194837
0.015257329796966701
0.0002398362201853077
4.118247408990694e-05
3.028775470126366e-05
0.001663433216845922
0.012725536795557546
0.9613146098175022
0.9064817080013183
0.9859978909964802
0.9577410744052359
0.9220183822043566
0.8681595444177053
0.9633140692001687
0.9333661340685901
0.9609191497509639
0.9795538523741755
0.573828542588874
0.7992209136189542
0.3542598605020023
0.07215244947963428
0.027231110393944324
0.05406446794756137
0.010303630289485999
0.011615764270909157
0.010788832623475408
0.025458885249081575
0.9972436193762619
0.9970445544757185
0.012930615151815372
0.0066670472738410425
0.005900453022782637
0.9942772529472561
0.14561070487444394
0.9954810807838782
0.0412236580266887
0.07740969263436115
0.9863798789525877
0.15797749123255933
0.2960712791846437
0.03510029974936002
0.00021318059373776066
0.0006767647102480234
0.0006176316306931717
1.6914729677242057e-05
5.227725548218043e-05
0.0011378025666964886
0.010973347305634817
0.005886341271230333
0.9995939556125609
0.41762896642171077
0.998157802775351
0.9999986638094823
0.999377839097688
0.9999876326362557
0.9977398806653155
0.9999684003964605
0.42311258113551564
0.9999932560419414
0.006831677698324268
0.003935368008771589
0.9999776466842601
0.0011419513955528426
6.299979932444799e-05
2.682133805642639e-05
0.0006316827885763932
0.0006823130331832239
0.0002774249912874671
0.023722415715167755
0.9741295560602367
0.30340434790715676
0.17228167551479434
0.9932739831492572
0.07261748476145413
0.04115614832831316
0.9918494691532079
0.13728178944056424
0.9944807945154126
0.00665938299176283
0.0022782809865873332
0.01277520180522529
0.027288265327648942
0.01135979421215394
0.006918047688795115
0.011076486222848736
0.997261803285701
0.0470126335541774
0.06522941244770752
0.1021155924978937
0.1523160883517165
0.31612117909807913
0.1508833483061509
0.001078872296932487
4.7895414962528804e-05
0.000504125165761593
4.778585584086503e-05
0.0008606485720480395
0.0011086156565286442
0.00015554737623590942
0.012880524688853479
0.9999975048040021
0.0018865022434092493
1.1031046675102907e-05
1.008755916831472e-05
2.6132150607982574e-05
0.0012323604307660219
0.002712248710891152
0.020863964661485768
0.9999981875629421
0.9999994863280235
0.9999995872448708
0.020791371010898563
0.0027845750612919273
0.0012307699833038477
2.591016178687955e-05
1.0444815556009956e-05
1.1369069352173966e-05
0.002847959937138156
0.9990353924397142
0.012877943144380066
0.0001502225263845247
0.0011013653919426103
0.0008509739032898089
3.9518518358594434e-05
0.0004926347989798741
4.425969592836143e-05
0.0007931381065929832
0.05525504790081692
0.018146107283825264
0.288993501765452
0.04928259498036425
0.012122499120030938
0.003620910807295652
0.006619254493282045
0.011083428387909655
0.068574919673976
0.9985253400627045
0.998901419786894
0.9980590992898803
0.9982871169502842
0.9986190862479765
0.06633275839230457
0.01115487543649829
0.003818230966799341
0.0022442374232584106
0.005765790043771868
0.0019006266096343039
0.9318458170544197
0.13244019870614754
0.1837916738479367
0.44004729624276606
0.4323260195517955
0.004994031155596823
0.029019477562802876
0.03396015439912026
0.0009668669811364605
0.004820355131846865
0.0003191697205904287
0.0005227970255863301
0.00118311826285733
0.00142000041868251
0.0031838409366499176
0.9970970972555395
0.018866229206261242
0.002010116617279789
0.019691686039375544
0.9967811037189361
0.9984141249957996
0.999941101057761
0.9995423545641129
0.006333294601275408
0.010001400255125859
0.9985719267287934
0.04734825730051728
0.008341302378470417
0.008374699069717662
0.24460357888791184
0.9999315644744671
0.9995693496336541
0.8829103836729928
0.9953542359893334
0.9994771147212147
0.9955665067017222
0.9999955590079996
0.9999951445243032
0.17884466878218097
0.9951155345341863
0.007548192400923637
7.347163517357203e-05
0.008070656118573272
0.9983286696882125
0.00796635241625332
0.009991976571423478
0.022463412399203908
0.00484295617440722
0.019428793474451478
0.9994187535558078
0.002690051856708564
5.212514269603563e-05
0.0008760552661077892
0.00022392687484606988
0.0007070978852168341
0.004237187912770279
0.48524349828574664
0.5141007756950333
0.033116251291771204
0.0005302775257117753
0.0037543657842395994
0.981067030447236
0.34939988644151865
0.4083752743744361
0.8266362245693885
0.8344561643762898
0.7974400902252491
0.7775253716227968
0.8270498238938547
0.9280812522660653
0.08445019059217729
0.04045789903765917
0.9837775526815952
0.9392401775283424
0.017384241766978392
0.00019248728642429214
8.332724846094042e-05
7.430660703833247e-05
0.00017579583210369787
0.0003858065939004174
0.12671951492703304
0.9713540724233117
0.9976478001286544
0.019232582918879526
0.001909185537236957
0.00025665043866707205
0.0007137560245977781
0.00022134580171562224
0.0005587506549347143
0.00029891803153281327
0.00642884938754873
0.0021282929300827647
0.002329417869455286
0.9995371179848385
0.1299045155554227
0.18435894859805846
0.864443206987345
0.9941749829599604
0.24310321300820004
0.14025885387575654
0.9847923571190605
0.0072542251406687575
0.003235961090005124
0.005271932798787793
0.02632120164540941
0.06426719166271355
0.9373584670469162
0.20953084521090581
0.42242609175672285
0.9824980912073816
0.6820795200202243
0.685276283157835
0.9750072571076277
0.9959385276974969
