0.9955162746390935
0.7344823287635907
0.6304896864426346
0.6630874848268049
0.6956119961704849
0.9177372007427225
0.9781317943312431
0.9303725510954
0.9448809362294247
0.9981585261361977
0.9939427801803651
0.08392542470944853
0.000851927628565563
0.00044140028808614673
0.006335704915390372
0.9855167309551464
0.021045186510655456
0.0032284689080588347
0.018093437038794513
0.9999066391009503
0.005219024351212687
0.00017787323426132762
0.0014325941841852874
0.00015512153863783684
0.0010959839225297419
0.0008534363180049409
5.321444600547842e-05
0.0019181948436471918
0.08840660434614667
0.1378177004245169
0.03521902962450307
0.9899860406585436
0.010811387116627769
0.00012209117914074863
0.0004278172734923924
0.0009806963649132694
0.8274515053655684
0.832294619044603
0.15920787202205888
0.01735064508126616
0.09326307961878877
0.156107791471209
0.18530592295057446
0.11762238185334806
0.8243579640376915
0.829944198489009
0.9996625781598142
0.9988763491289979
0.2802568715858622
0.19539940072578588
0.0007558919071678494
0.0007375598276366802
0.8322405091149795
0.15455537691612864
0.15920012142304985
0.9859744056562649
0.8439281167053928
0.0932692083822958
0.004285274392285765
0.00036424131886747535
0.0017344335790321352
0.8311256024851107
0.0010407568181127758
0.05014761479487684
0.999482740105012
0.8557200768569058
0.017830961027125336
0.001692707939555338
5.565603657775586e-05
0.0008547389097708358
0.0010965068728441274
0.00015580929217884343
0.0014154202269857086
0.0001478368136732522
0.010594336395805204
0.960034403133847
0.9987636351904512
0.9823083211068232
0.9999150869334991
0.9999587281634856
0.9714548445890886
0.8007908055487264
0.08389006117255648
0.0007370551900095501
0.0007149695764054886
0.00034432468251510695
0.00046401805562135134
0.05398001934548857
0.9999887353645239
0.9996786578356216
0.9996864584683524
0.9996701797505072
0.05367750510319069
0.0003844504454268982
0.00022503368174142668
0.0007503579022355433
0.000902642453134539
0.08331770648212666
0.11491368855227002
0.28778531673371155
0.07215631760549912
0.0028315761928631167
0.00021784870218877206
0.0003515823606131674
4.7741665003986355e-05
4.5524513946015865e-05
0.003011491989052484
0.9998805574682827
0.9797645680452413
0.9999273198828782
0.9999038835622003
0.0029043551231362486
0.00019444134594204243
0.0004644753341553898
0.06015480739293788
0.9999219474642629
0.003985719702208179
0.0021360149777928106
0.0011351913951924697
9.419403646138136e-05
4.5219544614671925e-05
1.0067139134983805e-05
1.800858226153057e-05
0.0008444826735828359
0.001189170336814871
2.1907758674388766e-05
0.00015578821291295508
0.01022371746653783
0.999999985373362
0.9999999880150164
0.0029199906182572066
0.0009409869488512523
0.000969340762053128
0.0006127751144637816
0.0027000357628752525
0.9985920626672679
0.029038296934645658
0.001323354968244539
0.04186878349647549
0.9974661198220922
0.7325651796609416
0.9996028576175227
0.99999259313011
0.9999468630761996
0.9999468602024835
0.7303936015709677
0.9995922006341457
0.04150543506555937
0.0013884776349738503
0.027683013577334825
0.9999937483902012
0.002699083610469999
0.0006155658350480708
2.4793476435025497e-05
2.1705910717262356e-05
0.004780843113648348
0.9997848043301808
0.01053860450898736
5.608437405901778e-05
2.1954478449992543e-05
0.0011891136529391666
0.0008444256985289389
1.802921059135265e-05
1.0088315866130237e-05
4.520492557025246e-05
9.412623031901379e-05
0.001115786470796909
0.0020840393246702726
0.040865374950880606
0.9638264574691454
0.9990176345066086
0.06003149324079138
0.0004348205441904174
8.986472143246438e-05
0.0037234102703317395
0.9788753418937763
0.9999996184167195
0.999992397075613
0.003078515125686687
0.0001442699457480101
0.0001032114311408927
0.0003913387638713184
0.0002314265452671993
0.0034488857282618524
0.10297598679053044
0.9952462329594896
0.9990313296069162
0.28245254561653577
0.2789230910349719
0.9847875363958306
0.9745904791255707
0.011371735429880903
0.016124122829355714
0.012457296548768926
0.9852053763403161
0.006854294592488319
0.0022611222143578136
0.001997542635629568
0.08119157927004861
0.9980800841666158
0.09514508352758888
0.00029682254585261525
5.364432088350579e-05
5.507522051007019e-05
2.4908025334946515e-05
0.0010727808858608245
0.0012427416722557982
0.0023512473060083305
0.9999384976757504
0.9641167886306953
0.025001879586976306
0.03649897614045494
0.044140593439275344
0.9997303287417632
0.9998543749498927
0.9986197885126551
0.9987755245204892
0.009431308103821423
0.0020870232477201434
0.06107262012283943
0.9993367548310353
0.002661248306363606
0.0012399658694413063
0.0012005757465628486
0.0001473682395428666
0.00014255747833513688
0.0001421391349712975
0.00038798402051432035
0.0379368293674599
0.7184529510545046
0.690797790977622
0.044766671339097286
0.11340922825206867
0.08204633787043514
0.7497568862567274
0.1145142171771556
0.36454451503596985
0.9819224102379208
0.9682192709774027
0.052840330663336044
0.012227411428366142
0.019681723534269113
0.018444762695790318
0.01535124848185121
0.9809251306196758
0.9317238876467262
0.02481762871599391
0.018413439650633467
0.012993189023758678
0.04135002248413033
0.3131562748339056
0.9867040105291901
0.9849328086741409
0.9843853800449298
0.9736582774488962
0.31782648328227114
0.0550670737190323
0.022963047670143122
0.00682707658533388
0.019796248120788396
0.5639929337611074
0.35127992769162986
0.0024307382497832375
7.65653810750333e-05
0.000924187800804388
0.0009507472884241475
0.0005676440806197114
0.3298508673529439
0.33002695240246105
0.3311552749415795
0.010353799047169043
0.010480082798284607
0.010716577203089606
0.0016083218238345243
0.005323299302824935
0.4158158272918623
0.4337036478798413
0.9683586119943225
0.1052633540051442
0.0043113629183003654
0.013737442037777936
0.00933060823758114
0.015214343979281675
0.9707369294331918
0.015007523424129032
0.01234959837655425
0.020325129984905432
0.03477026228909996
0.030567181077833072
0.03602032607964234
0.029664109465966093
0.36891984316656234
0.914151758732292
0.8423582801846468
0.8446070436203711
0.24768780694033432
0.040353944733713565
0.09638477120906996
0.010822335497742475
0.006924555084223738
0.02916456356789554
0.11204129859838174
0.11965896476169968
0.9992134858282902
0.9819803385526951
0.038691050645509706
0.024722740808509003
0.9231511838171534
0.1843881287726299
0.9225822321648006
0.922847139139337
0.02362396455475868
0.0006125741830389497
0.0029085429301763943
0.2507347147617701
0.9999294332349369
0.9999425647294027
0.9094166514345309
0.9225965356256566
0.9997183331589686
0.9948034487724587
0.9971730100052058
0.9452008681715989
0.21157431697489026
0.9484021719337669
0.03221560155143033
0.03159681651858948
0.08447478397674102
0.9362467109053121
0.9471053808199321
0.09925124638885707
0.021064814672666854
0.01812235319563671
0.005495950461161581
0.0067381942031001785
0.0026906363777116082
0.00028368855100890933
0.00931502709581089
0.009163501474085956
0.015126243166078579
0.04290235266531173
0.006639566692547727
0.004530268092707623
0.008800803090151854
0.0058778990829027045
0.9949533880129664
0.9710952793251885
0.9118304771884584
0.035302811189705796
0.07891832725498393
0.00481782596300806
0.8751761162390858
0.8859774546349107
0.9656534380991451
0.9101591939830125
0.9936265617833112
0.012905474369838354
0.0015174093121523846
0.0009956724098924008
0.003281492762601701
0.9903000452126692
0.9891501534802373
0.9886523985964454
0.9977815935790767
0.9890144993088391
0.0007761607372732682
0.002794984970693637
0.0015616976382009096
0.0035801540774960117
0.9943717027532352
0.7926970631272066
0.8816425873406973
0.8792867080028111
0.991471033743768
0.09461989438621532
0.01270963204955522
0.01630042768649642
0.9885447923061108
0.9970601343251695
0.9974505822670241
0.009004943722132341
0.011333720911214873
0.005818217769668843
0.008899229809649745
0.9934605163836379
0.03897882333951208
0.011778027877778818
0.00749591605943134
0.011775474754121884
0.007048259085221664
0.008703127768487251
0.010657280842078842
0.012025073074728887
0.9948906381079204
0.9965656807068669
0.005334479751699539
0.0011546197503093936
0.003168425726796764
0.003255823800992874
0.9963575342834898
0.1355597177332487
0.021623631296644907
0.0035637342028320695
0.0005322589222557239
0.9982924270507727
0.9995657061720399
0.01565303795828843
0.0028713611995071497
0.00131970554450056
0.002052313695444341
0.0014586661100491893
0.001218839495041979
0.04371117854833384
0.09323353044159821
0.05018931481992628
0.8694586853442413
0.8284017272215717
0.9967168154484917
0.9998894558533246
0.9996180912247318
0.9999226730053443
0.99999500443406
0.8252414799987384
0.0009203238980818318
0.01259371487881722
0.04463586918053475
0.00020929897963206656
0.0014153535882491797
0.001982434281720069
0.0008983804275025653
0.0028124205425552606
0.01535363157865266
0.9999519193603331
0.9999960466160882
0.0015557954687615005
0.003594100804063638
0.022798864922559336
0.136495617835231
0.9997377512256794
0.9996258290708595
0.00410693684280139
0.0011726374816236618
0.006003603271761526
0.009609986101738688
0.9749082238903436
0.9797433939299539
0.9775731621001758
0.9906879409582686
0.9995373627061271
0.05271313478600825
0.0316555738959704
0.0184423415606908
0.015581986310528095
0.9785444592860184
0.9941054814345223
0.9852525560456111
0.9880885843525752
0.9783226873542051
0.02250381252211886
0.03556375442216997
0.03151339091957572
0.04400484500373403
0.05978549734183769
0.008071063284270874
0.021680327101989083
0.9434137220755728
0.999451237145153
0.998537738975557
0.999626556467797
0.07895116193450091
0.060265616776584485
0.013424562919498118
0.9477383197646921
0.7659217817111921
0.8172305691954821
0.8220737744805438
0.8034550971789194
0.928368437092401
0.9782995467418817
0.16398044665993838
0.1001486013013917
0.15815927322725787
0.8323117441778064
0.25553080330949907
0.1863639235107475
0.19750868482458395
0.668260215464255
0.5158689215707635
0.09019373681289966
0.5132397814950262
0.7528091523173206
0.8188701479844323
0.9840676368011144
0.999687701773642
0.3539637546678833
0.3517507296589413
0.1298987115736414
0.48878525097870884
0.9817706132362194
0.9963873216365244
0.24948390440294432
0.2527462330950967
0.09430084314631582
0.05183470257827516
0.04927298587557827
0.2521778304722241
0.038601192368714066
0.027889473635847484
0.03476851410448101
0.031238055581833235
0.13204119694565808
0.46166048479920485
0.44086312177006093
0.9908513382949751
0.9871027166293582
0.9614391704993883
0.8559645682857385
0.2673706533910789
0.21783667074794488
0.0043787976345672774
0.0024767784537608195
0.014503221778596531
0.995421042583777
0.00048110392928801815
0.0002459007996711282
0.004647838412751293
0.004142568406708569
0.004609818750073269
0.0012592170106254796
0.12207603404987732
0.9974986445113151
0.9983211379221434
0.9999432852808802
0.12195773914910701
0.0011918730840535519
0.0006912844316869782
0.00023228447489576087
0.0006976304743172568
0.004175602412853752
0.004419482504565364
0.9980640758276357
0.01885843272942811
0.006001329593708138
0.008038855226331854
0.9993154946163448
0.20343370314399245
0.24727215804417046
0.9732119663615802
0.9066200177356072
0.03415110364891971
0.009151852678319972
0.004548873014894594
0.004985005720459346
0.010939022664841369
0.033286552151110094
0.995111643370857
0.3068855956593729
0.043594892021610265
0.08688414458361049
0.594165607452434
0.5712363324122942
0.5656286885896056
0.04608207149177146
0.3481247456762858
0.455650932976821
0.468799221011561
0.45678103069476395
0.5789953691427594
0.5270503877782836
0.5256709485497023
0.026690311067123718
0.4691677317597194
0.3946512391297561
0.339183912786607
0.41202064683451656
0.9571154813752072
0.9406972500969084
0.9490335775360171
0.14386387546964752
0.08894181623055641
0.23007642866410116
0.9294987203621667
0.014688753907071916
0.002069076094937894
0.0015616016764360419
0.02843411037650434
0.029199789477108662
0.041195198544351275
0.006847299636136617
0.00020202738006180887
0.0002234610537096282
0.013208875988577451
0.9999333682929736
0.9023056189358151
0.9921231692678321
0.9999775136277621
0.012061334262165713
0.0022740253269929456
0.011545969061956929
0.0305574928644321
0.15523090678446116
0.9997386096520552
0.9906396268249706
0.9905835177790074
0.9904145246946106
0.006334298747218137
0.0012252033432992304
0.009444049263056309
0.0014772813537681229
0.9907940666313257
0.002643487025773328
0.00914046219611031
0.000440532457456011
0.0009384284453619607
0.005517846889794287
0.9999581114429186
0.956445073305453
0.9908064936849048
0.9907795446704627
0.9906920367251073
0.9526111892545852
0.006628458669085124
0.0007811875815890712
0.00010305502105423248
0.00046448384374009333
0.002508676815376254
0.9907855866557438
0.9999750566796304
0.9998090388525243
0.0014235402299371813
0.0003333257144833013
0.010012805163799654
0.008059843438412928
0.9898377784733062
0.990776589733874
0.9924026904207339
0.15932931636806846
0.030446347345215674
0.011349983473549652
0.00978842106706701
0.019756712917040398
0.998898045464159
0.9997900692691497
0.9993026522402224
0.9046747712305534
0.013214840054050936
0.00019584323610877252
6.349238707459293e-05
0.006619730065933971
0.965199941252792
0.9449292597787117
0.9469807071129878
0.9928944678133217
0.9891092470273871
0.9916988786049927
0.2799936755420076
0.004233715313025521
0.0019888454756175067
0.0027358253660678677
0.02446298194198504
0.00048598586613202155
0.0054030885108806714
0.001437174115890394
3.281582952374684e-05
0.0005036897788474048
0.0005368117067802158
0.999938484692975
0.0064124495142965365
0.0002419891503777638
0.016303977319749308
0.21535703000818873
0.9999691919041294
0.9999738679978147
0.999970424426013
0.21320756114100503
0.0184650545658136
0.00026421904543694197
0.0063880177398640825
0.9999598716996307
0.0005114458639888797
0.0005290230929376749
5.518981669117018e-05
0.0014636788505741904
0.15382856279901214
0.414118238442722
0.4190553222575619
0.009385206968416271
0.019040665050701233
0.022343267645850817
0.04075522719522351
0.28085901974547245
0.015148078049236124
0.0005489169477043143
0.0002603821160183095
0.0005431993675063529
0.0011595352892805888
0.0004275312120496366
0.0002872501178664555
0.0004360022641597405
0.010459333136213278
0.0014456538189574486
0.0004368232295808294
0.003804268138178135
0.993723244248906
0.3550769023573025
0.5397729175182656
0.9645482486750057
0.01333455235357972
0.009220554779216461
0.0020272171352365698
0.010501581680507854
0.05310432934394804
0.9968982206817995
0.38770636853348794
0.3864012343515022
0.9575369228045776
0.07779489727831523
0.07467005737920951
0.10395418080214469
0.9955689612792742
