0.9963634654566811
0.9000962204212202
0.5046410259588233
0.5381387555306711
0.5261886761820432
0.5447183447998497
0.9332871866744723
0.8061821896486046
0.39402792400524583
0.6020716148440394
0.9421809053341303
0.6058905116657027
0.5168239117941591
0.4120819408783217
0.20455145113956644
0.6323395552377791
0.5655627295879365
0.3611794781940023
0.604035932826068
0.3762247130860583
0.03644898162379362
0.30802629690566663
0.039650620125925434
0.09678073082992238
0.34585912109567296
0.022458685426248237
0.00868462321059834
0.022989019532522168
0.0008068931735496498
0.00013884560746735275
0.00447659052160696
6.625584942182572e-05
2.8689016512950525e-05
0.0002215576488540094
0.0003291431161334124
0.00011171250558010825
0.0054750337849335026
0.14723482074910033
0.14695686399314997
0.15081332573952708
0.011731184325503796
0.5445346494250295
0.5526191527105878
0.5473017236821951
0.5393904967783275
0.5147613196081875
0.19346249607343038
0.3062065544705088
0.005927584467434799
0.005754615371675253
0.3187026675555525
0.3308817169288481
0.85760397252915
0.5111820834250054
0.4618877838414215
0.3923374319488373
0.3004650841536575
0.3000219528927939
0.00021120926093964876
0.00010735461380504407
0.3009724865968956
3.268147566649615e-05
1.6305100825053653e-05
0.00018815848646022148
0.6999880944837417
0.3008464482451584
0.300230615814361
0.304581816905362
0.9999789589069863
0.9999954691856423
0.9999947918983119
0.0113330640402308
0.00018918946376194067
9.226062416447522e-05
0.0020889844017991654
0.6930062926580218
0.6998451475254994
0.6865845466900262
0.9897568852939007
0.9971934048786182
0.30569532091829554
0.30670343502077385
0.3153883618261734
0.31487413554801885
0.31315618198032763
0.31232916153364343
0.9999449185083962
0.5076637550516488
0.3096732531497793
0.30067984364698214
0.300867934552499
0.30006244780789865
0.30039398376696436
2.088022702413372e-05
1.5280768014003244e-05
0.0006043012949897841
0.5226135415006891
0.29364973302242237
0.13690959355186483
0.0427767737598246
0.018411948027703493
0.03371791205823851
0.4181758703521677
0.8671355019954567
0.24192781085888374
0.11642681127764652
0.07208225509260806
0.08338684605220209
0.9562488591345331
0.9791848340261309
0.9558181191172499
0.006073784257943104
0.03639421528073382
0.036823154642705344
0.9989353880786962
0.9982143445592937
0.9979113574882534
0.9987846183771885
0.9985420695712572
0.9960598344412248
0.0026733959351266986
0.002340178264861903
0.005463971463011963
0.9829467266509566
0.5518008804449955
0.061875674073971314
0.0015378627072378135
0.023647697004499212
0.8059411230270688
0.6425287117271805
0.19355254827912372
0.11807090532967128
0.1292486635900854
0.01796319224514815
0.001992500493691618
0.48941406084054917
0.4890287156783981
0.010395152968574583
0.016974150823268183
0.4881958038292604
0.10310601713881697
0.48909347592813024
0.4896928627692986
0.48925557090825156
0.5181954073525519
0.13896103186046413
0.5299260223423933
0.10651467064760019
0.1059886663460628
0.9435543980311079
0.9450991096411847
0.3617409400573678
0.40986827603906806
0.0028607810017955313
0.09226762999729507
0.11129952018018997
0.9967824718304441
0.5129755410134893
0.5027270842747077
0.4007110431105618
0.41319811685361885
0.4193712960446845
0.11636513756498708
0.11299375041522804
0.12109617226462074
0.46445352133543566
0.031475699270169966
0.013690124506071077
0.0634546719242322
0.4995895439983004
0.5015603749978416
0.1196555584493956
0.3347386858769383
0.0016551349557550664
0.0017578498676424912
0.003382965956307171
0.0035434066890528857
0.44804193180956026
0.5061606205300595
0.5270120312765423
0.5232882982766628
0.5363685036403185
0.4090776221288397
0.2572445990776586
0.3308419326927245
0.34827347553901317
0.6031779942560467
0.8977774815734949
0.13341968720571923
0.09660244673330264
0.09228170743386176
0.08270555349680914
0.10977542433823403
0.026861466328671244
0.34534110253968703
0.01455481580675193
0.016333246871290195
0.014486380249212593
0.025897717534836138
0.9817301898358834
0.3279607525578503
0.014026696249775593
0.017498942238647185
0.007737635434071277
0.006607336333060553
0.3059171043222209
0.004627882626745483
0.015326515038826904
0.6908091213458701
0.6862196649606762
0.10530112053826926
0.0012409530912890097
0.0006330155360547152
0.0034713167675424093
0.0032203214149031933
0.002641854760955298
0.011696701867163272
0.9396224220925415
0.9959847300127267
0.9668704563850847
0.005930687277537127
0.001171653872857925
0.07186690980454807
0.9975119212290848
0.972362460441256
0.9984044889859345
0.9649632836883144
0.9646825581228933
0.9400912145836917
0.07643823034303769
0.023897698270328283
0.03603332582754998
0.9999254757411202
0.9560792554679571
0.999961282805826
0.01247836210560308
0.0032550781566008324
0.004021291878802691
0.004028311600048872
0.0033939552147111193
0.00019844495016217988
0.1072038742966473
0.012381873853651125
0.008069820290477592
0.009984451931902538
0.012897193451201749
0.6069740191156648
0.6906508981595996
0.020341975109857968
0.015058415562119752
0.009106829500551515
0.0013470140206726542
0.008951388409551841
0.01265587407685248
0.021054419291382808
0.9991360807607346
0.9986243694502313
0.9925113402836394
0.998790170169348
0.004151132058738859
0.0002994696162997412
0.001967776215082817
0.02791438950717392
0.9983971424639655
0.9958441787868266
0.9962613565671166
0.0013278339420990546
0.0006614425750626651
0.0014502183807667767
0.9997828941569169
0.9998182877207293
0.9998716471959563
0.9991822474714924
0.0009492447891044197
0.0001895095246065681
0.0010395865984438645
0.9952685496430278
0.9964303161553609
0.9752983318309592
0.0033275411573575274
0.0020404207582167097
0.02560318784897514
0.022348738551343804
0.9971483745875875
0.040780213528292884
0.011024624429996665
0.009372328699985265
0.0012882644810608634
0.003850304718295361
0.008349954731676011
0.01714590347624818
0.04501412268304976
0.0007499879975618628
5.039155118454763e-05
0.000676683156385216
0.000539809228808863
0.006580198187525077
0.8899856119068359
0.037439038695976964
0.005495930768467039
0.10219443412901622
0.9986532556490435
0.9993472688624279
0.9998974031437724
0.90459920248137
0.0808507022129779
0.006043758263481069
0.04361789410915855
0.9989287290713746
0.0066183663957378285
0.000721350021499978
0.0008078598748763487
0.00017336227223373467
0.0013912764343501525
0.04564921079184281
0.997717447620007
0.9952116536832969
0.9848913153370809
0.9857101725830868
0.9915886636291413
0.9887736394442292
0.9949792152638908
0.9860545488818895
0.9809641830428135
0.9819296340366626
0.9719902476903794
0.6571211065177439
0.6475978835850901
0.6513864116805339
0.646754946746419
0.06517358782658199
0.02751168820584857
0.02268928434530235
0.3363059581549923
0.31910981883616607
0.005259986616529677
0.01104827762063083
0.029876832796405014
0.043509077186137064
0.4745653598783959
0.6812268693114871
0.9028990251113276
0.9234529702571617
0.9414870396845743
0.9196912986528838
0.6835662211390133
0.13441049848211464
0.0033646277211801575
0.3038980805665844
0.30414284276124004
0.31651890704868296
0.4128491866668054
0.9930131122352823
0.7412740405889049
0.7179077995687075
0.37020703821211104
0.18407411957812703
0.021948394403825622
0.3222036312879687
0.3224147998870758
0.3439387573259534
0.6851902001721882
0.6900636311401265
0.11991250862522217
0.0899895097361415
0.07422970812692821
0.072374065755276
0.3876799588257879
0.9863611479938708
0.4082566142573363
0.3873126752074749
0.576040176844974
0.4985522417971171
0.5972235570390179
0.06547515749145334
0.04196342871967626
0.12875661774161667
0.9964123116207222
0.9975267561942451
0.9961019864151492
0.9672336170197089
0.1133747175704095
0.06201034813893138
0.040126801342116
0.7398881718261691
0.2949606675986612
0.004788588419427941
0.0027099333875894027
0.0058436443485096684
0.021732712575430302
0.42970712001713274
0.9889031767161676
0.3510864314027402
0.3548528757840479
0.3248418897654335
0.32200866714065546
0.6284474380964582
0.1071063190779217
0.0006146350608328021
0.0005022143729379147
0.000984254299541598
0.0009988988642172347
0.0012440437677972759
0.9987256188361433
0.9991064393298756
0.9998029316399772
0.9999666022788201
0.0016979304550949425
0.00176509596881671
0.0009499340251375997
0.0006185348237837562
0.007137728250713382
0.03557067413196929
0.07166000876392409
0.006855777832425158
0.005902401973391025
0.010059023277249612
0.014044726187280886
0.5665053788811258
0.9947936124993364
0.999021653732127
0.9990214803734052
0.007719300608813095
0.004277389921147711
0.0005886905438081458
0.0004086130664936349
0.9936300448084838
0.996820972908445
0.007870269348104185
0.018952096442034848
0.14394299461563115
0.9944819869140971
0.9972175680645945
0.9974966928633671
0.9957677909882918
0.14704249873223546
0.02539049494937726
0.01357140634515741
0.9998513531549655
0.999815858606218
0.005839049894672576
0.006026950475324099
0.0052577921211656165
0.01213937863269001
0.9836279173937394
0.977731102788485
0.9759412329626203
0.9913455364257209
0.9994444879725777
0.08366913636689531
0.05364805087636367
0.04569553938863134
0.018823161214319616
0.954434294368417
0.9934426013274473
0.9538177193857582
0.9605981064332989
0.9561442324984741
0.02842232728250242
0.06460652349856823
0.02563905324005934
0.029700795154773172
0.007797000070835846
0.004681765879879029
0.019115706409902077
0.05453881582840284
0.9927034292170953
0.8240594284622533
0.9934536320243768
0.9904045000823147
0.9724206027176276
0.9370287534556165
0.9904276055327774
0.6665991910295356
0.6796889682654438
0.6794157136438138
0.47427103990697633
0.9988067399498477
0.9979607032947324
0.04336735432860613
0.01709725269555402
0.3267585456077392
0.009838390196080614
0.9447184179432344
0.9287707206529903
0.8985643484543446
0.9056897472971639
0.46913470464311535
0.03883007256722487
0.3897080861661543
0.08992080865345946
0.09941648453424434
0.4694501153306979
0.45914946551810026
0.07681170691287463
0.10851328671572397
0.0997737797357846
0.1373953144078438
0.7611203351979925
0.9376147670465871
0.7748877859629941
0.9561001564899849
0.8933706745005601
0.9496123240154395
0.06718494098334998
0.005170894424797834
0.0013295957422969629
0.0017814687102566838
0.5019881890241598
0.5041088853014861
0.9997939370545017
0.9999864694150877
0.3049920099942658
0.0033540871544128215
0.0020806028663136744
0.0015305593356702229
0.0032607084633410775
0.9998762210452166
0.9995299261011421
0.0006580073382325579
0.0005593764776670729
0.0006551826420353678
6.089063596453891e-05
5.517534385962585e-05
0.002923361489438314
0.9998342097196489
0.3565177690553567
0.999870212535052
0.23271335482976782
0.23006338332903029
0.920399490588657
0.6881763609823399
0.9997178006946945
0.0021801918027680276
0.0003492405975651036
0.0003671139735423101
6.819552844786746e-05
0.0032729151658780317
0.9999617608685776
0.9999978093372668
0.7329624847260425
0.9967053569744204
0.9996937492658755
0.9996926979127263
0.9997479866635646
0.7373101875750824
0.9919118503771025
0.9999681950029398
0.003600777974771918
0.00039936673205869243
0.0007172552886946626
7.77485653881027e-05
0.0020853334712622514
0.9996265466741081
0.6880907749623936
0.9967280587233802
0.3322819175747213
0.2527567010716092
0.9022518710265972
0.257689705200284
0.9994370131684598
0.0023609158243825257
2.645654766026961e-05
2.7914825671015995e-05
0.0006567756698211634
0.00048770082781666166
0.0005295867106904772
0.9984126856769855
0.9984075159699641
0.0018267651153243024
0.0007219390904174449
0.0021877892518860852
0.0018327862791330139
0.004152506968756631
0.512704242901272
0.5212905610088595
0.5138972016093196
0.5152646527443036
0.8689035407462118
0.46122674048740175
0.3796512122030196
0.058170471883785574
0.004209730955251789
0.014788248524405322
0.2298553363528504
0.6291155074543665
0.20529338922466922
0.00063720616987889
4.372499737254065e-05
4.6422785785549256e-05
0.30035751509835484
0.3000425674177952
0.30157423148913204
0.3488973258617227
0.5888250792591954
0.9738678950340749
0.9499020538976821
0.9496773478111669
0.9166304623031643
0.8734001528524227
0.9844110008718658
0.8180248878002607
0.6771558557832865
0.3198517937972654
0.0034145626859464094
0.004221279656381504
0.31579081726851155
0.3079744939987235
0.014469699440529426
0.6999544954420933
0.004404191257137535
0.0002821510558514539
0.0025417337755098465
0.011358926976085058
0.6999531405653742
0.9999351935101461
0.3046381701373041
0.0002112209292892797
0.0008396299949084862
0.00018936019561466289
1.7246707279150453e-05
0.3000278808691476
0.0009632071211590931
0.00011306694884344325
0.0002161343461350884
2.686316387032761e-05
0.0003895331138962898
0.44746236276078344
0.6704603174286407
0.22170766011212684
0.226834188154572
0.6633034043569364
0.16241776360128654
0.1356641108950363
0.15313119847259857
0.7726424340636483
0.9255234885310726
0.8713171931864114
0.8671795719709154
0.9283637450473761
0.9366956332056413
0.9701468692886595
0.9980762260200284
0.2336848373065884
0.0002972112398121562
6.507987670567594e-05
0.0009563302671057538
1.5464894249705986e-05
1.2241262474188551e-05
0.0002059820880760288
3.2479830057874355e-05
0.002042316462518223
0.999999118110833
0.9999988114731704
0.9999996357829231
0.9999995851954804
0.002045498792153766
2.925890033022016e-05
0.0002047209355032664
1.1184591565427393e-05
1.5076229821064934e-05
0.0009543315987838641
5.5157627412272256e-05
0.00029165673967820324
0.018868541287188467
0.23866561072139264
0.24645648750339794
0.2957268987846373
0.7322911176923781
0.4907866806196465
0.4073545945794501
0.47929887033230345
0.16997192588195023
0.13975230019139134
0.5899012644895075
0.5291025253148319
0.34448753305534247
0.3330629069074304
0.10077021030304113
0.04319370729086281
0.03519768755981718
0.45234557109832735
0.8412913168270753
0.837582625767904
0.029391992249886433
0.00672521076299013
0.00949490964957591
0.43985401248956507
0.013990711883787732
0.006371251505067698
0.06849975761485244
0.06719694478768988
0.0053716776926171494
0.022616612107623543
0.08535542921471224
0.14943599080253128
0.15033801708726835
0.6163834467263126
0.5937270639425405
0.6621558778081786
0.44992107871588616
0.09388169138205128
0.1026497447585224
0.4641324641471509
0.1498018565218145
0.49127429793367466
0.5586035014303408
0.34860535973635826
0.03398571359022026
0.04639800784090996
0.6608829009600545
0.5845660290393813
0.8846334204991295
0.6117678796651949
0.7880557912888293
0.9409303109066518
0.9052970263874436
0.8844716855687933
0.9977673109930125
0.9947685965156934
