0.9889092292852465
0.8042863600526649
0.7809913397735871
0.8470113789202238
0.8508251430801087
0.6402157083126852
0.6370564717691045
0.6258045260020557
0.27342853442961723
0.40422139202505725
0.6517463467343099
0.6386896232376863
0.6336866252710597
0.44052505036112233
0.1619736983598452
0.62944061000481
0.9897893118800054
0.43217076459587644
0.3638239499718343
0.3600404617352182
0.009614846209722527
0.001852032023774819
0.0034585855060809134
0.0034290809383794585
0.6245778813427214
0.6891760774509241
0.010553861791827268
0.0015071141489766404
3.100067552064267e-05
7.390764770121017e-05
0.0014287542438864431
2.4499670359667824e-05
6.618387140111537e-05
0.0013317629498984518
0.0005424116426768766
0.0001712039690552336
0.03225127427321406
0.9999995725344382
0.9999965454167246
0.9999910608634358
0.032200849736652715
0.00020676036244049456
0.0005455917329006965
0.0013364134855921028
6.745885552561504e-05
2.5103350113075962e-05
0.0014332418691148652
0.0008687116018774033
0.0009019497671487464
0.002446910420867754
0.005812903617633092
0.013157658824055396
0.013526746763340425
0.0037306820139959562
9.267188530970305e-05
0.001234421628486193
0.0014724526019223028
0.0015048115888937064
0.9999992877460802
0.011354297978863892
6.64476469560693e-05
1.8239569316014226e-05
0.0002675168636055991
0.9999573639745498
0.031153934577182185
0.04298654759916909
0.9999690184984502
0.9999807506888231
0.9999940913761483
0.9998769342374175
0.04314317446178173
0.031083662185015792
0.9999281598747105
0.00031357742944115863
1.0439555659380595e-05
5.7491136179699254e-05
0.011350382704923057
0.0015190325449843112
0.0015496132761045889
0.0012463576663880316
0.000122111749254028
0.004393894090189421
0.0341019534025957
0.04714830694619854
0.1567019941182617
0.0009555032609629421
9.742180759841901e-05
0.0015106391994395008
0.000509558724649195
2.945118098163224e-05
0.0006785201717864897
6.2437401046056e-05
7.48528176346408e-05
0.0013860682947230973
4.341844785871185e-05
8.301069003868733e-05
0.0094429698336983
0.9962020531223242
0.20041862643355457
0.0016738777387597104
0.0007510462378684801
0.0002782019779792311
0.999430450303277
0.007024283534780462
0.0005448308166708937
2.8020000561901348e-05
0.00012012823646379012
0.0142509124256045
0.7402457258252388
0.9945722861529347
0.994930254564314
0.986608956374338
0.9969853926468782
0.968626630861688
0.9997530712119027
0.985679926758603
0.977006096839795
0.9848392783688121
0.22607695470450073
0.006872576064439917
0.0009187024420129752
1.359468409045661e-05
2.0355204171651486e-05
0.0008457209422191303
0.0011902424488551278
2.190869727847211e-05
0.0001557885184515495
0.010223717999715443
0.9999999853112717
0.9999999880044427
0.0029199907290824445
0.0009409870392966813
0.0009693408584682262
0.0006127753166392802
0.0027000357694261234
0.9985920624506119
0.029038296929975504
0.0013233549689608548
0.041868783490315975
0.9974661196220072
0.7325651796604242
0.9996028576171796
0.9999925929225407
0.9999468628529488
0.9999468599789064
0.7303936014083496
0.9995922004534504
0.0415054352782076
0.0013884778592700986
0.02768301379575111
0.9999937482123543
0.002699083614901454
0.0006155658405403441
2.479347694384071e-05
2.1705924694970236e-05
0.004780843272590096
0.9997848042804951
0.010538604958156061
5.608474540597097e-05
2.195551394623685e-05
0.0011891449400759369
0.0008446085120809022
1.881828769101368e-05
2.87251401364097e-05
7.815240089992237e-05
0.0015481477661636323
0.01973914100580343
0.0008414030081950186
0.00018611232257437216
0.00012896059601730236
7.77215807534759e-05
0.006332473474879641
0.9993468646135173
0.0009905047264301414
0.0007206774076080613
0.002501952768853788
0.0020533437451756287
0.10999318906093314
0.001064101488942093
4.148661382841201e-05
0.0011822249400200713
0.0012722791869589356
0.00016596873264063117
0.0013341429523182624
0.00056824537560074
0.0006051024310955722
0.9999942010806934
0.002131711047313911
0.002551761551672249
0.12792935688703855
0.2910167485630819
0.017782991823894645
0.0007780596028363895
0.0011613589168865124
0.032418625189114536
0.9999905709022688
0.002994880422371504
0.004001646247169366
0.007921177190986395
0.020498960478775308
0.08306176525118225
0.40473931480654446
0.42975785386875875
0.018508720893034236
0.00015271057521482057
0.00046591136261409094
0.00012033155718926825
0.00606108467861477
0.9999996451335156
0.9998852161198263
0.14717475139443537
0.000266754941488645
6.063306090242637e-05
0.001203834826657424
0.0008707776503830145
0.00015897733387115753
0.02040128763890703
0.01723696319686907
0.015912205433350146
0.04767137057531767
0.000378935092386512
0.014137451373795962
0.9553103052253696
0.9999999485027042
0.9982049340350022
0.998918694099001
0.06217341288038947
0.048432177151590206
0.045805701170965385
0.006371849929362239
0.012180917737117047
0.9487121581151614
0.9649601024633454
0.9613543240430236
0.9999597599504054
0.020381323660398465
0.00015229754621415292
0.000873326158507659
0.0012062712167351108
2.4778214464005188e-05
0.00016357903328845236
0.1472183097268419
0.006054798353590685
0.00011073663835736713
0.00047427771904395843
0.00015426980936505963
0.017391550749610074
0.9990476106717666
0.25435461009304716
0.42355967702681374
0.15064749404194622
0.008140421142822207
0.009891350969092993
0.033772034963732045
0.07374877938081037
0.9985921670003319
0.998337386282073
0.9985137278555185
0.11187487146286657
0.01415471428596582
0.0007956657293640701
5.055967189038224e-05
0.000260523765523879
0.0006871902422799225
0.0010150465289916477
0.0021650533556039075
0.0006670447699751447
0.00036590964345240007
0.0003994781371413625
0.014979067819085756
0.999999999253275
0.9999999984787963
0.9999990248696011
0.015231600977935522
0.0002666222163335563
0.0002470271279881864
0.0006672953375104207
0.0021750653270734555
0.0010293517471355873
0.000680950592487628
0.9999762699827142
0.00024012734774603306
4.34163940447041e-05
0.0018091018491595001
0.003124940360881956
0.06006665169202352
0.9146760155386116
0.014492776706890531
0.009865662153371146
0.007251877327920209
0.007160901676578124
0.22728169794038555
0.9984200329464887
0.1605548039031921
0.02542731614636129
0.005271250152965035
0.00013248439120805422
0.0007510072204297558
0.00176617898087561
0.0001433443085316899
0.001721684815955582
0.0014156026941406497
0.00044519129958275894
0.0068261592012698324
0.07762657861509559
0.16503778183865558
0.007458942321980522
0.005313353482139016
0.004269102366686983
0.9962294848975538
0.9962519225788881
0.0036086804380994764
9.15242479572198e-05
5.2893320935276655e-05
0.002733356822275934
0.9999993194821208
0.9999985936595864
0.1055776752106844
0.12081680171786635
0.9999963588264481
0.9980088191638445
0.999999991002541
0.9970325120420827
0.9960863535376229
0.9992525612234839
0.9999331716452522
0.9999809607467329
0.14441235270390484
0.10941386489594129
0.9778229790948222
0.0030591372173216502
5.641275865886364e-05
9.73481248479624e-05
0.005950210942425871
0.999999917229665
0.9995066680258566
0.0024670687068033548
0.0013976182070526422
0.0033559446326704157
0.9999958731774119
0.9998681212629474
0.9996917238376598
0.16124432444436532
0.07831692965910819
0.008357329103933275
8.464764812754488e-05
0.0012905365161398619
0.0016900580838526968
0.00015084738594040026
0.0017608042005180513
0.0006921944979086936
9.48056307177314e-05
0.005601359850968768
0.024023044596538146
0.1609596747894816
0.02551117328629815
0.010946149204476341
0.024414239747389654
0.01199431988377897
0.001849099773126861
0.9862634275264182
0.005885862572313938
0.0023982658076481256
0.999993686176595
0.9999916318116441
0.03974826018657929
0.010948518786178862
0.003695177446892961
0.002114266414879218
0.002307526788273395
0.0006645767063176988
7.315412257213882e-05
0.00017648792628721655
0.008323187188523762
0.0036453959068984965
0.0008141721928133228
0.034216501320528114
0.999840395642237
0.9999999660901203
0.9999999853637693
0.999526443090044
0.03456023778283279
0.001087417550067471
0.0034867800761035905
0.9998565635924559
0.008266332135438703
0.0002322933435181529
7.309256939713737e-05
0.0006646292207638238
0.0023054689590483735
0.0021125304699711744
0.0036928990514331073
0.01093949567576824
0.04090173667939556
0.9979409391000249
0.9995610378953027
0.014485603162486593
0.01923285833609434
0.9981073584228015
0.0019298695994234283
0.011469736194192115
0.9862544781691603
0.002659297245237391
0.001387066054052033
0.032624325097224904
0.9954189702544519
0.9960173116615741
0.1378236145407541
0.020527035796624293
0.0047053085091893765
0.0010080316276809276
6.770235823838622e-05
0.0003251534351697005
7.093734451246725e-05
0.00028009410687812597
0.0011797108001453394
6.260921614364978e-05
0.00308086466637314
0.9999999971226826
0.99999999697833
0.9999999995931915
0.9999999999910473
0.00308086463644075
5.188671621492169e-05
0.0011925336030013112
0.00027799409206785697
7.091198304931545e-05
0.000324713587730896
5.123541266272014e-05
0.0009661887300598249
0.004624102929711715
0.020376984800227982
0.1398158629397528
0.9984689514570024
0.9972007729872949
0.9903105537406929
0.9995389512118371
0.9984316731674954
0.9990320956522739
0.9990606331475164
0.01076408863652234
0.0018930610095461153
2.797746938187906e-05
9.287489580622754e-06
2.5077785589355805e-05
0.0009244354106301422
0.0014060742288511952
0.0019343478281101945
0.0024473508412428124
0.002545422202113734
0.01433373079630762
0.999984760271108
0.9999996962125418
0.9999997709711371
0.9999953043545792
0.014345548182410184
0.0025350402605224254
0.002436700602483133
0.0019331681535932344
0.0014059112629408732
0.0009243731915167253
2.508024455782909e-05
9.043927631124937e-06
2.765767716739198e-05
0.0014163226375062399
0.010561055782365547
0.08342281502831317
0.019163728746818265
0.007810580070413242
0.004291973015176809
0.0033773151433639237
0.03235726666789773
0.035887317420484455
0.039098908621498896
0.41725551630925894
0.6067204686368249
0.25132609134100203
0.9594822136839554
0.9996517611189811
0.1279183405777372
0.0021024054521449065
0.0026053752615032844
0.0006039257532248765
0.0005695756855778056
0.001337135531213951
0.00016414013083265733
0.0012727304361475067
0.0011816191004565546
3.356964759093639e-05
0.0010185120661220237
0.06824131077637807
0.5108442629325398
0.8076939118211515
0.9988332910476128
0.8905909657007209
0.9065443377536102
0.8919137021855773
0.8585114867613615
0.9590814094966903
0.8933609775013153
0.544804329353653
0.6743504025143605
0.5897813991396411
0.5928034045738162
0.04417820782081483
0.012982707133185278
0.0008762682996868998
0.0020014862038075787
0.2585167274708705
0.25878395959073663
0.4879881965383124
0.9979641896902222
0.010394095591087171
0.006994107240426151
0.003946614449313879
0.003330567457633382
0.005772829944533209
0.9999900410623701
0.9993798893503327
0.0009433129185035805
0.0007927820904933824
0.0009259211179497573
2.509536478123575e-05
1.0061472322187015e-05
1.59036876873353e-05
0.0003220377207471259
4.572123614809964e-05
0.00045506549679785735
0.0002086268692542692
0.0823163332835748
0.9999871565409626
0.6093698657963034
0.9999951227217769
0.0034115553009055333
0.0003059978216047865
0.0007466674873640722
0.0004783763647013828
0.0023871618046445997
0.9993770485400606
0.8831671196382515
0.256966317655132
0.9978790307783622
0.9999651708260481
0.999965726088045
0.9978043070720913
0.3586525743191785
0.8967863590800111
0.8859666063275915
0.00285756935245407
9.609971893476121e-05
0.0005120824539586177
3.6761232161008905e-05
0.0027833800024364974
0.9996267413020662
0.6090054617448815
0.9992684558626161
0.0830642821797557
0.00020782591821599805
0.0004543516154099647
4.5329161661666895e-05
0.0003220071178596795
1.591195984962379e-05
1.0069670495438388e-05
2.5143834424312672e-05
0.0009260694856577656
0.0006882005665038715
0.0007169882594980637
0.9967697470905728
0.996756260036489
0.0026062844546325126
0.003332606908474811
0.0039599698366246106
0.006644158531623701
0.023812914441715405
0.8059544962303639
0.820459554633139
0.9670167116443176
0.8267904145763539
0.3110486601647946
0.03413495304582481
0.1460293522808097
0.017909377797687198
0.1716553246922835
0.038465766746704655
0.13132308533698067
0.810688595253626
0.18576992129546321
0.16016741904515497
0.1546049014849823
0.008553446194232928
0.0008717065552878989
5.406261794538292e-05
0.0013149579409079681
0.005870570232453742
0.06359161287145965
0.9985341053187347
0.9999995755922791
0.9999990150831125
0.9999767571556948
0.9999958269319931
0.06212340179647857
0.0058932613351784235
0.001278213389433125
5.712652039413513e-05
0.0008699179887732278
0.0031466005729320345
0.8632905929933681
0.002547506200488381
0.004831676021830766
0.19569190177335827
0.286003716251262
0.18119436302186842
0.12109999732648291
0.8098113720403296
0.3601898146292988
0.8966352815410591
0.005976648659703709
0.05434223180197062
0.06412066151384888
0.8674488504133844
0.0010294611658782093
5.414624881505681e-05
0.0004955892419572505
4.9081943855222576e-05
0.0003124342201868968
0.00041019560607791217
0.06811374757576416
0.9937789624044401
0.9996462960619203
0.005499386877150458
0.003491575988492368
0.0014979204578249306
0.004954127526166974
0.7539169542276696
0.0048981004307941944
0.24303072252383395
0.6394760779060107
0.9984808986100038
0.9991119975419035
0.999313566318699
0.9995019921396743
0.996293902978186
0.9982890826249611
0.3764891138131188
0.0005608578439270095
0.00010760767013839878
0.001365863916936938
2.2008075047708076e-05
1.6600030379065878e-05
0.0002927478324692423
4.4923593524148764e-05
0.0029173274931167947
0.9999999675238387
0.9999999222099021
0.9999999998317892
0.9999999947635076
0.0029216857036800103
4.0486867589617503e-05
0.00029240166575938975
1.596454624352983e-05
2.13266080891783e-05
0.001363269774821041
8.105808672531634e-05
0.00045998967196858587
0.012533177229602344
0.00300444542712075
0.0036655712405118113
0.999999984463733
0.0033639929382321965
0.0016052688483252364
0.00340460367351747
0.004835486044068582
0.9997046497786689
0.06139961805880978
0.0004099249978303243
0.00031304936300513564
4.911569607124466e-05
0.0004956658716117612
4.402523964341931e-05
0.0033089239223081934
0.1959610889421114
0.001082452525617561
0.0013953719909851614
0.27478823813881903
0.14590710918975613
0.07113529176590394
0.08138144416524551
0.7123868182636843
0.6711186219391805
0.6187159845423063
0.9993777968714019
0.009362393419868997
0.00013320992746734817
8.539263777929129e-05
0.003175839592155616
8.394822281510006e-05
6.393933543291652e-05
0.0006678699165482138
2.9428903907557924e-05
0.0005097855057696332
0.001511044943147466
9.32185752823278e-05
0.0008133245216161988
0.15981641842918248
0.9985485594761415
0.3529803161215046
0.3535137066433969
0.000912946871804099
6.153398925989872e-05
0.00060196740246099
0.005035294073422847
0.39167115702718314
0.6765653578464674
0.1655258085820246
0.5764727773832914
0.9918763903016417
0.9821846122684245
0.6864237691102384
0.7090654656863873
0.9996953023888573
