0.994504594127213
0.9504599771703558
0.9334225223621259
0.9740973001000913
0.8321365151044262
0.9745835313322349
0.728282500101161
0.6488605043265665
0.9234029637702463
0.9966142524160566
0.9937789911933945
0.9773343015620185
0.9481068208725837
0.7760821386011203
0.8142251299668677
0.9536537095133045
0.8196737542789225
0.013725405355254683
0.011921204083035986
0.026456588111836488
0.014054071701137594
0.021607848893094972
0.015530725627085795
0.019329149269574963
0.04093915386926883
0.045139407583487
0.015644685816720072
0.5882196215850024
0.5531427810728539
0.024481278087108094
0.0035079289249786427
0.0001310625401215182
0.0009391714996985767
0.0011053214653492516
0.0011132447107600196
0.0011868786616050508
0.011800752613476684
0.4187925037770389
0.89704380883819
0.8619464353150542
0.021340890863093986
0.1003488920200416
0.20256873464623104
0.1105134197443105
0.028268532995188722
0.03344103697467704
0.6467073596967647
0.6197370243770004
0.6164526693152714
0.627691661304586
0.06873931779216647
0.24423436899414508
0.4075231723527962
0.003582202068390883
0.0007758583172448041
0.0021087232298688807
0.00010347684434675042
5.690793275514583e-05
0.0006165946781053755
0.00031897469203634454
0.009366952047666133
0.988362419389049
0.0003002366643329868
0.0011198886684263831
0.023404367034911555
0.9900564507098315
0.9806388028864204
0.9872518537397051
0.007789621500074895
0.01685150603159269
0.015545825459265306
0.014597820374102066
0.9870128180858821
0.9952067471940306
0.9998182802795513
0.9889978430349189
0.9889933868350133
0.9700142290115276
0.9984201048731665
0.9998840678788855
0.005125084335635188
0.008227240706291328
0.008571055686365736
0.006564555083711121
0.02246281783009496
0.0011230042881791302
0.0025556231764999326
0.9956607015416169
0.016840298036982948
0.004449409351109379
0.0021509624329449917
4.2010248290647034e-05
9.435180703787349e-05
0.0015670345348715031
0.00033450558674719133
0.003404110513030356
0.8869508173893544
0.9362480243129755
0.011883094885375423
0.004716964076063812
0.00020190803454089856
0.001091622843924056
0.9550433055912972
0.06669902276788786
0.04904671643938596
0.0006106656721942549
0.006524572698343389
0.027778105802692243
0.751536301076653
0.9948782845272439
0.9947839951044833
0.9340466163594844
0.9411310854016078
0.9100358479062833
0.9988221193471227
0.9702290985917869
0.9260011249670721
0.9723161163856618
0.2201917590001693
0.006786698851671713
0.0008619535848896076
1.3384661524007413e-05
2.0223272673813852e-05
0.0008456604206948937
0.0011901756852583656
2.1908664348258e-05
0.00015578805423921427
0.010223685130160809
0.9999999898377515
0.999999994558829
0.002919994032460682
0.0009409390569442566
0.0009724896330438604
0.0006174135157389626
0.002729905572407154
0.9980198715086956
0.03415497433767711
0.002036666052933067
0.03680660900035959
0.9944963536987514
0.4626860280264633
0.9999993976886117
0.9999816441792969
0.9998849468815322
0.9998864921016731
0.45303644276556754
0.9948879680877654
0.04094525439838137
0.007271262162399372
0.03227508352370301
0.9999869987875631
0.002737591328161648
0.0006247199771963752
2.4822382757472283e-05
2.1702204270557246e-05
0.004784052444539499
0.9997848293007897
0.010538575917951487
5.608491089803547e-05
2.1955841685961097e-05
0.0011891452934855717
0.0008446157735649829
1.8775550995608903e-05
2.7504601604833034e-05
7.67571562325653e-05
0.0018311760090072848
0.02465495082694147
0.0012025349128285123
0.001651146750553556
0.0016437751460444128
0.0016193806787401233
0.009629957670199585
0.9362860823994372
0.0021383669689207796
0.0020656989311904628
0.0009234580815875582
0.0025582437627410526
0.913402287785441
0.778680528504167
0.6416797417712371
0.662943871479463
0.19440695400815333
0.037198449332419004
0.018874590753855003
0.7107044599038346
0.7185269937426318
0.35852225143994476
0.3766264926816709
0.3675281001015276
0.35542160210519347
0.16227074930031182
0.13234045376269843
0.14035423052029006
0.17112092767648657
0.23811511046753298
0.8076801273350978
0.7699905347764979
0.7839775984689368
0.7501408460232308
0.7643740975094322
0.9111741774360989
0.191371916380785
0.22282527759370074
0.02452825669353198
0.0017321672014392053
0.005846053694789077
0.001858811593862475
0.012000543545755638
0.9997292565575794
0.997037887361348
0.147379480634519
0.000366366425550102
6.517761930668886e-05
0.0012123086971698172
0.000887731884121945
0.00017361830617690366
0.020418163136806333
0.017237034626590875
0.015912188840553898
0.047670905619786264
0.0003792800491493331
0.0141374673607636
0.955310544247065
0.9999995538008092
0.9982045588778432
0.9989185447218687
0.06217276543835759
0.04843149903705002
0.04580509763423002
0.006372161572566704
0.012181223200661506
0.9487094531087044
0.9649579841376904
0.9613517594980355
0.9999591829024582
0.02039647297163627
0.00016700792444612755
0.0008936688186720332
0.0013566112356963034
0.00021285052250430425
0.0003521988550065913
0.14803104060493044
0.010727800655239594
0.0036643017299173852
0.01281075725020775
0.02253823584520065
0.015880559761975332
0.7752464751747996
0.3142297081830374
0.431944257764047
0.32538729316124515
0.3129004601188694
0.32067386204286064
0.48959648501136166
0.8401843679149579
0.15279780517845032
0.018617322815780546
0.006950348219408209
0.03590016094174109
0.61302936952857
0.32756625197584266
0.06254769948169137
0.08393551460530935
0.09597234451277648
0.8830348914653514
0.39202234039267414
0.30351382852243947
0.21149259099354267
0.2317213100550467
0.3192626792451274
0.3840463254696276
0.7627672749361998
0.18547083284807497
0.08433618736471438
0.02926013335454547
0.2332941613305839
0.39660156081480546
0.9260652301507641
0.8007857137629472
0.1397479917863773
0.2115257665048178
0.017491333621506455
0.015119814479297222
0.16066623723476914
0.0848644664532987
0.03742476154657548
0.2506562029040569
0.5177620192040233
0.7201966086503852
0.8463346318080777
0.47036509907498025
0.6589852294983952
0.10170799849407441
0.10084549245790908
0.10168914025381404
0.025720274700174017
0.0029041157629949854
0.23609933678257589
0.01620516080755141
0.003516343114255527
0.04446524206003999
0.29888837372452526
0.41137772295880926
0.8316442465703113
0.38612610981846285
0.043652183885318
0.18936283148487232
0.628433791364438
0.36751892284858756
0.005565744911388615
0.07642929673419241
0.016997176060565278
0.0312396584017125
0.6128649992739393
0.20471231170911286
0.9966924912886674
0.9915439379998978
0.6546202664642334
0.6695282313377164
0.9742119768379144
0.9451352350000725
0.9826905461508088
0.419630764659902
0.29979044300182545
0.6632050542549828
0.012545006424789729
0.008965794417233885
0.012075354857705944
0.2801028228617467
0.5236066878056249
0.13937961634910512
0.1895397286624595
0.5055478802631919
0.6774103893903252
0.9809984450515585
0.04668996407690462
0.04097745426151833
0.0391793279787237
0.1065373764277312
0.39239447747790124
0.40249789813387293
0.9663673522389945
0.7347828660356936
0.6659910633280526
0.40456376255714954
0.04709551341922902
0.011111943689606552
0.00909215278005604
0.29186330382966097
0.6496726261155783
0.542596013894973
0.6339365608364103
0.63125971439108
0.6600126517344171
0.7164297081189928
0.011010649278156093
0.009077495817423786
0.0041684497181655455
0.2784681850198255
0.33608834969612134
0.7160671014860807
0.37990323887844224
0.37416919123544023
0.38526214314111773
0.391313335410689
0.043330924572309026
0.031261701076155224
0.5486207578314295
0.4341901838991423
0.4632448654106158
0.5968192712047864
0.9491617278267968
0.04024748474283668
0.025768751069598528
0.34633675082103255
0.3580568114881728
0.3736881619242416
0.9208259908476484
0.547563473723146
0.5082913484288052
0.5613160287709971
0.2013850771079143
0.5842756188894327
0.3613364373381749
0.05202575902571116
0.01759577150661762
0.018750163005753495
0.3016616431172552
0.9806921298562596
0.019688310086864225
0.019428962413447937
0.05897562518695054
0.6364036457978546
0.11959155324278004
0.05844099522369672
0.15723383239182487
0.3653756763300191
0.023101350283895705
0.0018934915092098104
0.0004919200818608305
0.0009059977177463541
0.0010492713106042828
0.0006778834138586598
0.3809920534472031
0.5830033921533639
0.9999691479178928
0.9999915641017452
0.3905113407539792
0.6202046467586019
0.0057360770005489
0.00010194470712132642
0.0012240357073840524
0.020554077038062113
0.3570937001329253
0.0853577597427474
0.010422228742634987
0.008295883211033028
0.6346544663647575
0.9988050944191582
0.8233581520726798
0.9096108594523337
0.22104910296170988
0.0762145984699878
0.0049202503805612086
0.3540421574291913
0.013437727803084387
0.5188123264768418
0.4480989481903628
0.16422138316953228
0.22249750775394772
0.7486250482576124
0.8788710027998947
0.9963357449761949
0.8609499238475745
0.7283662488092527
0.4976828410837044
0.6998065099167742
0.6492815031361456
0.9580288730969496
0.9712354994460354
0.010828197112246363
0.001864987537730789
0.00013982407556867305
2.685224069620684e-05
2.569003139496484e-05
0.0009249448860456644
0.0014065519844032037
0.001934892492790663
0.002447874879660805
0.0025457221965996535
0.014333844313705324
0.9999843062336495
0.9999992410098335
0.9999993363381919
0.999994928729864
0.014345792870180674
0.002535553832087034
0.0024371923457838784
0.0019335466082139874
0.001406187781741397
0.0009246205787902806
2.5518895199971858e-05
1.0078460960905034e-05
2.6461422336421236e-05
0.0014280273087788897
0.009604786787428599
0.9980031742841292
0.9051619745098741
0.9793886589518602
0.9232968542656395
0.8886809087855683
0.9323650234847695
0.9590164583792254
0.9339751260333061
0.9805326258197887
0.9898909352439018
0.8878357191621299
0.9897922822517028
0.9883562613983771
0.13907215731854894
0.3781024458093769
0.008930057893507648
0.015180121478525432
0.5841057532626432
0.5759886467619187
0.15739641187883735
0.3865274694347828
0.7747252870545993
0.03766168472404696
0.23009511548586092
0.3938086766285409
0.4039686227956313
0.985975809669709
0.4354950278150973
0.17560070084401203
0.1778294796169474
0.12161790394379901
0.8378486382737645
0.49723298017414286
0.4112724554398405
0.006860232052249726
0.08536212067865567
0.5511605089729452
0.4796039112291395
0.19071680478780673
0.5057132305704315
0.4177005527947193
0.8810062936830187
0.936317526602395
0.8851466465155297
0.998184244062042
0.9959138290037817
0.9673635981005083
0.9867531483605239
0.6849200030451951
0.5567503722934082
0.5265290806143585
0.8963728576677343
0.2002811834648104
0.11768626515617542
0.06316138860346165
0.01331329297818551
0.010223376476786394
0.010351291158083309
0.004797797636503343
0.005853004861995248
0.004738990213048688
0.012130447016021062
0.004973796298323285
0.011490288534351079
0.001008526535279386
0.0005630873035065154
0.002054427793177549
0.009226249134899
0.009370714507427103
0.014982616279505367
0.9857460087633491
0.3595539262015959
0.5674055927681211
0.23571289532234918
0.43977897101333385
0.9930835088529589
0.32979064735133146
0.34904822956840265
0.4258801962992681
0.4300069066342721
0.4698118732148264
0.9998255810876813
0.9942918406514084
0.6624539019907154
0.20910344810592274
0.0010608277338564065
3.3833006885641836e-05
0.0004913666864808652
3.940071320152061e-05
0.0008511458291720064
0.001117017895607031
0.00019991950130648917
0.020819938463271348
0.9999439558057659
0.999141718627166
0.001268181412599434
0.0003286284612942225
0.0003517247153241865
0.0012907329173519333
0.0027600487879214652
0.020910770169022652
0.9999746014427628
0.9999751120291867
0.9999838950374121
0.020832135619593184
0.0028326508643374826
0.0012891017935653393
4.327593743269631e-05
2.9868292394596985e-05
0.0009774612919716263
0.9999838866157374
0.9999839054794059
0.020827221684822983
0.0001899127202118489
0.0011096850277036996
0.0008511010426949239
3.9418181848493994e-05
0.0004909315669174852
3.505601409081738e-05
0.0010767232161936757
0.04665845805474933
0.006559818590388011
0.27258641141195816
0.0023666267204254243
0.0006844818906425187
6.687720571851852e-05
0.0012883016222624555
0.005844084450620901
0.06356771333581346
0.998533999667637
0.9999983187802916
0.9999937903189123
0.9999731464775797
0.9999934537420528
0.06209824637352246
0.005867871828724391
0.0012879769154535703
7.20532820678299e-05
0.0006838719233989154
0.0019559429405160422
0.9973410165691615
0.2710776538950269
0.3067220944692304
0.8371637698504477
0.06638818038284011
0.000985348872371783
0.0002110833348346608
0.0005228472860175915
3.549115282430737e-05
0.0003232022637865706
4.9405970944382815e-05
0.0010764755142996796
0.008167858133319883
0.9483264671380774
0.007007993333995821
0.0010729789612299312
0.05029597589020718
0.022035612688762085
0.9999999825046776
0.011771476299369477
0.017958839409493832
0.9999998443208459
0.9999919253099028
0.02479161035101496
0.005010213969588229
0.9999802820519631
0.034671656565207765
0.030734981161664954
0.0010091495888351343
0.001537133150655401
0.0032324520230728737
0.0014423907688893012
0.0014178345288320404
0.9999653257740535
0.9999618713987525
0.9997431083160967
0.9935787271574863
0.01861312898214329
6.374104558481974e-05
6.58432302579337e-05
0.0013573258645545039
2.189140415009838e-05
1.656590530518809e-05
0.0002927282527637187
4.491733254674557e-05
0.002917320298864934
0.9999999666144629
0.9999999253892355
0.999999998928614
0.9999999993271267
0.0029216832136496063
4.048095985020872e-05
0.00029240063445712394
1.595992570491145e-05
2.1292061203825874e-05
0.0013588256451815273
6.585113878643245e-05
6.588996584300233e-05
0.011932962919812606
0.9999982332482237
0.9999958624429597
0.9999998010229992
0.0014488045006136874
0.001455229002559455
0.0032085857374437587
0.0015247691306732314
0.0009680511116897383
0.9999301336263692
0.026472480878031224
0.03896431381221699
0.03883471204141231
0.01820850938249674
0.9895831625708053
0.9753787964671602
0.9812345181670351
0.026816692821613253
0.021522638042908215
0.028421847589828908
0.00474709203389434
0.0001559968416006141
0.0033452552662628365
0.9999979760385127
0.9981372370506831
0.010026775712571934
0.0010784153797234186
5.327991131409693e-05
0.0003231725973804611
3.550964533360901e-05
0.0005205223958680838
0.0003702366397695389
0.0006358085902367083
0.0040379524320637294
0.3275902508212418
0.4308706247158768
0.20903112411435887
0.005484408640346383
0.0038465512989745987
0.9998244332639793
0.023679300488726462
0.6565480160161775
0.0246087134080053
0.0001124317080831716
3.1679088813629797e-05
0.0005156179660696925
0.0001549818996996466
0.0010646577435273752
0.006100975678360099
0.013666535255305035
0.9959935172641431
0.9879161777093178
0.9859869565205346
0.9598293694807224
0.9661079174748222
0.9736342618362394
