0.9902876271071733
0.7858429908067401
0.761512070730928
0.8499605667959803
0.8790244593289166
0.9823432090749009
0.975091473643549
0.9464247469984434
0.9440631010884237
0.9619114890879181
0.37767724406059655
0.027959536389687956
0.0014885366699955993
0.000754115159488089
0.0037653681707714437
0.672658642217498
0.9980138122385501
0.002543132626323108
4.389737151400119e-05
0.0003263125185679616
2.0214405582641426e-05
1.9539102487198257e-05
0.0013926684470049189
0.0007326137948917566
0.15791043750983524
0.16049505807922126
0.019470004857326084
0.9999999918688748
0.9685097007526949
0.022602131246926116
0.000617720024781776
0.0013507234172559501
0.0005305531974568733
5.069068465357596e-05
0.0010700659648956723
0.0012583730438106011
5.47499703488219e-05
0.0004438291424438967
2.146721914453309e-05
8.962404348999975e-06
4.550011709314461e-05
0.00017858419098459866
0.046343203421077006
0.9991253809359403
0.04941409138866415
0.004122966874139489
0.06160251733406019
0.9909028727354788
0.9918081187076175
0.9980682583664282
0.13303523413304108
0.0016754210082180476
0.0017178621549865936
0.001157882265652388
3.198381453373145e-05
0.0012147855676541974
0.001461936098748673
0.001464800378226383
0.999999991952258
0.01133738315297772
5.6098061270049016e-05
1.0726417011275302e-05
0.00026728438038803315
0.9999575066761655
0.031138529817704375
0.04298158974325872
0.9999792617594692
0.9999959078746987
0.9999998284436021
0.9998769577115661
0.04312800125086158
0.03107605615069453
0.9999281954385617
0.00031253691196420075
9.444420013493549e-06
5.735419483376969e-05
0.01133737035354887
0.0014647919867049053
0.0014835626694983395
0.001193285075552497
3.2115400805832195e-05
0.0009991005285011623
0.001645963365544123
0.0012079027700944156
0.13169442578585477
0.004976231480027571
0.00017611831350650142
0.00011644171533442549
0.0011172445970865086
0.0016115777237232232
0.00065126897662382
4.511574937438034e-05
0.00044409067327289
2.4143355846439896e-05
9.343094564795429e-06
0.00010886684839883642
0.02500840996232012
0.9999999997823881
0.990240898207903
0.824468058485729
0.18842592118482515
0.04312070946742452
0.9986309292262487
0.9999999985305349
0.9999991885469327
0.8990551775832044
0.14546420534185223
0.0025336792179615486
0.9986007170554807
0.9999999999586746
0.02423938183062435
0.00010893659177846349
9.227384620058565e-06
2.406441142743798e-05
0.00044409230153630297
4.5154605800346026e-05
0.0006516895709015591
0.0016112140690823784
0.0011173219345476104
0.00011822925548887753
0.005907957910392669
0.011340173466401815
0.0075668386012031075
0.00362389891937398
0.0015288515710827344
5.687471060933369e-05
0.0010726971167821509
0.0012592040940421212
4.5164326552993295e-05
0.00029189534028095654
2.0621762122918774e-05
2.7076715129692452e-05
0.0014820124409825608
0.0018335926168392414
0.0017002557628583714
0.22871627784461412
0.9971968485387998
0.00674594875213852
0.002891715848517329
0.003406814641880307
0.009270731058662274
0.9999999938985211
0.03014930479547151
0.00010381195206521365
0.0005014754611190053
7.027637999235115e-05
0.002568089653440575
0.9999734629579152
0.9959855195916627
0.023358030562109056
0.0023756458248366252
4.3482885629386736e-05
4.976697705383337e-05
4.509001091301812e-05
1.1294040209941514e-05
0.0004907857649234515
0.35086909585421244
0.9999999971596525
0.9999999906639947
0.999999856391668
0.35086899843469854
0.0004907122377156847
1.138684658874567e-05
4.527471873116973e-05
4.553111981653313e-05
3.780693641486366e-05
0.002359234316072878
0.019342148052794217
0.9985176584804301
0.030363097968981734
0.00020603726967616254
0.00047792196692075795
0.00014827328177424715
0.0006675910843102484
1.4970925197532736e-05
0.00036749482335807215
0.19408844386950597
0.9995360941321544
0.9999988245596778
0.9999991359650432
0.9999997878176529
0.19362376810073945
0.0003665418726753744
1.3697987858662941e-05
0.0006699536434052744
0.00014756847713726096
0.0004841770484398378
0.00021542449365485883
0.02081701614975129
0.06436363678777746
0.00297115306832918
0.0007044139811820394
4.193217709591579e-05
0.0012088070564519882
0.0016002503170646776
0.0005914204031925996
4.905729145654458e-05
0.0012086846589713929
0.0018572726347332313
0.0014021148594257626
0.0009239781093332011
2.521764824603423e-05
3.402372867644665e-05
0.001884405189170657
0.004281539148265345
0.0017250608485225305
0.00037338637076844705
0.006358343748912865
0.9999999839189742
0.9997865723319928
0.14715811780618815
0.0002670539897730029
6.0636633986810295e-05
0.0012039707259631216
0.0008710486685453711
0.0001590920741009194
0.02040147628560629
0.017236962604704753
0.0159122027495191
0.047671362497688774
0.00037893509339725906
0.014137451534560697
0.9553103119442303
0.9999999486516314
0.9982049344498136
0.998918694225565
0.0621734060694793
0.04843217026360913
0.04580569454077377
0.006371849222640447
0.012180917872741226
0.948712144949403
0.9649601022200549
0.9613543225699518
0.9999597548627612
0.02038150812645423
0.00015247299465370734
0.0008736480523574564
0.0012126697625626237
3.2834018059646475e-05
0.00017256980820001822
0.14723729950914544
0.006288160169348855
0.0002918206706982174
0.0017513051578613714
0.004237481233481444
0.006351636898749513
0.0015041512621497555
0.0005445454560276675
0.011836807214576917
0.11042908922644479
0.9994175134333032
0.9999902233209037
0.9999918526451039
0.9999943967821345
0.1099375442473911
0.011869090214623679
0.0005878895100365211
0.0014788576411578491
0.006814453977016077
0.015531730173996339
0.0018259080237027492
0.00012036632265421954
0.0030976582042622214
0.9999937380995714
0.010863377751850534
0.00011441980763959858
9.256073988384017e-06
1.0047771862975452e-05
4.578062128557381e-05
0.00012320083453065678
0.002970286423226276
0.02399411396254625
0.9147974787869302
0.024101154742068642
0.0022174548499260816
0.009058800404397993
0.03493769617109743
0.0027939758950824567
0.0001099629433604088
0.00029584850934150086
4.3908798881719946e-05
0.0028963953092159267
0.9951795704488046
0.07969374035969357
0.0038181910062841107
0.001306849333215232
0.00023006412779058572
0.001607445481359937
0.006747798427489071
0.006771228802465723
0.26663081727630333
0.9999948993354242
0.9999497802031094
0.9999949293343694
0.2619242275783453
0.0016632515947497817
0.0026757795058605094
0.0019150170315453963
0.0006179580811462859
0.03140236290794607
0.03878911213475378
0.0230325119887681
0.9999999963352667
0.9999987768508853
0.0028127607270191923
9.860329064503848e-05
0.0003238092470718712
0.00011330847134372046
0.0028109793293508156
0.9996249364277721
0.033370211609151545
0.003759902985730479
0.008206399398456465
0.01618595450187521
0.9999964217488848
0.999984784531356
0.6959162228460006
0.7606505351097759
0.9997396649149968
0.9742906106787509
0.99864683648374
0.7914101921844752
0.7380794431751034
0.9952242748475849
0.03764054437094255
0.006143045882680553
0.00015033939283259912
4.5793274054406474e-05
1.0200742134869323e-05
9.404791722511519e-06
0.00011456529394127113
0.0167788242175565
0.9942024048255592
0.9997706699979301
0.003051734863726674
0.00023114227769371887
0.0018188671642780374
0.015706795461382428
0.9998169744943348
0.9998824400654341
0.9997909110128952
0.4073328122602564
0.09597828493632476
0.015620614457502291
0.0001752116608291221
0.0025165507150469724
0.003576753213165196
0.027480315958980817
0.994700835465763
0.07046823432718419
0.00013592379189386605
0.0006336100523030019
0.0012562045452438886
0.0006306573506168478
8.793374596571812e-05
7.739498592285177e-05
0.000483166822209502
0.09954869308222014
0.9991539327625392
0.9991774883842077
0.07103051439492059
0.0012507564493353662
0.0024302937285501924
0.0022820630180627743
0.002971070000758358
0.15424501705487959
0.26464646068843023
0.9992008806181255
0.9992007565835583
0.9991866859367419
0.26385316146322735
0.15515951298592534
0.9999238439082434
0.0018222408914529975
0.002244026493683715
0.0024252766809804704
0.002079304508594393
0.07195066555864504
0.09992257194664667
0.0004213808978599243
1.1368687578117154e-05
2.0931663489931474e-05
0.0006306572592257309
0.0012562047287468792
0.0006334406946657545
0.0001360088451778374
0.07046746792105008
0.9999933017259546
0.025290801289694298
0.0020082526360929442
0.0009549327204202429
0.00016887780136676245
0.015663096435697854
0.09601622748806526
0.406690089204793
0.003201153181940919
0.0007714144769497278
2.4085378767746413e-05
1.7099127371800193e-05
0.0006148608660166976
0.001080349212733367
0.0015482909745633266
0.9999427503059054
0.9999999972648991
0.9999999228068585
0.999997159047331
0.0014909911195628567
0.0010832660888570045
0.0006144593728004688
1.6828169570604068e-05
2.389786773171476e-05
0.0005982040060450444
0.0025929662845460832
0.998181815240713
0.00407164797388293
3.249361081725244e-05
2.676015352187644e-05
0.0009239783424753734
0.0014021147639223797
0.0018572289712932566
0.0012087852291653434
4.9000228431794746e-05
0.0005914304981459173
0.001600233899373249
0.0012087037185579685
4.143362175612619e-05
0.000615537531445498
0.0008741721248490819
0.06170908377736728
0.9969949135593406
0.9920798162794346
0.9999913457281411
0.9998629275193548
0.9994497675634821
0.9937053253160819
0.9976434174635379
0.9978304445113806
0.9998230019634272
0.999562962273086
0.010387222853440181
0.001516683180577516
2.455860033634405e-05
9.015646765364593e-06
2.507493246084458e-05
0.0009244342705934105
0.0014060732693078615
0.0019343468726017443
0.002447349739209681
0.0025454212034587975
0.014333730508604647
0.9999847618335237
0.9999996972102012
0.9999997719080065
0.9999953050814853
0.014345546636139517
0.0025350385920974716
0.002436698737237175
0.0019331663265372834
0.0014059093841949366
0.00092437106393084
2.50766426314053e-05
9.010498747019646e-06
2.550368018117144e-05
0.0014151376953264183
0.010180966641287204
0.9996903756757546
0.9999735364756553
0.9993273917673697
0.9982055539635013
0.002245753987046961
7.403265381722424e-05
0.0005434002102957525
0.00016006383234568045
0.03134082915003389
0.9988464022824833
0.009305553823675483
0.015200643194168806
0.08724791350290073
0.1027333992768058
0.9880217838522832
0.9156433264754783
0.8852253703607424
0.9857648093892079
0.22584077931254176
0.020548527283100193
0.015997995364246176
0.001545722422768736
2.69117991292811e-05
2.050027679267874e-05
0.00029186903921896157
4.519029186322854e-05
0.0012592087016225495
0.0010720901399196014
5.532770847838098e-05
0.0014871429920443324
0.002916373035384612
0.005303027801302873
0.9952460835301481
0.06443920032832418
0.003705520949644159
0.04907250304481359
0.9993985588730881
0.046912507715476615
0.0001990381813240516
4.550851364681918e-05
8.963992750854466e-06
2.1467577043465802e-05
0.0004438291469430755
5.474997381826885e-05
0.0012583797690888243
0.0010700533648208
5.0682918507183317e-05
0.0005305597247233784
0.0013627864754846009
0.0006056573486494798
0.00919488992556472
0.999993199392118
0.31416737664910355
0.0038031432065331883
0.0018288978787048826
0.0007326148514120723
0.0013922156782105732
1.9818280191596926e-05
2.007951989979606e-05
0.0003231020782320515
4.788515798082038e-05
0.0025118527746503805
0.006498217409709017
0.003809831129380492
0.0022653637921650205
0.009628997417677088
0.9999998901983457
0.003030649022168208
2.8930586542741388e-05
0.0004899824250763629
3.1424128721369016e-05
0.0019888712231618255
0.9999999901760318
0.08769807860279544
0.0624589549613761
0.9996358061960893
0.9999911802924554
0.9999912983098895
0.9999952393957826
0.06295950826673313
0.08683879413328688
0.9999997946923852
0.001993598016972631
4.6293658562568396e-05
0.0004954130934625711
3.0495859068668807e-05
0.003030710569895345
0.9999962911846461
0.009744108292700115
0.0024371439532789863
0.004219760508104242
0.005797532080501044
0.9997929890448459
0.012349963310206769
0.0029007764602857478
0.0029273857176818074
0.003289567206868127
0.07051054350816555
0.9847451155336979
0.1384104608304536
0.003629249203146334
7.992956773128501e-05
2.9786931309505604e-05
3.4869471944420916e-05
0.9997213325140407
0.9997846318902576
0.0015399064610784885
0.9998835920709352
0.9985694119905072
0.0016724995916764795
0.0015236530993067987
0.00063295580671896
0.0005264896079985038
4.5040758000380876e-05
0.0004439969867102711
2.152669258215223e-05
2.2576279170349878e-05
0.001479756444223157
0.0005447525891072447
0.0005213452978991562
0.0005226317414641635
4.914831470448355e-05
0.0037810347943222355
0.998834830979965
0.0029955230759244333
5.411606248517664e-05
0.00031273452416569203
0.00015307652799478877
0.023937588168822188
0.16924643697496156
0.9884535829904144
0.9999867894574653
0.9995989608024884
0.9999959217658734
0.9995380464993906
0.9884541992228648
0.9999999905103372
0.1721531466519386
0.021093875511526194
0.00013516686750536522
0.0003061269840564096
0.00015117910555939584
0.0033586636383954316
0.9999999944765963
0.999541431059382
0.002615157834036763
5.205615338976788e-05
0.0005299589630305412
0.0005146705692862241
0.9649625856575818
0.03558217075722492
0.0014799824059712474
2.243475302232678e-05
2.153331565035721e-05
0.00044400187022064497
4.562811935771016e-05
0.0005258931463867356
0.000676863722498755
0.999999983937006
0.0015814056740045546
0.0004660081102816349
0.999999541638315
0.9999947006972357
0.0017840050837967247
0.9998372086446986
0.9999800847009495
0.00015073433093404365
0.00013142962481760279
0.000215314109265341
0.0035594865286373567
0.1414431724369115
0.9786319883837293
0.9744356587559717
0.9676304145145318
0.9627673805112598
0.9993401682349436
0.9973747415635126
0.19590351976535914
0.0010650510792946655
0.0001367237070734051
0.0013671706883900958
2.213847458687468e-05
1.6609634545972085e-05
0.00029275432908348886
4.491928691330305e-05
0.0029172748079523414
0.999982488548827
0.9999995634166888
0.9999997025176103
0.9999996776600103
0.002944115609793685
6.273259010469712e-05
0.00031466455233086776
3.925749384414701e-05
4.4638334932622925e-05
0.0013745516382305256
0.0001066381628161972
0.0011086086624011449
0.0496659598309559
0.07376850233167676
0.0008844551583071514
0.0004593740158471693
3.0037665168292094e-05
0.000958310222857861
0.0012660673222026908
7.312360693478848e-05
9.501111705145782e-05
0.000402066790116673
0.0012745396637655615
0.9875812366136033
0.7827348179644489
0.04476375632195595
0.00015343178724924744
0.0008312808721586684
0.0017811276978865198
0.9999991919200629
0.0036487075644411338
0.0006317074115664845
3.9856398222792855e-05
7.579643432376049e-05
0.012588140307914775
0.9999999999854302
0.9999999999245137
0.9999999671983685
0.9999999999146821
0.012449912185735768
0.0001408192707323952
0.0001237570799051957
0.0006202447702419178
0.0036466077967882704
0.0025996954818769957
1.4817210453710317e-05
0.0001536125281181855
0.04477416582664007
0.9875810223713732
0.7752207145796423
0.00650124685212472
0.0026789609476206566
9.505471775661523e-05
7.285512495336377e-05
0.0012653770125280461
0.0009590137257636799
3.835424284026612e-05
0.00043684798954735093
0.0006796092364623751
0.07566619863033464
0.7787932212890628
0.709090084526702
0.8357351851108461
0.9935360329798061
0.978428796665081
0.9691203730582386
0.9882558302694728
0.9986038065065009
