0.996658509301408
0.971023560470003
0.9663727534315996
0.9728791526812246
0.7839231221314381
0.9712833478178438
0.5601512821947507
0.44099544536255475
0.5008196220916681
0.9039004363928647
0.9968814818178451
0.9931983835709889
0.7580143979529939
0.6591376462100481
0.5687507318094442
0.6715947563907702
0.66182191653259
0.06234110162520101
0.005926398897049712
0.003968337011491352
0.0027082992755953494
0.00018939702176057338
0.0007330784872507934
0.0062675367534476
0.799847631041288
0.49444581778449803
0.0214807017337022
0.04060263836378453
0.0006786198269554955
8.776068896687583e-05
0.0013611936850713713
2.481892458949808e-05
6.690957383559404e-05
0.0013272555246134354
0.0005379754593564101
0.00016412011640243307
0.03224380696958229
0.9999857318432526
0.9999977995766629
0.9999826725648678
0.0322020953174279
0.00020883271534044567
0.0005528034901194356
0.0013449131046965324
7.754607644261391e-05
3.498956753489324e-05
0.0013670571874699888
8.708402528090353e-05
0.0007083577237855243
0.07201747537462777
0.05910865595710524
0.005377970963491574
0.005453172961400576
0.002667479248773752
6.445192057713545e-05
0.0012239788588309652
0.0014653399796552558
0.0014681710481454502
0.9999998511225695
0.01133821988074002
5.6117581776371495e-05
1.0728557441885833e-05
0.00026728630367089945
0.9999574589088515
0.031138732132129032
0.042981631469464654
0.9999790203707926
0.9999956664756898
0.999999572535083
0.9998769454280122
0.04312823499780016
0.03107629088908692
0.999928192844574
0.0003127931800722683
9.702739492190027e-06
5.73734077125021e-05
0.011337977081303019
0.0014680607567414405
0.0014881492914080585
0.0012030588479532422
6.362180511465532e-05
0.0028865888390647854
0.025104633986575697
0.03377057590417454
0.6067545717087552
0.004850787475249918
0.00019276993810612986
9.345060451049214e-05
0.0011283400814495748
0.0016370946620261062
0.0006519491744804151
4.511682449737098e-05
0.0004440904827742731
2.4143239735319177e-05
9.343046549759038e-06
0.00010886676308985432
0.025008409915262098
0.9999999998764786
0.9902408982943043
0.824468058559658
0.18842592119216783
0.0431207094620949
0.9986309293425926
0.9999999985429872
0.999999188554361
0.8990551775787313
0.14546420525035508
0.0025336791091516986
0.9986007170497598
0.9999999999679889
0.024239381821482886
0.00010893657535326895
9.227370260989076e-06
2.4064410286683824e-05
0.0004440919972614754
4.515614687927716e-05
0.0006523778562381732
0.0016366381873429425
0.0011284668291235977
9.372220601366887e-05
0.00021902471312595928
0.004953282747883314
0.004224782755624101
0.0030713278297020974
0.0014622018102568024
5.4598541849526505e-05
0.001071504796902989
0.001259173320498852
4.590220149414126e-05
0.0002966650896435441
2.0540699483762026e-05
2.3996621932753648e-05
0.001199952198811527
0.0015405778054871089
0.00195183083194439
0.20095137588956813
0.986575964436729
0.2740527440534145
0.04159460346353783
0.015246532391294254
0.01427295024137798
0.8264880587845505
0.096113848945661
0.007387527593419763
0.0021548427225639433
0.0002383073227660848
0.0022262777419583824
0.813775697491698
0.8087694731964138
0.8021701600467922
0.9990356524365417
0.007743230368431275
0.004868732166831591
0.8903167026212914
0.11155496265047404
0.011382280686837776
0.003480947133476797
0.0017873123648547429
0.0007708404371623567
0.02647657711595286
0.8896668158644999
0.9942719232242776
0.9958222449134695
0.11397417353945127
0.007969716379273462
8.455687675568146e-05
0.0005371254874743103
0.004229172948878368
0.9976639133603632
0.006549656975979645
0.0001132739232898583
0.0004487678932597605
0.0001478411250595002
0.0006675239997119276
1.4122457148824097e-05
0.00036664769029137734
0.194087760553891
0.9995361007354719
0.9999994883552238
0.9999999550546477
0.9999999849784627
0.19362384680701483
0.00036653338417302894
1.3677619457586054e-05
0.0006691746211860972
0.00014621836991934867
0.0004487396743277916
0.0001132739175302433
0.004214759398395773
0.999990335701002
0.004219728173188941
0.0005470302896724011
9.295620802707294e-05
0.002714177735418377
0.003133383623594166
0.022827862768018514
0.000320784793904183
0.0014383102417627747
0.0038245564629381112
0.011402843135046692
0.0020172323573238726
0.7896386474618655
0.0043580516722561136
0.02204557644409444
0.003254725799566427
0.002391053579585356
0.002078048158600021
0.008754099198905685
0.8311241624447316
0.8313725616859715
0.15527986592195275
0.0003477729183732903
6.0834999152992175e-05
0.0012218146417077858
0.0009240225721279804
0.00020525167785556686
0.020461428275090454
0.017466268603606894
0.016149971619122017
0.04838094729075115
0.0003804080644885799
0.01412830360101991
0.954646632242341
0.9999992645889149
0.9982055957349947
0.9989183552047948
0.06287013654919682
0.04913908913490572
0.04651501049591844
0.006471912158695359
0.012223213962385127
0.94800547160845
0.9644208089488249
0.9608081545523005
0.9999586184819514
0.02040681297424285
0.0001770241797730554
0.0009260517602371898
0.0018604047061330231
0.0008487586574645878
0.0011765932422342917
0.15726330524102217
0.16475934406107173
0.15819517935923055
0.1881824431660798
0.19078738659030303
0.8910565855948047
0.9908864947430999
0.689704392705976
0.6815209021196154
0.11642402178969014
0.013834381865700185
0.02285071619614909
0.11539912052427892
0.248814091114133
0.992878657196951
0.9906462793718117
0.9899766713068382
0.2509564340371253
0.05101487742154687
0.002163211777719498
9.491661456972889e-05
0.0003131754569692946
0.0007217404779056302
0.0010200653268148674
0.002201586254707233
0.0006781068747209185
0.00036616114934528987
0.00039965651439011207
0.014979617832647563
0.9999998674014096
0.9999998619160478
0.9999988276991694
0.015231759755037988
0.0002666511754767509
0.0002474056745820352
0.0006783124025745435
0.0022118672009969753
0.0010341396624399257
0.0006847811801558024
0.9998635947547735
0.00040955757631599976
0.00018702517636459692
0.0033558158694066975
0.007172928081764951
0.05716565785563277
0.699870831775746
0.027672964572323933
0.0248522372395793
0.021026152650302943
0.021934090848526266
0.4214013353597871
0.8986786869568315
0.16118283234236763
0.026730623282525512
0.005716792609013144
0.0002118170625990956
0.0008305741971299518
0.0017837095439858786
0.00015673312707353837
0.0012764313753969025
0.0011345002790035252
0.0008736595880421971
0.004371188106804258
0.01932893429512139
0.08235329498036859
0.007424278206527024
0.005450212089651352
0.004562801161708263
0.9959509133542691
0.9959753282227402
0.0036045858961385457
8.953956929991236e-05
5.017286305719626e-05
0.002730520410053505
0.9999995424841689
0.9999990731030659
0.1055757522492301
0.12081426039388943
0.9999977709867554
0.9980105793697422
0.9999999943037599
0.9970325103324124
0.9960907509569997
0.9992569208811305
0.9999376144835419
0.999985394564538
0.14440932263769657
0.1094103490403121
0.9778223293175479
0.0030557661203453046
5.337214034983884e-05
9.45597976999002e-05
0.0061172806132373525
0.9999999272409971
0.999573318480311
0.002508162320918328
0.0014389260349249033
0.003462905327738297
0.999994492719278
0.9997028380309199
0.9994449778445496
0.07858837308071565
0.01881785280618331
0.003889692247919907
6.641622584413476e-05
0.0008744199876531411
0.0012112501177921065
0.0001658833438972218
0.0017706984980037088
0.0006958370779835965
0.00011590489870083598
0.006719391852009982
0.025181638550222374
0.16339426772129184
0.026710718615149176
0.011135691181819452
0.02442420259006095
0.01218687510819605
0.0018811748288325436
0.9853076770420791
0.006205929012915501
0.0027507214893630616
0.9999928884955702
0.9999912272653786
0.03987477236278647
0.01099179117718907
0.003701596199586432
0.0021160622271176877
0.0023091025000000487
0.0006755534207995018
7.438524316316641e-05
0.00017937391325151264
0.00845819244620416
0.003645714546851475
0.0008144765884031679
0.03421663629177363
0.9998402231879875
0.9999999658434879
0.999999985090668
0.9995263784194187
0.03456053387277247
0.0010877958814935473
0.0034869420052460187
0.9998563929262932
0.008400412371026622
0.0002360875802353002
7.431324852880117e-05
0.0006755671674310015
0.0023072280673410717
0.0021144348649574374
0.0036985757581649015
0.010979881983771866
0.04105880039159404
0.9976036782780376
0.9992237673855952
0.015568114511174791
0.02042298033764056
0.9976035323433566
0.0022698610982267997
0.012333024672902537
0.9850034680135307
0.003191758698733671
0.001969096924734237
0.033447313576648874
0.9954770739478982
0.9959961180900836
0.13786180883987698
0.020552847435889032
0.004709735785804137
0.0010085558160217722
6.756992857925859e-05
0.000330442708884493
7.209669693875043e-05
0.00028011155566620705
0.001179711150098739
6.260926335499573e-05
0.0030808647040400094
0.9999999970708287
0.9999999969583718
0.9999999995847366
0.9999999999866624
0.0030808647329811922
5.1886801134881644e-05
0.0011925344098415724
0.00027801134244309633
7.207247498697278e-05
0.00033000469050237236
5.128036581392159e-05
0.0009666706307392969
0.004628952829094923
0.020389126024459525
0.13986517015794608
0.9982004843172195
0.9757325248024369
0.9677498958608657
0.9998005077798454
0.9950547437551551
0.9998200973334023
0.9995571088398526
0.010469500909726759
0.001566398463846319
3.893422650869116e-05
1.1309829983208175e-05
2.5124768850637302e-05
0.0009244675286054216
0.001406102570207457
0.0019343762554480115
0.0024473795284691846
0.002545425406550783
0.014333731095235835
0.9999847317918213
0.9999996681044633
0.9999997429078363
0.999995284410861
0.014345554808860461
0.0025350478933404696
0.002436708529233389
0.001933179957742004
0.0014059418828670234
0.0009243992958782865
2.5120778383902476e-05
9.157304505347241e-06
2.567813119247475e-05
0.0014151141285705382
0.010135871038246758
0.9994064428939828
0.9849372327466122
0.9914683367233222
0.982214137480866
0.14391164493779618
0.13563808039885283
0.1544358126121229
0.15739832262623088
0.20219328742878528
0.9817553397866581
0.19163518131489643
0.21323879792771128
0.1213331321217539
0.08586230126038541
0.7957365381499986
0.7911449892748039
0.8054829818080428
0.9706315535644356
0.1812647667281866
0.002005641188415508
0.001613039216271983
0.0012019584063009958
2.3929566685398918e-05
2.0471918402487077e-05
0.0002966390538242658
4.592829126748299e-05
0.0012591792794994783
0.0010715011419983878
5.484439369030092e-05
0.0014421267763837786
0.0031495047417777755
0.009914376719360685
0.9986336490087687
0.19938470662916163
0.0015391925287691066
0.0008738285811040747
0.0006711735675213326
1.8314830172228014e-05
7.398768051969373e-05
0.00164681498341257
0.0005143446909408045
0.0014279052433471273
0.9992282538670401
0.09907380753236428
0.4928305015675688
0.9926181097402762
0.9969192989028097
0.9999996872806315
0.9994232284946174
0.4852441313123619
0.3704884478898315
0.9995758201255879
0.7227462414660495
0.004055140157904091
0.0009246193420229254
0.0016078338614248233
9.061788095765522e-05
2.5741157024805617e-05
0.0007113069870084976
0.00090420615535447
0.0015455758240362494
0.0495121516765511
0.09908181743352473
0.04530987256701513
0.01913482458892113
0.02352111218387376
0.9983711002713379
0.003016008697842132
2.9356382459377883e-05
0.0004899476375421763
3.0862812149812235e-05
0.001988531905746105
0.9999998640718784
0.08769961798400194
0.0624604432636624
0.9996389070294358
0.999993012680384
0.9999931109417358
0.9999963236863322
0.06295711434404916
0.08683650541946064
0.9999997610206836
0.0019919133562862346
4.461848725045847e-05
0.0004930681104471368
2.8411606623479635e-05
0.0030158289314851094
0.9998329639981196
0.02418678293413301
0.021212241526318176
0.051110799956032515
0.10624415673140586
0.8465764080322609
0.9782437081295057
0.9372012616093
0.8695478831813439
0.07637966114382344
0.14321936273374292
0.9958256364947876
0.06229820357550209
0.0058067120981237785
4.290387282090968e-05
2.07155061899833e-05
0.00033672676001872404
9.79833175152045e-05
0.008479852586867787
0.9999996271776385
0.000728627434100737
4.6581212736818145e-05
0.0026059891206526853
0.1846042832594228
0.9838356082614824
0.837507115213131
0.012406617265472097
0.0035378080545726
0.001499719621928186
4.257346825320418e-05
0.0004903616900195917
2.542099849656143e-05
0.0005279919577146908
0.012437621313676095
7.176685601129051e-05
0.0002500737243794626
0.0006311754658362423
0.0005263854807802115
4.1507733565815386e-05
0.001280003015327602
0.005826351422488774
0.06354921728472929
0.998534130785779
0.9999999845856706
0.9999999625100188
0.9999772967251717
0.9999999117901769
0.06208441586013791
0.005848990562819623
0.0012787765028380305
4.216013879654312e-05
0.0005259585275102507
0.0006317935204586123
0.9999998787169253
0.00024878170924080845
7.515379406852762e-05
0.012439729639577957
0.9999953420371704
0.000526305883305489
2.6688897222681973e-05
0.0004905412900426676
4.09313563307645e-05
0.0014516365809210674
0.001867355301221174
0.012403523997603694
0.007663564538663681
0.0019655739582657983
2.5518807334701243e-05
0.0014981990911746568
0.008370172422325628
9.291649817966263e-05
0.0003305987734737448
1.6515257759475155e-05
3.9256299240619796e-05
0.004856252496670543
0.06441869931398247
0.03247324588702105
0.0201000086215799
0.9741626960762787
0.3069941580830895
0.16295295396208198
0.009951697423126848
0.0014405657435662134
0.002338539701033815
0.002375264447678549
0.0018357035441098901
0.9992542136082309
0.999406374862322
0.03710336506388656
0.5203105471809675
0.48598857528606065
0.00031034361616910644
7.105103122628798e-05
0.001357810336132581
2.190057185613714e-05
1.682892071286357e-05
0.00029751581589543274
4.494109123676093e-05
0.002917334864892429
0.9999999669569409
0.9999999257081537
0.9999999997805804
0.9999999992210798
0.0029216962085256704
4.050583835280008e-05
0.00029718234821662914
1.622055088135177e-05
2.1294774689040175e-05
0.0013593006534972085
7.105299504850393e-05
0.00027152570866650905
0.006218137223326314
0.03722351416440561
0.9987075380282537
0.9988118329391509
0.0011150970853379683
0.0013336168256330438
0.0009232764002973237
0.0002627944119729664
0.030551168546493535
0.9948068975385054
0.18371666751097981
0.32848660357731285
0.7362068613809609
0.1536689539272602
0.0005203312055236387
0.0009192012127948734
0.0017902599793709895
0.9999803038795705
0.0036631721804799566
0.0006448676971726464
4.00039212018477e-05
7.581084668806248e-05
0.012589919221259405
0.9999858125641986
0.9999856981674029
0.9999855930751782
0.9999856348370408
0.012449824023329503
0.00014083619278060233
0.00012380278281909352
0.0006205026978264305
0.0036472286148743205
0.0026934968784618762
4.6717106206406456e-05
0.0005541291475233967
0.16465948349689064
0.9555582916853848
0.5567807421036325
0.467854510820057
0.5002161553487949
0.9724647829242505
0.007815936183559136
0.0021575343683664094
0.000634547377173722
0.0004270071350037652
0.0011142195699636037
0.0018796768448353651
0.0613584701669353
0.9699044343924772
0.7482332458437294
0.9733657613444278
0.9976801354241667
0.9959000598309491
0.9052045650393752
0.9153098336190559
0.9203140519346482
