0.9819936349803295
0.7155155772913979
0.7454572614396336
0.6164901019653257
0.6225275725110624
0.8728936924390597
0.9970871372561416
0.6081692850285673
0.6224477316220427
0.8614272567474409
0.997929952039702
0.9975161758040869
0.15098257071376087
0.07861457962034046
0.9467085956793663
0.0725512774871725
0.19926777612125224
0.07365257695168881
0.4189548996756357
0.13353342825587144
0.0009494922727797395
0.0016616662833482954
0.0037408636581316435
0.000594983523395376
0.07767586403108684
0.9843777611619461
0.5205629633291473
0.9984553360096506
0.004098116595922741
0.0002312258466060646
0.0013855366519359702
3.572491317027637e-05
0.002571483258058116
0.9999956807945476
0.15750132425223218
0.011756327257595567
0.00012412413472540074
0.0004482783736247109
2.1538519604846762e-05
1.7510130933318102e-05
3.956832496077034e-05
0.002111348226620846
0.13977291596394015
0.02560925736223596
0.00013621258477181097
2.396962840500727e-05
0.0012356947338081348
0.00027947352900814515
9.124741940413905e-05
0.0002943664736746454
0.00013604294886349066
0.028787254830849207
0.9999999995927508
0.999999997479521
0.9999999978436477
0.9999771429952733
0.028810104348745535
0.00013590622745862646
0.00029449393945091273
9.125568003298667e-05
0.0002802892700179971
0.0011775428608625793
2.6431427189499423e-05
0.00016817451008221962
0.025629999870137365
0.13977442929196404
0.01439715683593179
0.00330409597705128
6.770577443460102e-05
0.0013081156919896308
0.0017641771027938624
0.002540275578039042
0.9998638639591698
0.0023413214814732575
1.6740101375312122e-05
2.5283328126901594e-05
0.0009239832666562142
0.0014027386749628779
0.0018632229150764568
0.0012496632103187189
0.0003144883844306001
0.1004515071992027
0.9875481128214372
0.9999998224581375
0.09698273869754848
0.0002718853382042141
4.3891386723449166e-05
9.042221690025443e-05
0.0002928291497622526
3.601214686455023e-05
0.00032263400110432716
2.397991082980777e-05
0.0015427285170004357
0.9994257053167688
0.7652264942015614
0.00750312841486156
0.2721488272609043
0.9999999997138536
0.9999996674574447
0.9996028413890033
0.7641080632406229
0.03680100615441573
0.24366076118319857
0.9999999721615309
0.9999999850153539
0.0016676328444990007
2.927648045270015e-05
0.00032420982414260724
3.602251094658726e-05
0.0002928594566929954
9.039224642715116e-05
4.371018481441613e-05
0.00027921499487681967
0.09697539748003825
0.08799962780745207
0.0003173749533638137
0.0012486086980768585
0.0018614361217159647
0.00140273520580525
0.0009239797684930107
2.5189788125823398e-05
1.6833849966979564e-05
0.002205506256309775
0.9999999960670957
0.9999999989287691
0.0025403613170329464
0.0017491541414329514
0.001322834196751499
6.751598697274375e-05
0.0033050943665179355
0.013088221183222948
0.008169007773328185
0.0030259193171650045
0.0015378857777860189
5.000268536947683e-05
0.0008468497736097147
0.001191975282529567
4.9010076605848774e-05
0.0006436901360307168
0.002571485588133582
0.0027637708095138436
0.0013762256791804983
0.0006344695094607777
7.340342519324139e-05
0.008035503409050793
0.9999785081797808
0.020107324704621954
0.9999626130784733
0.991098441025551
0.07303266404501185
0.007605950288897545
0.00010580315303410082
6.270790899554068e-05
4.511679296770321e-05
1.1306692396351181e-05
0.0004910649133544887
0.35086927762933795
0.9999999999402631
0.9999999962778138
0.9999996008071842
0.35086889802617005
0.0004906978162448894
1.1642391884780778e-05
4.55571780074715e-05
4.66018875194818e-05
8.575931040788465e-05
0.007574881955279444
0.019352345021803496
0.00856977322103225
0.00010264472722465445
0.0006524888636583182
0.0019803985177345718
7.532704781765265e-05
9.005403048045757e-06
1.034392521781502e-05
1.190883395452147e-05
0.0004966109352262382
0.999999996510567
0.0005157658422226818
0.00026475396597802625
0.007294064886711249
0.01072283861350598
0.008276306951042534
0.0001036528274692694
0.0011065038569665342
0.0017454831111743951
0.0006806520315634224
2.8160391051690326e-05
0.000551822668285129
0.24999483234476017
0.04007136203047468
0.0001310760868739047
2.12564308905705e-05
0.0004902092787428813
3.839210287825967e-05
0.00029279745665378165
5.519060892178462e-05
0.0019434493436112366
0.015486557815660107
0.04393359161471355
0.9999922689261675
0.024595163486875515
0.002723060342696315
0.001344602922779381
0.00018194964606010888
0.0007425023681548737
0.005223127635532121
0.9981352709124807
0.9999995155562338
0.6318392725601265
0.0108312511257046
0.0013050634221197788
3.282599189979862e-05
0.001263584970119136
0.0010100375427654074
0.0002133272992437263
0.020496384095774478
0.01723680733412436
0.015910938385545248
0.04766740688440052
0.0003789678135123209
0.014137545091766013
0.9553135357804007
0.9999999486478481
0.9982050651227113
0.9989186893040514
0.06217007499386651
0.04842879149520973
0.04580245080882639
0.006371614292999261
0.012181023084523401
0.9487069621533829
0.9649618054280975
0.9613559937265813
0.9999585363507687
0.020475813999129122
0.00024224013920304266
0.0010389723338097845
0.0046807674624687046
0.004421476027395177
0.006030138030495014
0.14543515903379733
0.8623007900712687
0.633584520328647
0.994271015131129
0.9935234737136134
0.004266866806904468
0.0007842941546692961
0.0023753785317884857
0.08611574992738769
0.08805579843503342
0.008958081003394236
0.8427521027857441
0.9819772946773039
0.06254916319907144
0.015279780438346657
0.002142955264590962
5.479283155218617e-05
0.00029277220718482155
3.84172361477253e-05
0.0004902306544698476
2.115122348056442e-05
0.00013112695239492211
0.04007963018378191
0.9966919146256926
0.2669884040303876
0.024633196777362865
0.002835762687946053
0.0005835613932299033
0.021195735781769587
0.9999992145528039
0.9999980789680388
0.9967195559619336
0.01741423137943532
0.00371080605211227
0.003242125158128828
0.020837826461385767
0.2703589892175351
0.0401222393458468
0.0002456368780727747
0.0003274150799298381
4.9155750131646414e-05
0.0029034275046344593
0.9951796423800789
0.07969188724455611
0.003816157925310315
0.0013058947582784697
0.00022954913135231347
0.0016053552284166495
0.006745897221473562
0.006770966648208532
0.266628989724193
0.9999972830710768
0.9999543193940148
0.9999988645111773
0.2619256839913606
0.001663495331285847
0.0026734720072600915
0.0019151350003857592
0.0006183608930675488
0.03140217809658796
0.038786147689250816
0.023030048978617268
0.9999999373873979
0.9999990310645395
0.002818627016284325
0.00010544192313477474
0.00035938957013958994
0.0002492430961212877
0.040133065468665685
0.9994337352731697
0.24979080239689344
0.0005635756031333594
2.6747410126093385e-05
0.0006806250820942106
0.001745958963129124
0.00117629488537363
0.0001959797833546162
0.008270185416722309
0.5169463451706235
0.9997869513822757
0.9986979913248815
0.9972477921808857
0.4921227068804179
0.01294500046228253
0.0004235859982925083
0.0005065645096342664
0.9999646793454504
0.0004920314390471914
1.06282381299172e-05
9.061727241355122e-06
9.02769908062151e-06
7.530496001839637e-05
0.0019905642592458195
0.000654227705049637
9.499850766059303e-05
0.008573364850206544
0.2659865089237262
0.036905462925752475
0.008734449889463258
0.0019263217774048158
3.485083707932546e-05
0.0009563527678890793
0.0012656892837071831
7.391054482941417e-05
0.00019632069368158422
0.014325286318679464
0.08832900078340788
0.9472428265278672
0.025815850940799967
0.0008601099978737814
0.9744975183822469
0.999933278731781
0.001285537672983228
0.0009639351986813205
0.0014009746942933443
0.9999931045858687
0.9999927152184216
0.9999912051300971
0.9999174365521056
0.0014156645381493416
0.0008984758659466019
0.0013462716611041259
0.9999999717029624
0.9999999030053376
0.00020660416405204884
0.0003460043812419933
0.9999996742395899
0.03620743352663869
0.9999999482498012
0.014259410966855679
0.0002477613375346799
7.38494996243011e-05
0.0012651622907610127
0.0009569408704700466
3.48622118078179e-05
0.001937710640257273
0.00872156066128571
0.03716746561501738
0.3197935665246605
0.018442333623510887
0.9927032701879239
0.007715176501285725
0.00010259535763934569
0.000652520341869689
0.0013758964449908095
0.0027633868536823813
0.002570990491157721
0.0006437550829687666
4.906529484005606e-05
0.0011919163367795083
0.0008467904306911356
5.006552707509382e-05
0.001550846785943416
0.003041509106580964
0.008140281391222026
0.002584123134293237
0.000990918951436326
2.5636383839233723e-05
1.681788046237198e-05
0.0006145692656698287
0.001080157427267192
0.0015480595251504692
0.9999427200418095
0.9999999986050532
0.9999999227736383
0.9999971669040338
0.0014909695336206008
0.001083065090086821
0.0006144895581807752
1.689079189648446e-05
2.571944719498287e-05
0.0009813813232193436
0.006284904102476285
0.004491687813777179
4.2175181913961524e-05
2.0138220823029407e-05
2.1523219489227863e-05
0.0004481702359730999
0.00012396374396561605
0.01082027832303556
0.15844116972513733
0.002568924120226357
3.5251260287472164e-05
0.001380482678382311
0.0002172514091288713
0.004088397581620384
0.9661602697495799
0.48304041512298823
0.9706075428621626
0.19528366005710462
0.135836478620591
0.13393977531819234
0.11382890237547072
0.11033274203371413
0.23662761277783517
0.8697662023244553
0.40481389190615913
0.8660689174623544
0.8624992875867743
0.042439218098669795
0.058774369358923106
0.013880065087910287
0.01969451788814558
0.11455916275030298
0.9637793964316047
0.5564202161553937
0.9892586671961131
0.9958469142823727
0.024397655485213332
0.9286200806404702
0.008548651696461795
0.00010562290520443884
0.001329203020601133
0.002786575045732209
0.0014882962476259198
0.0014119077958286708
0.002357805841102456
0.0019301602869543633
0.001405536159184928
0.000924153237184755
2.507628992143296e-05
8.965518017323149e-06
4.242375384322372e-05
0.000560964462590019
0.0029902463140948354
0.005993619786063387
0.040439683255092285
0.9996899176787353
0.9996630704972381
0.9996493319082528
0.9848581085110109
0.9996744320596346
0.007644704606582509
0.0036359336403555265
0.004400559867929865
0.008979906848885832
0.9995134841412875
0.9996213794500072
0.06329699121832455
0.00208767088767714
0.0013365507919940178
0.0021131406939413067
0.9999774027866738
0.997419855713369
0.9999429546430298
0.9999581556794516
0.9999960915789442
0.9974110291754821
0.0020459175016780407
0.0012897218149219292
0.0020089119206184725
0.06467220544726682
0.9987428770205147
0.009275667208641147
0.003517092619350848
0.0029455265183431223
0.0074749601360445395
0.9999655943601222
0.9999617166195316
0.9843416039766385
0.041038236774549874
0.0060533888038502015
0.0026159748464176236
0.00030062967781852024
4.2436443888127506e-05
8.97726995441328e-06
2.5073762250249487e-05
0.0009241953948391224
0.0014056727153144433
0.001930848477427749
0.0024085173943186877
0.0015036214093945288
0.0015961996017170854
0.002694806907890923
0.032943584984689966
0.046970449680822535
0.06582203883192739
0.9578662390675852
0.05931210196865744
0.9357156309397247
0.8806171136330333
0.5310656632447124
0.04893655974895894
0.013062624715559079
0.003968873517554705
5.490305778610427e-05
0.0005066585631606779
5.9282010403949315e-05
0.0011081354175064284
0.0011608624932669676
0.008707112298674935
0.9999998914874777
0.0030283661016103913
2.7478898295685283e-05
0.0004897411850399713
3.082010002775082e-05
0.0019883932326190124
0.9999999672701827
0.08769827559973475
0.06245912651783503
0.9996389197784102
0.9999943427554575
0.9999944618450672
0.9999976012313018
0.06295675882102747
0.08683614227794934
0.9999997801017276
0.001990446768065257
4.317483401528044e-05
0.0004923387478533714
2.7487037152940097e-05
0.0030284312882337128
0.9999995856177548
0.00869735571223107
0.001160630190738976
0.0011114786911703423
6.0183539576041944e-05
0.0014125458725381401
0.0008383743187190262
0.001473513020216144
0.0017734500126055375
0.0019074615925792626
0.509124417821921
0.9999036189646039
0.08514678110647589
0.0017709779317743868
6.92679575682309e-05
1.6108851292773174e-05
2.1005725691081167e-05
0.9999631313318724
0.9999999860555561
0.0015340752443319117
0.9999980300359188
0.9987217879483387
0.0016686469200010157
0.001514886359564649
0.0006328620411356622
0.0005257547015126152
4.503439576264423e-05
0.0004439964366530491
2.1526684328310175e-05
2.2576274486207915e-05
0.001479756431559065
0.0005447525781333562
0.0005213451227786825
0.0005226316090649608
4.914785306775471e-05
0.0037804262626942586
0.9988354341464044
0.002994724666906423
5.2473034699240806e-05
0.0003029018758555768
8.677611577778688e-05
0.007442245727145247
0.04552742821123823
0.9909697344418412
0.9999964546785388
0.9994587854417408
0.9999989055969072
0.9998758837757886
0.9909699000064226
0.9918400444799281
0.05022465236352558
0.010488352327696848
8.194277461470723e-05
0.0002979478171588612
0.00014911780551851717
0.0033569765832023313
0.9999999951815056
0.9995426686045682
0.0026151595846332087
5.205568280275408e-05
0.0005299587717956245
0.000514670496288061
0.9649625861737455
0.035582170308648964
0.001479981918107831
2.243422705394682e-05
2.153278334260378e-05
0.0004439969151470713
4.561621822152251e-05
0.0005251728679107615
0.0006329548802981311
0.9999999999879666
0.0015149717454715494
0.0003889315847049879
0.9999999997974688
0.9999999998829934
0.0016183339403564867
0.9999157288370374
0.9999999896939397
1.4989241896135042e-05
1.0281632566555565e-05
5.953250406376398e-05
0.003266639526707249
0.09069121010066461
0.9728568031511592
0.5094950370704817
0.9519071425047985
0.9888637181058092
0.9993504802531685
0.9978804166298393
0.12583050525082917
0.0007073178057960261
0.00010778023765556366
0.0013675024731606422
2.204029077723657e-05
1.6610925404059174e-05
0.00029274755563035715
4.491810506712657e-05
0.0029173219788147797
0.9999999655196706
0.9999999259567294
0.9999999996984759
0.9999999987615007
0.0029216873385954356
4.048385546706612e-05
0.0002924091231872872
1.5964803533718985e-05
2.140244445059114e-05
0.001365593687850497
9.097449704731364e-05
0.0006963478192051342
0.05391613620542679
0.312646189339006
0.003425882963738469
0.0008812503063185817
4.158448412239224e-05
0.0009699304272116072
0.001271427190857266
7.322699055645199e-05
9.501018755009305e-05
0.000402055972192783
0.0012744975547087645
0.987581245169629
0.7827348081883457
0.04476374987067089
0.00015343178294213722
0.0008312808709625141
0.0017811276995143288
0.9999991918243409
0.0036487076050252254
0.0006317074159709613
3.985639832637666e-05
7.579643437494177e-05
0.012588140308118168
0.9999999999863821
0.999999999924688
0.999999967198379
0.9999999999153878
0.012449912186015766
0.0001408192698293398
0.0001237570791819964
0.0006202447743054451
0.0036466077985352063
0.0025996955157254753
1.4817232291575166e-05
0.00015361253598578095
0.04477416243902643
0.9875810502332693
0.7752207489358981
0.006501244118495952
0.0026789521191168397
9.501405495615511e-05
7.336025191229112e-05
0.0012833996016937688
0.0009685635452844066
3.432087512300619e-05
0.0006002738984285383
0.0022633757073795557
0.0582208041574217
0.3753581026525983
0.15515886314674354
0.7945078533445196
0.9892757525494063
0.9131574928768766
0.8848555953928645
0.9698975825653695
0.9614295448482164
