0.9779552703281594
0.9126219879783694
0.9363588193921302
0.6701877766817494
0.6521043961302249
0.7084727348035806
0.9966484338543434
0.4766037592736808
0.4770536869923043
0.778509556990306
0.9973296048628848
0.6480975551258474
0.5968691454469421
0.6662561372515737
0.5624039276164052
0.6750787699823039
0.7425647795954737
0.9879781367585455
0.008338836904730362
0.0096002202179587
0.9997221376969759
0.0008185196916006277
0.0003468465012917976
0.00012544959293070423
0.037703373104543525
0.998487223767758
0.002672833501629057
0.0005466169587844405
9.237171447284975e-05
4.9286886558252974e-05
2.2844836956692482e-05
0.0006983003510737662
0.013220063637893964
0.008731593175902996
0.0025757956150724848
0.001261742239460184
6.0725066224232016e-05
0.0010880794948139316
0.00084722879647392
1.8659144280230855e-05
1.8625473818922877e-05
0.00016397878373919372
0.05994624706325302
0.15636277499485995
0.036283682382741045
0.0006446091807451593
0.010452206125799557
0.0006269882677801819
0.00010614526818197856
0.00031785666199468654
0.0005619467103896714
0.9995018584818777
0.9999916825997707
0.9999533860870257
0.9999586179430688
0.9995230540155766
0.9992517488379103
0.0010532750648425404
0.0005226534562269292
0.00010362053805956783
0.00031213599602675224
0.001341213393150742
0.0006216687226380246
0.007515775890745369
0.09923652308088682
0.007238398852495553
0.00011613231528340151
0.00029736393493562385
4.5495141053564225e-05
0.0013005829383796463
0.0017596685176549665
0.0025363021568635125
0.9998638911603158
0.002341423406113874
1.68527099643212e-05
2.5407582780800908e-05
0.0009243193599898225
0.0014047957139841083
0.0018775515458724357
0.0013826018337717016
0.00021137667024573314
0.015125932434419176
0.017866966281768537
0.007967875147127157
0.9801505872148107
0.0010765038637836621
0.0005304505820438177
0.9998088294101449
0.005729109928066745
0.00011004338080844445
0.013353366612092188
0.013024036742690925
0.0136404747327028
0.9999270717467282
0.9998572416321285
0.9998508617546982
0.9868558359363333
0.9869449555183643
0.9972395305541134
0.0015804302648195767
0.001196893206522165
0.0007379534962275169
0.0001320514240803483
0.006737590265975202
0.9902165223764732
0.0006397108515536765
0.0029513446716589176
0.9885649479359033
0.02128171303450377
0.030143671502986247
0.9996371066657437
0.9846052167442922
0.9853133852038718
0.9866963548595801
0.019555502087691856
0.00198692575190218
0.0013791520163417559
0.0018795529587822823
0.0014048652215145063
0.0009242212543668638
2.519081793062039e-05
1.6834014094690986e-05
0.0022055048486593343
0.9999999988896875
0.9999999983328667
0.0025363353918878007
0.0017447358075678432
0.0013152968372891483
4.548430617212773e-05
0.0002973619276134265
0.00011616818507143023
0.0070814444602195215
0.1812539988997096
0.9371730978174544
0.01076835676917598
0.0032810285206059664
0.0014684467456975714
3.1893964968054966e-05
0.0010253918222850045
0.004653449013001909
0.001791283965708823
0.0007702295742669785
0.001373698129678247
0.00014094740672931927
0.0005515384103683685
0.0012124820019402405
0.19439118432018587
0.9999997457411752
0.999999691434213
0.9999813944824745
0.19438299759013278
0.0012307940901000736
0.000565500902364402
0.000142000074070614
0.001366444462380878
0.0007699754344698828
0.0017911704861458544
0.0046536436121177305
0.0010251805297558647
3.195128001554082e-05
0.0014452997770136866
0.0032447513963569374
0.012902843595569369
0.995600258001675
0.025512664219113468
0.0005525554769510999
0.0008295850640812619
0.00047770273241876104
0.0074080310838445795
0.9947417022791709
0.024265053264535763
0.008933890754500684
0.00025967227778234125
0.00025703195801951573
0.004509008569478223
4.677271054331911e-05
0.0019184568952798076
0.9999999075236872
0.00870826458713514
0.0011420815111066185
0.1125110872141809
0.9991596083151947
0.004953539093872084
3.204674764489823e-05
0.0003043478779599651
0.0001759921230514161
0.1935677574154424
0.9999907470575679
0.999977071265059
0.9999617647046253
0.999998217997419
0.9999984949179819
0.9999985296044144
0.19353054869377917
0.0001434266702649012
0.00030586563704171343
7.043086205105187e-05
0.004991966220648458
0.9999261004326683
0.1116716232740067
0.0011416279465521484
0.008703977403876961
0.006047290607378963
0.00017173440822659813
0.00025671352624467847
0.9682076739692719
0.01332955566525107
0.018980487180840666
0.008955527315439249
0.02122478327190247
0.19390557711858858
0.00045249508915268244
3.3011342001176835e-05
0.001196643180994883
0.0008688410594631657
0.00015696057716896306
0.020399553450783148
0.017236987121096115
0.015912244849842216
0.04767152469143787
0.0003790196854214223
0.014137452690408225
0.95531014771563
0.9999998619650536
0.9982048433257278
0.998918605630575
0.062173488063686944
0.04843225268496798
0.04580586189211888
0.006371956750747421
0.012180910482467944
0.9487116763009132
0.9649594380056572
0.961353338312297
0.9999599929211579
0.020378577947446685
0.00015124346914097142
0.0008703622363419594
0.001197795365103449
3.449478777572956e-05
0.0005710205072868568
0.1938769934211827
0.005329788784421918
0.00042838971698433426
0.0008734725227831364
0.000562084495994486
0.021259449997547142
0.9970159740413056
0.7673914283960951
0.7590187287245862
0.1269091493508232
0.009656737161900297
0.01651645651650302
0.08858693427093256
0.19621544510797473
0.9975857470753129
0.9965736634393565
0.9964136778748058
0.20847099797009294
0.04024193998088732
0.0012650390748870644
7.46722257931598e-05
0.00029182283306317114
0.0006977657931093173
0.0010189428272722179
0.0021795684975473018
0.0008771407858391145
3.120652526522605e-05
0.0003020344408791731
0.9999989615260485
0.9999989347341526
0.9999989742476568
0.999991886506228
0.9948462048434552
0.002779719786313528
0.0027096489327625983
0.0008762292055412013
0.002190601338126985
0.0010329977112302213
0.0006822468506647583
0.9999595799409575
0.0002497628031684629
5.556195116040996e-05
0.0020085632134337894
0.0028719749708771003
0.05272999660139421
0.7619876223264764
0.014091719759779742
0.009977808933583021
0.007940236219167951
0.009639758077859995
0.3563303476544952
0.9972748720561554
0.02822254713432959
0.006157044453655169
0.0020320122950626684
0.000528377996144247
0.00564226411362001
0.05380405999558169
0.3591797003263363
0.9986682883720198
0.9988603074141877
0.9990070004151062
0.36062489427732514
0.054829657702340384
0.006670410143258421
0.001617706244647632
0.0028342687209889084
0.006120468332785456
0.0058617522279349465
0.23488778529327659
0.05911063908200187
0.00014908552193193536
1.0878498836186523e-05
1.8266945822853486e-05
0.0008474064990648955
0.0010968231296186737
7.069187326791404e-05
0.001578199774146638
0.008233553727682419
0.008405150593847943
0.5523870941213447
0.9927900357184838
0.9962302112395601
0.466129803375554
0.0006686578180802316
3.4735678046127205e-05
6.454838754377246e-05
0.00010335137639028158
0.0005470783623167108
0.0026618024545120855
0.9999912742614797
0.0365429857325833
0.00023268563586953395
0.0005559567061035331
0.0009931721469574883
0.9995991579338123
0.009057741089376292
0.007270955649629651
0.9993212543615798
0.9935737090161022
0.9815641557793503
0.9399325611184448
0.14175098744580172
0.007763804075439085
0.020527221803673057
0.9999313117439701
0.000866262509316984
0.00013930108936544006
0.00016960506602081704
0.001078116941328755
0.008584212362163446
0.9999632751534467
0.9779129841666049
0.9999916214119654
0.9439801333407668
0.0033338699020944995
4.8884098270196574e-05
0.0004943426896777403
2.9634512763276888e-05
0.00020945074867051439
0.017824041992591466
0.16413515432947945
0.9965844867727894
0.9994521468902864
0.16056945023382085
0.047414022243439824
0.009406567754277728
0.0035652044604793653
0.0025974554319210252
0.0007182677995174469
7.45431024832266e-05
0.00017689406703746968
0.008323612258252955
0.0036454094557794026
0.0008141862491820584
0.034216508406158086
0.999840385723103
0.9999999576172801
0.9999999812823703
0.9995264364626305
0.034560249466961235
0.001087431976081521
0.003486794263946269
0.9998565556944262
0.008266725247645046
0.00023270643691908344
7.461679307996238e-05
0.0007184733300183987
0.002688897757223252
0.0036308530387632043
0.009479406818968306
0.04669217855867791
0.16272637973173154
0.9980677651608052
0.005017965573658301
0.0007088691136467595
0.002768244392724717
0.002943500952034772
0.9974246271415108
0.13826542223580607
0.024019593378670545
0.006015245485887055
0.0029839528059760756
0.0886124362274503
0.997703164962687
0.9977471228889544
0.13665309732125885
0.009577254214573117
0.0031229109041235326
0.0011602589669602592
0.00010676210445992318
0.00032687833586519943
7.091641460021947e-05
0.00028009439733855945
0.0011797107036204402
6.26092041003945e-05
0.003080864651484938
0.9999999971252685
0.9999999969916694
0.9999999995934694
0.9999999999985427
0.003080864626007207
5.188668317324119e-05
0.0011925334167013357
0.00027799392927330135
7.088295382839949e-05
0.00032691136093021544
5.2832748600573076e-05
0.000746517672458813
0.0019416016911704137
0.007419071228349172
0.1377353330971156
0.09090287315219714
0.005108776196433018
0.004938958636427682
0.022866052398860193
0.13544111133603032
0.9990648144419878
0.999952665198889
0.0034989370065667824
0.0009853765696746786
0.005934411416386398
0.009458689357223382
0.983171264627907
0.9997961630432074
0.6593622927412429
0.9998555945384805
0.9999390224174337
0.02536668100758499
0.9414202512502682
0.008229200835986106
9.373989452965414e-05
0.001215252848263182
0.002516321693268986
0.0014594643585215117
0.0014070628033203691
0.002355339319288996
0.0019286612090620991
0.00140536802275526
0.0009241415153667942
2.507565850262683e-05
8.96179112441775e-06
4.020742860255666e-05
4.528475703236001e-05
2.3701419453625583e-05
0.002591543534445573
0.03733564114974708
0.9999157532806551
0.9998930156015057
0.9996464720985113
0.9850827229271303
0.9996664511473932
0.007668648845132298
0.003660154084072831
0.004431166127846442
0.009010367354679971
0.9995131874798545
0.9995983502227731
0.064226828307826
0.0025554331812457365
0.002570557836027665
0.002484451678299582
0.9999740272528196
0.9967210164398136
0.9999281659432806
0.9999292627537938
0.9999636995511074
0.9940854839505526
0.005029047405006426
0.0019670814981115337
0.003033282044297203
0.06563370689848691
0.9987420471557976
0.009274614363968259
0.0035183537311977986
0.0029493273567776646
0.007502830910358749
0.9999651472104164
0.9999646960288477
0.9845788109015223
0.03792670609449844
0.0024892925479197414
2.3808391247159832e-05
4.530490911092144e-05
4.0207542652548334e-05
8.964230536201434e-06
2.5073546623843868e-05
0.0009241761219418443
0.001405480396067138
0.0019292149095210265
0.0023970934028947344
0.0014826062408254126
0.0015483160363264359
0.0024406572401914906
0.02725950782542952
0.03869818501600286
0.05505541912145473
0.9628385560423313
0.052786290544227565
0.9507046683366865
0.941790402007105
0.41803897004279666
0.003423624483936738
0.0011537747237635454
0.00035532651562220074
7.306871050627439e-05
5.169365701085393e-05
9.562381638272832e-05
0.36028799433209935
0.018604972604140513
0.6369087800438127
0.9999996547567647
0.9997300973533595
0.9996935968726708
0.9996927479562803
0.014423916922463142
0.0010395572445750512
0.00010040585228743293
4.9541169315769906e-05
0.00030898813310209494
0.0006597231661401581
0.0002933876572273064
0.003138400199898639
0.9997336936511355
0.7933530976258906
0.18514614173536925
0.01799176966387639
0.0002707126257273096
3.0457030388397754e-05
0.0004952396943013193
9.207658579402089e-05
0.003290524691162755
0.9999562806013802
0.9219288872516291
0.999998590139371
0.999965583214265
0.008557176691621704
0.001145166337317205
9.62185090768175e-05
7.815561430768447e-05
0.00046969329777768465
0.016495792684671162
0.028699748432992833
0.1628647401218276
0.29093217638654423
0.043877443796911275
0.0002890825358935478
0.0001717872702898804
0.0004864054592640388
0.00020915092220463727
0.008455518575978704
0.9999081950483538
0.0007825715197666838
8.078943151790252e-05
0.0026395476000544704
0.18462409060729834
0.9838250690666182
0.8374835257179766
0.012403608429901736
0.003534600423116374
0.001476388176616772
4.18809333946335e-05
0.0004903303792587188
2.5420559742972415e-05
0.0005279903580076573
0.012437621255393827
7.176669615927e-05
0.00025007327755766084
0.0006311585360749827
0.0005263423090380304
4.084054877684373e-05
0.0012594286771276941
0.005815531516828343
0.0635395026210509
0.998534163505753
0.9999999848750268
0.9999999631162682
0.9999773028745655
0.9999999133304986
0.06207471689638955
0.0058381656721592234
0.001258221878565391
4.1482494935407566e-05
0.0005259222283833243
0.0006317767409220743
0.9999998790175607
0.0002487816625635908
7.515376665734319e-05
0.012439729393354804
0.9999953432760836
0.0005263051036190625
2.6686917340090766e-05
0.0004905147414892008
4.0273501947574175e-05
0.0014283078990606768
0.0018662232210393537
0.012400452687041041
0.007667348943769192
0.001990400542072557
2.8701621788362885e-05
0.0014981633520322335
0.008293957236819027
9.967151569190147e-05
0.00033448611077779855
2.8480771302796803e-05
0.00016759560567414233
0.06058660541584082
0.3063318973462039
0.9511409102811818
0.9909104335384336
0.9946165178442321
0.4940108797193643
0.23048403869242806
0.20594877490301267
0.9949295716597818
0.9978201678580016
0.7209277539674188
0.6085103345643961
0.9582077780794331
0.9698954408036442
0.9343266361882695
0.11345363173540568
0.015017216178899284
0.00014674063262543058
7.84144645878948e-05
0.001364896684019179
2.2547386106741563e-05
1.833555468411241e-05
0.00029816810508820346
4.5062317134969554e-05
0.002917422269990144
0.9999998961988088
0.9999997066560481
0.9999999795301042
0.9999999425533876
0.002929094334984672
4.78683226551313e-05
0.0002936674418195784
1.6082881836410046e-05
2.1401080626426428e-05
0.0013602850620988427
7.734160249872613e-05
0.00010025617048381452
0.013681579675950961
0.11467363822770127
0.008821209521597817
0.0027618956427603036
0.0004092830285588045
0.0011467988170037469
0.0013001972276586171
7.493317913154218e-05
0.00010195639404197987
0.0004432613215332726
0.0012905213937821625
0.987537974244514
0.7827390194411046
0.044765264477999
0.00015346627210532926
0.0008312845856442985
0.001781128963531442
0.9999991896641813
0.0036487092017432055
0.0006317097187755749
3.985698583008901e-05
7.579665489698684e-05
0.012588140515444213
0.9999999992014428
0.9999999987557849
0.9999999659444002
0.9999999998712907
0.012449912410458897
0.00014081929092346623
0.00012375719669088792
0.0006202465879941998
0.0036466085192004005
0.0025997019361148066
1.4820255441638785e-05
0.00015362822876052729
0.04477796039156168
0.9875374789313657
0.7751839877464279
0.006543129757183075
0.0027552148834544266
0.00016885705317537525
0.0006437152460841977
0.001928545421533201
0.0018736075537539865
5.51863615195769e-05
0.0011016533130229211
0.005170241872804571
0.48472097593082053
0.439258399218179
0.37743769408036776
0.9619309639739572
0.9844537070278401
0.9710046318088219
0.9542618375578066
0.9846632887183373
0.9981978033817261
