0.9704101232240065
0.9810013869706165
0.04365285627675175
0.003929378148240015
0.0033824237099278065
0.01426334351098446
0.055173463631430275
0.17281127240856486
0.30653712602783334
0.365436631367661
0.4050078491940573
0.026485576231018437
0.008564656145626293
0.010181333554595162
0.006870742379946448
9.765466017475077e-05
6.810479809116199e-05
0.016891082256835666
0.19671469783231643
0.9999500963859338
0.999948226799073
0.9999488577159523
0.9991778733735279
0.1974954832423178
0.016978338348520028
0.00015551319380913142
0.0001666209727122503
0.00019220911630779547
0.002403386227647575
0.009857534109866006
0.024749243377419017
0.7302595773935119
0.7406148449899148
0.030370827532765987
0.012716927218809793
0.00035757188008300744
0.00041625792567545616
0.025274714661779107
0.34073034298025007
0.999987103045866
0.9999906144347512
0.9999637113651448
0.34123808649206655
0.024762538481194918
0.0003023362143163011
0.00041396312763353205
0.003814964996517678
0.12107663177575811
0.8358662141549205
0.6896684677789119
0.6969426454120151
0.7028589332944529
0.7129733359900733
0.8086432148058905
0.9729288148553962
0.8586852641692079
0.8050918947993905
0.8573761250504983
0.023628935736145218
0.004817860188788714
0.013699373332606068
0.006368841078424947
0.0005568946955316623
0.00038913105332272213
0.00458224697418641
0.046220790727898864
0.9995873386080857
0.9999449634198896
0.9996933988125548
0.9996100331765856
0.045950253925520324
0.004272417341464885
4.561931525759455e-05
0.0001506842140840403
0.18460617504167798
0.19716814346815859
0.213999977477632
0.04611146075722061
0.41075131592615355
0.8901815439041715
0.819862090820137
0.6720379101681713
0.4288546392196678
0.41905770682779786
0.5866165909338162
0.93794251178203
0.9442708978403616
0.9618042957570412
0.9730093639175148
0.9712067488071061
0.9664887675930152
0.02660935002121123
0.007880011232728079
0.06629812404745983
0.2530232742160251
0.13602539415100456
0.08408699566375688
0.05354679330912138
0.07243429080800723
0.13211303793903684
0.9696801100790233
0.9351259113315409
0.9727466456558879
0.21408164028986776
0.07854592959931506
0.06203855523241253
0.07876861939583357
0.23024459961511345
0.9974270216437756
0.9962454297978023
0.9975891007967531
0.05638263763881768
0.009776280018065853
0.001935436721327899
0.010155625353407749
0.008476561798558158
0.35992127665068163
0.9847837093433462
0.02679134476056988
0.02410846824452506
0.9977469650029606
0.9978696206682361
0.9993466792834879
0.9838834445251489
0.008422411411395991
0.011031769417708115
0.9814893998873255
0.3591219124093895
0.00658800880263799
0.001808534520003291
0.00043668340469726896
0.004541796687163702
0.058220118754567896
0.9967345510496249
0.9934372787580381
0.2771623369294397
0.1228729229490072
0.007194393266747201
0.0191853742468302
0.12509001744331927
0.8567029089863496
0.807128448715856
0.9515277316475791
0.7286505402957132
0.6348896455757242
0.9180769562856131
0.31562149253448935
0.0757619140188992
0.01652547987786912
0.005362727828706615
0.006917551955754497
0.009875397494963245
0.01478424877934914
0.07585953149445268
0.998003680984584
0.9936153910601568
0.598070532621942
0.6413723957903692
0.9987528179471116
0.9961074869306298
0.992308830232862
0.007419468622859471
0.002684925131692606
5.382571640522027e-05
2.323943138227147e-05
0.00032172162590693443
0.04383558820415989
0.7660801411026794
0.999773141404182
0.9998483739702481
0.9997813715668464
0.7660990368825643
0.042543694037964985
0.0015146743629286252
5.041267988703524e-05
0.00018376277370091287
0.0011384179583611154
0.0031771767481452162
0.977599353963499
0.6110804133690508
0.5677792120717233
0.9742317372511434
0.9771738676219621
0.061694220681074774
0.025581546623233753
0.008454193113565656
0.003768387737696055
0.0033260934579726342
0.034734167100351154
0.08136278709584277
0.1923943125256986
0.7636927007733785
0.6727491052806485
0.45406767924423463
0.12418457396277172
0.048775120443849795
0.05069045291968566
0.035121605690879076
0.06945555935459524
0.9782489958055517
0.9729361810568103
0.12134033200490069
0.12426490348630304
0.9359625098787192
0.11084529819288713
0.0650135727294463
0.8457709475829529
0.03963210836540054
0.15992850421594085
0.1971179080127009
0.24907295423122822
0.9722600059665372
0.009341976032960497
0.0037782595877862146
0.002521352816260314
0.010920235243490395
0.01886712609618435
0.031057927316855527
0.125611454392353
0.991360987781909
0.22040617301240428
0.09606679583673239
0.034153220084096936
0.021781702347583254
0.0027557177487221862
0.004612681598888391
0.06571799310058712
0.9672587670576157
0.02807626531008467
0.001205431077415997
0.03295418880919887
0.4654420351953934
0.14976114086475234
0.0056991223331028795
9.133605896738395e-05
5.78183613816341e-05
0.003951327134898097
0.047699929475569225
0.5234568576775898
0.4871290176389652
0.00826771458808051
0.014094357415063263
0.1386384363012636
0.12893290483758624
0.18417305782569493
0.011489678795289948
0.0007849808889347498
0.0011555904296222108
0.1483543326423864
0.40376122176662665
0.8377416240550097
0.5212683358580523
0.11272221892618839
0.2536864747976023
0.8460798748262695
0.8317225581010054
0.01948363163526179
0.18989075611718698
0.19093258425417736
0.3019281003606775
0.9333420058104342
0.418231573099881
0.9992638520018421
0.19176918274096255
0.01405171467613342
0.009579542964369026
0.014864072885461654
0.9992872711615258
0.0327772189237846
0.003967545649224302
0.05891012071015411
0.9997964051898203
0.010553389841421401
0.0014102799981796643
0.0011049648346890262
0.00021315192150050954
0.015458429164256549
0.9999799807408829
0.9999737435873586
0.9999724632230741
0.015457716452937476
0.00019513306741025804
0.0012480698684603775
0.0014107888419615522
0.010645745985465638
0.9992118539094687
0.05958571423768533
0.004284612897551332
0.03224616834021954
0.999339323725659
0.9993188722897005
0.01435809145919087
0.008480483881717515
0.07333166681064063
0.2688150238602879
0.7483713760291946
0.8379246141719708
0.9431489583088125
0.8850282231382707
0.6955416124203648
0.05773687491072843
0.02631091882135983
0.18314808457147413
0.007399345084979303
0.8084187266843351
0.12433768192901606
0.19301098908315173
0.17863407639661655
0.2006053009449228
0.12074137724643608
0.12079283949626407
0.007191254287821414
0.8749280814994768
0.0592010317761692
0.12477059558364789
0.13417702998533332
0.9932447523219835
0.013930351160158727
0.01898295437883113
0.021872693732198134
0.04952756691922566
0.002224627281634861
0.0001375790726757531
0.0001820779152971186
0.005896850433901091
0.14927032519346117
0.9674733861889033
0.43338988179213944
0.0008814552429512457
0.001067920324821614
0.028540035923265483
0.9684328973713823
0.0989176003492046
0.03312783574512612
0.029514287360935976
0.019193436921481122
0.03743948348947579
0.09544049487286277
0.21478445760138654
0.9967887723780322
0.9937971657135359
0.26730943463988854
0.1446117783139509
0.16812002528655368
0.30426452088303035
0.9851176042976326
0.9942306395912168
0.9922139682516798
0.9933980492320796
0.998267365662769
0.9968023456636428
0.9966369872326122
0.5699458586985922
0.4892902315364601
0.4958272145606605
0.2893991284840286
0.6778837093512853
0.6796733117999592
0.7052866811054151
0.9850304053773431
0.994233639994947
0.9931174095879203
0.9995161703426814
0.00469598990777631
0.0016287872741468368
2.5158689337501094e-05
2.7646631477473704e-05
0.00025608871967153224
0.16956993277590549
0.999958905302104
0.9999908903480016
0.9999905168103674
0.9999811251124133
0.9999894472494767
0.16956202899984796
0.00020961999786983654
2.161843975601041e-05
3.5511122363995895e-05
0.0016797914617573406
0.004845866050293579
0.13346281415228534
0.04897738437339427
0.035511611543535104
0.017976920078392244
0.01449188987828054
0.009314276491700135
0.014024826359501197
0.9495216796052631
0.9812367223285932
0.8563623347273065
0.1349702633905644
0.08398375269964264
0.15215870946276766
0.11691639285671906
0.9592944835252134
0.036823739687924406
0.0768128670499093
0.45215162471877746
0.3726904719740498
0.0029581628803407867
0.0011140020537507844
0.00084656603228217
0.00029440107525968706
0.019507630889304073
0.9995520888253956
0.9998861488428495
0.0035416952782677535
0.0016417316701037299
0.004286003615308731
0.9999658403868339
0.9999222935257202
0.05618282991233525
0.6242869680360005
0.9658880852686941
0.002755037372323077
0.002572877076395974
0.005731172415813335
0.008511931646385973
0.05866698922340219
0.005835300636999996
0.004267404476007486
0.0018884857358110185
0.0012224221717201944
0.014230609266579708
0.9986481689669847
0.8480468208872809
0.12388642958000973
0.08382590455688455
0.15483071878682897
0.9950900061926576
0.08415952134210991
0.014923193131068602
0.01944717645567917
0.9988789808157899
0.9963934041204943
0.9962257722297159
0.9923688470161772
0.9978190643306625
0.017271551443584277
0.016533448276244256
0.011072951674950371
0.005489194113142193
0.010685348378794424
0.27806137619009585
0.016923951458248876
0.0021019478954102944
0.0020705177429523047
0.00033768069124651134
0.005826005391647793
0.9998400968388791
0.058621709313628756
0.008460033705718684
0.005526143157028374
0.002207741378198236
0.003215871817914273
0.9997623911832827
0.03730174909791395
0.6128983107062161
0.9961877316462053
0.004456850559712899
0.001892298274715376
0.004060917187515778
0.9992558738575182
0.999755312671414
0.019029122315998848
0.00027518086984124057
0.0007999552117341491
0.0015455612747563574
0.0037131896758942906
0.039470841370261134
0.12249526052895354
0.611325284001085
0.37070757380419495
0.37110089656606526
0.15124919157621353
0.03859322252449682
0.047006950730985486
0.14141272655448378
0.9454910304082638
0.24514356176289187
0.28103563839428714
0.9432169776961439
0.2844190314985906
0.3895663498113535
0.1589352463387742
0.21770593404943672
0.20507354521067112
0.12613948593845403
0.06258782433486432
0.014788941273297107
0.014950692320226167
0.024533481719302364
0.930349117756635
0.9286318432495719
0.9804448113534531
0.9963758310752964
0.9944055224343601
0.5145171684338239
0.4679884463467333
0.9705037105174905
0.9042439994284089
0.9774533103692713
0.05456620368030818
0.012320890915269889
0.00475444606838038
0.00428613053906346
0.20523852335294301
0.9655649977024592
0.8427723248328366
0.09611932584478966
0.000784946049807167
0.00037264103471301713
0.006759768507353825
0.006376944431436216
0.005676919936609681
0.01555725836378552
0.07068443785347112
0.7634744526981304
0.9999190904833835
0.015652637681856985
0.0018018508614514595
0.005371921868114193
0.03199333309274088
0.9997987611339201
0.0009184277638402127
0.0009306780845427243
0.030125987426484313
0.04341168212777469
0.03459110959574385
0.009155124440432871
0.9244072219708668
0.9463513339657456
0.852852157091289
0.8818945516933082
0.9184491004205603
0.9994920954060945
0.9998445464945438
0.9960229336322968
0.9015223781842038
0.8678651536992612
0.8925979340510317
0.9598847360974195
0.008288234432211383
0.008720496223663887
0.004214141490252565
0.002610778962366167
0.00021784003648095407
0.0010497649858538516
0.03323639298863623
0.004148611126414958
0.0023447140332231164
0.016372481149297125
0.9989193148627967
0.9955666027395941
0.7581388044295839
0.9952427564664603
0.06074421044364742
0.006549650823149844
0.00029564081731980885
0.000823611508792399
0.0009682589515747075
0.00010269150251696058
0.0005480937912083483
0.09423797671264922
0.08338080824500416
0.011377902732970901
0.008427489706122504
0.003803131992059283
0.03579991962983864
0.47074976282865666
0.3367467788545475
0.021513395339490593
0.019647082588386433
0.01717465568362675
0.03165967581644158
0.036636815356654195
0.08013226486918101
0.1054355902193731
0.1036561933908462
0.2910638212075348
0.8911655855863014
0.22344084939154796
0.17655157932138077
0.5328977779222848
0.5530813011920896
0.20743303870406726
0.18396664946644636
0.4303901178948646
0.42226734326271786
0.038083424535464316
0.12324663080844578
0.5087358439469486
0.01878546302109041
0.02556137506022904
0.02137669986090962
0.036014120366815505
0.042224661391682905
0.9984597118303787
0.006558527528900626
0.002109366916339117
0.04903507522082173
0.997255412307826
0.02882890349055034
0.0005853495565389943
0.004292209953864479
0.5366934174059864
0.9978099469712255
0.9977555450810598
0.816493259512006
0.8108041107617044
0.9874098931082348
0.9570558027486545
0.9928446172391595
0.9993513144144914
0.9993663355573001
0.9967570423164543
0.9784410162688844
0.9814674254315779
0.986126872707063
0.989107066755819
0.9984620009715941
0.9804253445391599
0.9987181146946751
0.82790838601418
0.3533203464421918
0.9962532718200907
0.0061504406659420585
0.004370245480349255
0.031009684640599056
0.9989429630166138
0.04984051022730118
0.0027509246196025794
0.004054259637076396
0.9792970331464798
0.02094254600623624
0.017176638396682375
0.014726113304556865
0.007483791390374361
0.011920879253589978
0.37551331015414
0.267186622657528
0.29112276501594225
0.22780764085001115
0.34325509039861524
0.7819670873351154
0.8593778506857923
0.9092388811371006
0.913225768586236
0.9004827778237919
0.42922531630984573
0.31057700912190545
0.20051377603721798
0.22912792190611353
0.3579396139204639
0.8654239094850922
0.831515857810562
0.0404709285425473
0.05237038719394205
0.8287091198287362
0.9467580149277575
0.17725777155860112
0.19772137973150272
0.19739952020975648
0.1912540605089713
0.2005398650943061
0.5165699354098965
0.8943597074333137
0.8773611030432051
0.9583301737537613
