0.9920208211037282
0.6771014948895615
0.26383256543623257
0.2008182099377518
0.20051316400571773
0.54117288074809
0.2457003415207052
0.4496445813690365
0.16167983760632398
0.6699692405581223
0.7321400601852903
0.3448415718994571
0.16614559759730185
0.06982500034310202
0.46457919151416704
0.6926563314583556
0.7162245130842266
0.6366422724128407
0.6723070812747045
0.7674454054030049
0.12118170996499977
0.3220046431650344
0.17054807988115672
0.33650790626809535
0.45899571731210553
0.07054919512886682
0.005325552673024592
0.004976775295712166
0.000978144640011891
0.0008215695597912909
0.027944918989508905
0.002583729709182303
0.0017678426099669853
0.0018639414990591074
0.0010928363365069194
0.001213035827572595
0.04967870598554658
0.6361024693588939
0.7260068240928618
0.7041848074072063
0.08310129590580662
0.2485993302124716
0.29991769232812127
0.3288103697945195
0.2374677238723235
0.2122813635427776
0.43838836365156875
0.22778173871805307
0.3941372320133504
0.22573724540335338
0.22051275418058436
0.20622619080163163
0.5102642661799728
0.08390540631649168
0.0724044496795021
0.08797153146592607
0.29854612068859143
0.3370523943735648
0.3316775741036391
0.1670809812412597
0.17361362019543736
0.0905387415328528
0.08194656546440049
0.9163796881205611
0.7194231656089429
0.49293192186682344
0.5317234124366748
0.6041567043948478
0.610286336591181
0.6296674983835898
0.629003918382082
0.4582040124312726
0.8297159117079045
0.4113730109261815
0.39687128786815495
0.3983724202146899
0.9803210986900165
0.9530650014993134
0.9921424009314626
0.987234409361176
0.01201291864545695
0.010936647665547139
0.006109767710245073
0.00529622286424547
0.15268805630278315
0.21978745169388292
0.03664211247145155
0.5198280407932543
0.34182665946940993
0.8153172373043361
0.7566183028697377
0.5892925222327723
0.40094373422795615
0.12007435912225461
0.03266433677194669
0.18988980038818648
0.8684944497277564
0.027649746536494213
0.0010168460997306283
0.0003738178298601236
0.0002851445967538835
0.01680286242881368
0.05853427546819434
0.9852342400548013
0.020114102823503788
0.0023626396680758166
0.0015572397757478429
0.0033637199684608543
0.7885999877617441
0.9912782014168064
0.9332214716677736
0.006367686440006959
0.01637505243827797
0.021638000194545537
0.9999325319212056
0.9953240040033506
0.9947836963788563
0.9980670558917466
0.9992187148947608
0.9953585791872782
0.05581974576928783
0.0017333942371965394
0.008191955421871788
0.9492769208388987
0.25088493114964094
0.01280823146227672
0.04555647270399843
0.01640038075149719
0.7503736938680519
0.9544567330601178
0.22761693169598118
0.1826813105505778
0.8969585010441108
0.32660965235268313
0.24964311036015951
0.9912346256954024
0.8782526218578067
0.057097263157565026
0.1751571498125284
0.8990201464292074
0.8926587301815059
0.9399771106800405
0.975942509160537
0.8744715129151925
0.827185668406336
0.1712297408130944
0.14694902313980573
0.8659546663302448
0.8925369256477838
0.3644385886814706
0.4102001948618952
0.9569029855352288
0.9245209807784479
0.04378049783242344
0.024608924154588818
0.6882306784674217
0.8896996711840898
0.24177318205304466
0.10169018246268235
0.15155307555101027
0.09106139750428521
0.011457606391807929
0.008371835451550846
0.0014407891777850068
0.004504919580285982
0.9839950995540395
0.02780396262200202
0.00042251220182532023
0.0011680764251584819
0.0016456393244452805
0.0018656873293302345
0.04281938977433164
0.7874073340544971
0.002995868532249757
0.0039559310526618985
0.021918643624972534
0.21184655204781055
0.39518829585018034
0.07063658821493424
0.16058519268768878
0.3615977792767412
0.13294665666628003
0.07588313963823567
0.3081613123945557
0.28546205402625024
0.6306375351024811
0.09132085686834746
0.3063322025947989
0.044695322059190135
0.15664687753782003
0.36538765758175473
0.24482731642387012
0.21518051373015235
0.2926662768895836
0.8470413487612903
0.8946516458865201
0.5669810954338226
0.6218402174143728
0.5633834509840675
0.7809211565397216
0.7280509554073693
0.4983668374267174
0.48336280502143425
0.022427304548594762
0.0019694373439498314
0.000984998943021398
0.00036553645558090597
0.006435050902193984
0.9992570491047951
0.998812848781467
0.14711468793822224
0.0002766005412938588
6.48151433998434e-05
0.0012368501324022674
0.0009129112260033434
0.00016109721307366875
0.013143521602270947
0.9188502514070143
0.9998237356755241
0.9550678350632457
0.0032447737015445233
0.001521107018264467
0.10308138815081358
0.9999635331967588
0.9644854721241334
0.9998295891321615
0.9550655714048352
0.9545069188886601
0.9180497528806952
0.1045269283891207
0.029635521703516465
0.04726983737769841
0.9999580202078661
0.9372812009997462
0.999995520096506
0.013056335403542452
0.0001310719832959828
0.0009070550112987297
0.0012460739475314009
4.603225139798717e-05
0.00020094520414060124
0.14768684953644007
0.007519220615156086
0.0012858013509648991
0.0023191422841938314
0.002136511835117094
0.2043520022866564
0.4237975711157286
0.18356971697855462
0.16850408478046675
0.2887693035518416
0.8104902403104904
0.7484761970230955
0.9332049420348846
0.6600154094241686
0.8119096148521021
0.32477664217463476
0.08535768245041642
0.793728711281152
0.8513188020213694
0.022211423904306526
0.017652211636247417
0.00043936945215372614
0.00043805276232011803
0.001657934118613924
0.0015154851098835298
6.420860194511491e-05
0.0012087286886938164
0.0012102771279379754
0.0031203828053985028
0.7336647441886635
0.27672935938078647
0.0012792486693143923
0.0003049013461309258
0.013816717441471282
0.9907687085384701
0.944758979452707
0.9926143107307671
0.9511436875922776
0.04516019988276132
0.02413338690273359
0.6283466344461452
0.008542710164164524
0.40272869984845694
0.04808836288319851
0.04913018233622346
0.3617478185716547
0.24665484026468365
0.6428181038102201
0.5823581845936965
0.12287316577502583
0.9469140147280813
0.30689905504988535
0.20729651146016992
0.8734720353441427
0.1551105236847503
0.15555233541891855
0.21070824616833828
0.19600885905816012
0.16145757341589806
0.19606454553598163
0.28110887501951065
0.8390462568955321
0.8972216108545763
0.35078376131480893
0.10687836618778346
0.20816070140191123
0.7328148393325815
0.2439170517924697
0.2744055635438427
0.3619663645778285
0.6695322985532961
0.3594414095821098
0.28150060387126796
0.15880902470797875
0.9841736963408317
0.9922135734836445
0.6065274554250955
0.7286672702302532
0.9326847301824591
0.6981219204336713
0.9228930135058386
0.9609656331027161
0.3647554791570513
0.44207890788499293
0.932483966422829
0.2709479396043446
0.2873507951337545
0.1998756823769965
0.34237748382739397
0.08361333328382792
0.04913797745583148
0.029767927802558658
0.09787474541415098
0.9421803615236402
0.11666658946031472
0.03966548701779127
0.0651030957654547
0.28742792111961624
0.9714109854963893
0.9781172851013665
0.04236081835815253
0.0631821091364928
0.246234513848671
0.5659021493295217
0.8634655917013653
0.7067389957053009
0.599256863430754
0.2657153844685751
0.04837840499417534
0.014903396165028449
0.5808449581975967
0.9673994590237476
0.21198041368270482
0.3912552232269054
0.33483277459451
0.3459369453735289
0.665006943281297
0.11549984013346615
0.04249815874510665
0.014072502908708762
0.05940930593396532
0.629525410428864
0.9988300726990871
0.9986695687817042
0.00486024468592039
0.0016435065716493558
0.0009048748402620266
0.002742309012042199
0.598854290083362
0.04788979696488349
0.02788327282134362
0.9664737030237114
0.9697368306490121
0.7679256356339915
0.9351408622282278
0.5339232992977958
0.3323810519825732
0.5938284162800618
0.4567565650955987
0.4426430788571962
0.732611292136955
0.6388071192450746
0.02450104720624191
0.6133452509728361
0.028277239809695542
0.021608885514041387
0.3062466144101865
0.959771625261519
0.1774455848291746
0.1627035179764298
0.18412428030595873
0.744933449014666
0.952820955367984
0.3598571423080682
0.2585151141712343
0.08960516998157109
0.0382355290582892
0.05002743424893885
0.12980146411687454
0.3228657329287451
0.9372309169513073
0.11715833450948376
0.19745466757921648
0.3172018460313727
0.9975039801913802
0.9984085037960755
0.33488084673074203
0.9123313120560202
0.2176631973375598
0.20795259045867553
0.20643717143769458
0.12741352087832747
0.19911025030644125
0.8696810129785889
0.13678478865469867
0.1456069276126024
0.6656201834569693
0.9299182372841495
0.929427159669175
0.9939458245682449
0.9969678037002713
0.013975730711348056
0.00921057003348802
0.0010743853197771047
0.0006725117529237101
0.9890996354725623
0.9956688148504916
0.011689281303424726
0.027595837869051287
0.20715059312500472
0.9911880700078274
0.9941363827335978
0.9958195581706188
0.9925707071201759
0.21132905285047154
0.03893108183961347
0.0220633249132145
0.999777091324615
0.999802899688617
0.01071297006861005
0.01098570385627018
0.009299148786422462
0.019149969581997883
0.9543323358157657
0.9383411066438021
0.9359278913752858
0.9792360385870603
0.9970674640867266
0.2645038949516597
0.1748574459582194
0.1686601166123748
0.053597437278185
0.8318404442532984
0.981425725054732
0.7955480619925765
0.8141791759117276
0.8042963125962105
0.05389112127340334
0.23170614725614425
0.07299663323769356
0.07795008819510074
0.017903289927833188
0.01174546948377253
0.06990111815660227
0.13556327299265858
0.9936479984215971
0.7742455909059924
0.9989105737604761
0.9976776792477086
0.9184193028106697
0.8653238753511371
0.9992114276597952
0.8803365867820104
0.8944597617269723
0.8956007698481692
0.6222228805039058
0.9960065782475491
0.9952782011538406
0.0685070124792545
0.05461846476036558
0.09545518407748066
0.023616708956347376
0.9822371889709367
0.9179560642642696
0.7960556220721511
0.7294748388693499
0.8467256653176775
0.1795959885024634
0.3205045037111186
0.228859495422147
0.2359096576308971
0.9432434778656432
0.8598418047991625
0.20991530828582516
0.35011362508897603
0.3457409232375587
0.44294557153958025
0.699820118002017
0.99588833173391
0.03038143556337991
0.030573468234453283
0.03513867254491865
0.01961680479205652
0.00326074156630185
0.0011648227090044205
0.006539297343057138
0.3771110452686295
0.9695853325049578
0.8867455609208477
0.9642325757926657
0.9950608288437389
0.9445750796295485
0.9559953211160598
0.23074706312194937
0.04109262050288798
0.04915411386863833
0.9615559207322041
0.0073504967182239644
0.008444593348218232
0.9936307761220491
0.02746584353764625
0.0015925324222827442
0.00030591378947142367
0.0005174568727434048
0.0028423303625289
0.0003591538854009757
0.0013841393098470434
0.16018041921525272
0.23716354338788737
0.18536874872110476
0.8897857601712347
0.9684305287055172
0.026146062135786075
0.025796160214763497
0.033784217854973875
0.07953087637852307
0.03183634147318437
0.28727942755776925
0.2837472565272341
0.1781722442727507
0.45131683152423474
0.9282287778754578
0.9386189015176905
0.97268428228438
0.8293388214264682
0.9340850179005338
0.9978031362668045
0.6797789801182514
0.6638956325295429
0.666454083824815
0.6311998016128422
0.6719183334928003
0.9448291456194979
0.8139858713081171
0.9848688981744943
0.9407639286979022
0.8158185272058327
0.8953973951347398
0.8828566486065612
0.950676565352242
0.9804398575559362
0.9848972039611967
0.9770588180453663
0.9928461246780338
0.4094080482451138
0.309435779292658
0.01074192789221795
0.005975506318427137
0.04916834826794636
0.9496817844700856
0.9814689803817351
0.3395691347111881
0.2943368603252724
0.0171352945396972
0.019479528229303322
0.6967563460743958
0.9878901532591161
0.28629746605578377
0.3214659080039154
0.2604960330351459
0.00683328664008509
0.00567349157979824
0.012601610720675449
0.0038337878960374994
0.030235522284009386
0.006213662271321252
0.003961223706145822
0.028485601107636094
0.01994559148631947
0.05833747738106543
0.058150747613206266
0.24349333500141634
0.9766033312841268
0.9853773944332389
0.990406272494153
0.9724088126952922
0.7880496471737894
0.8050393506689446
0.8019616720523899
0.9141507034239633
0.9554431599486333
0.875201399585043
0.8058109496204225
0.5705065006960344
0.2597228227841575
0.4277110666466962
0.38392820012861495
0.20502760051004698
0.7411229847621605
0.7721621256218516
0.2142152325731057
0.12225551554368053
0.04176067052054999
0.032430915617576606
0.4381230405426976
0.1642758689908923
0.03384930364584271
0.04090907867403437
0.044407737458909136
0.04055688404834723
0.5760208334804404
0.10520515810720799
0.11149112155535512
0.6068186129692985
0.5427838427706397
0.5806702764861191
0.991910027534241
0.971800577323904
0.19127421161679392
0.20372613456168198
0.7126035597692736
0.12816585005186254
0.21258906877642114
0.18455051627229102
0.3303157839364579
0.9115930659849809
0.8626356855460016
0.7595101699351904
0.8477017849634243
0.8614743176684382
0.9289134125146734
0.9971661129801113
0.6994636677020465
0.11809956899202112
0.6001241012099118
0.005930637720450438
0.0003912787024148434
0.40511943593233435
0.6057473594494223
0.02602311031144
0.03539630797724069
0.9979503486340364
0.4931505135180645
0.5240390776147015
0.9735445651618242
0.006406332603292153
0.0023461029962011937
0.006203395631640074
0.40511095118889917
0.014084802609607205
0.006736493745066574
0.558319416771664
0.007900680632001
0.02592960936128741
0.1704026546934504
0.1914948834645298
0.9047801655057228
0.15638110235247904
0.1611013806152064
0.1013353831219691
0.10930159036906817
0.26950425602793726
0.5046235757484452
0.4734125035668626
0.9551860487545589
0.6467830892282171
0.5978577900294288
0.5174531077949887
0.5813388861446565
0.8662146969633209
0.3957844214067897
0.07592924109700827
0.06982345129339218
0.3548720365327779
0.005361083758984697
0.5802278771467377
0.0807676039638805
0.08408483799910194
0.41616828722003374
0.9495276656558659
0.009889143948064838
0.0009431004362824291
0.008636228230993637
0.010488238949869833
0.00506936166483285
6.324528374768157e-05
9.626302526211106e-05
0.00012091764202160071
0.0012857495305270694
0.0012005628629203624
0.000758833960479377
0.0008677069567400997
0.9995172904791952
0.01820136525792937
0.031984576239469376
0.9995173468287143
0.7194417332530316
0.009003075339289346
0.016349244167811583
0.4969795279512549
0.7540547803130204
0.6752932894758021
0.8845651485277475
0.4277993395702121
0.35466108298750065
0.28348079989242025
0.3636364169966403
0.9664640758049291
0.9879434073623754
