0.9073055198906903
0.7780442644746288
0.7296929594799921
0.6092251567956033
0.6845385965681082
0.7713896409566506
0.748693134194262
0.49084192470182453
0.5168908032648672
0.8953158328857118
0.9944880712595429
0.2655063179606021
0.0070881987117981105
0.0016431695463106077
0.0061330699728116
0.8767708931151543
0.01106866930452366
0.014849296640400134
0.12621300830811955
0.8466562292748729
0.26277937206990254
0.8301510976930304
0.24179538158101976
0.2990539844548765
0.811368153943584
0.07773227841017805
0.00409655973383849
0.002894170243111782
0.002797981101135605
0.0013300283085275755
0.05662058962654948
0.05569057914604758
0.8864749247048463
0.3792080358525365
0.3757395306273297
0.4120788443979786
0.18360867559158867
0.5036517714486872
0.33831094973478015
0.3173649288294317
0.05469449846080665
0.25953406343249874
0.30281571246348327
0.23953217800486248
0.7117692666733855
0.5453971392955826
0.8194224747276762
0.6892744636110747
0.33257573666166773
0.30142074937609387
0.014779480611506468
0.055100645644010626
0.5925745294000286
0.04152131481208421
0.03827098648613336
0.36810007030869907
0.0151582290308101
0.020459915536916062
0.13660484861534916
0.02325960003113292
0.4363010036697844
0.42977000528379894
0.07152632990403496
0.12390861391794916
0.82514018306598
0.19787272824088087
0.8008585323605605
0.06809296825994793
0.006325149746385206
0.007781791898414103
0.007844631136945113
0.00576272468355743
0.9828272598674987
0.987721430949456
0.9919182005191742
0.9921999704688319
0.9973774795994296
0.9795604519296001
0.9996056151913438
0.9991917768952355
0.0025824173819281038
0.004429530677855231
0.0037377823429567414
0.004374669971199507
0.1376401244210238
0.2778319715409351
0.01463391206769915
0.055934415952724525
0.03053661724624568
0.05593300304850202
0.04878312923083328
0.03160773602233946
0.03954374784890102
0.004246221867551636
0.0007795019197299746
0.001987469890810667
0.9980758137238994
0.02899864099595406
0.004149034494798753
3.854195955621531e-05
2.73745219785404e-05
0.00014164518862014308
0.03285360985239949
0.9944763364740661
0.0006598778733947208
3.633691938709216e-05
0.00012188354892339603
0.003859542149259987
0.7842008027783818
0.9944317126046112
0.9388246643901565
0.005721147688683259
0.008491223419231475
0.0139097997947919
0.9999772854502298
0.9958513134855251
0.9956560276613737
0.9987183788598706
0.999616187028793
0.9965991299241058
0.05727764332075491
0.0009352865024311319
0.00786120291014869
0.9519262729095747
0.23420707352087278
0.012362081737227082
0.04656566932413497
0.0163840208545335
0.7466231022732421
0.9531296822174768
0.23444445822019366
0.18769011804893865
0.9153705887253066
0.3335510031260289
0.24772631577693238
0.9900433644804177
0.8744141147506196
0.05780485484551445
0.17880123348917054
0.9149765667228669
0.9085430011670129
0.9550416172358926
0.989395346065745
0.8718529914829163
0.8330374479682177
0.17290385936110209
0.14808927868406097
0.8667910808857003
0.899204228584852
0.3578239465917207
0.4028406022498715
0.963081452642744
0.9294717002876272
0.0374412519810009
0.02509248966922395
0.6972045218207168
0.8976949663629347
0.24147508131665296
0.10130938845226434
0.1527971795788603
0.08266493461218394
0.0019899433239086717
0.0003888713989784742
0.0006697616647582949
0.0023916257925682416
0.9927870892106737
0.027512053229245548
0.00034192824527090604
0.000903307842116674
0.0007940179088471444
0.000909043387963937
0.020302426625833814
0.779088543225363
0.008883309190401145
0.012083964358830968
0.0813840685039039
0.9283683573320791
0.4432025181455399
0.29168432477005024
0.616806515761527
0.2725581386179776
0.19487887459020237
0.0327707911996068
0.033945929348151216
0.17490136076264107
0.2852446120698049
0.2553456215026695
0.8130626927191724
0.20322745040244927
0.22421298642327336
0.3984743736069196
0.0986770879549751
0.10812870059973079
0.051617142783876635
0.9845344774256463
0.026150207043404095
0.02012071940171689
0.021316686047887057
0.16560204611324614
0.6980034370374668
0.6834111805797956
0.35933978590579574
0.39139670391026826
0.025392708744632175
0.003093721470670663
0.0026648206103038197
0.002506478688161007
0.007987390006958361
0.990071524983245
0.9894494545597531
0.14678852390731878
0.00034406484814542004
0.00010753012969266784
0.001430720362507687
0.0010919650056741004
0.0003517011994141894
0.013334402513195176
0.9186541107719816
0.9996013835021498
0.9549307449025067
0.0034335558567570867
0.0015436450897070575
0.10301363322309531
0.99973501703989
0.9637134179570234
0.999792919500973
0.9549130146253764
0.9543600385084643
0.9173643395715738
0.10449565547151962
0.029651220984611704
0.04729665822477913
0.9998336814763085
0.9371913966634585
0.9998793521191027
0.013118185046991138
0.00028212691711615445
0.0010353579449778882
0.0013798130713816859
4.20814478632181e-05
0.00030800044948964267
0.15238170164606712
0.016946986641429018
0.008085218847479259
0.010141338746059603
0.003758232732272049
0.15525401359113045
0.9061290321194518
0.3274472024257232
0.3661136346433169
0.5643260037501465
0.6525254337577663
0.706427401969649
0.8996495431997688
0.8738507115681047
0.8942166727537044
0.3565423801583948
0.21457150591916097
0.5620812390860954
0.6544608517160242
0.212274350375511
0.28100100339364187
0.0037896258305187835
0.019708457976377214
0.1125448105217105
0.06716405002175363
0.0005390883309340788
0.001501420269014786
0.001288789118004452
0.022237260469683662
0.6574897625029226
0.3701705569138971
0.022504605466645122
0.005750496639807645
0.02236722494684784
0.8177084422100335
0.8236209090743392
0.9903344680894551
0.12586096649516565
0.02263612796926351
0.02291213164329886
0.9116432060901716
0.07959212367657853
0.993344610313412
0.07018706429650445
0.003967303195901661
0.001633696100753923
0.00029633182974642125
0.001785697979064249
0.008714647983045665
0.008689427688330587
0.2686158378158855
0.9993704070489847
0.9992956975717018
0.9998501113877165
0.26162281668882725
0.002063139033957162
0.0034656461778581615
0.0020925065846585378
0.0007859104324241528
0.027379343786501864
0.03696408886191327
0.02417802827456872
0.9985405831215372
0.998018109603871
0.13823802851377587
0.9564372885246462
0.08067968262052294
0.025451006995027226
0.07619063037186946
0.9820438341775072
0.30984142364982725
0.04255394328781925
0.056060602995346875
0.5715918913488602
0.9943155343517904
0.988268792206005
0.731581066728231
0.7877405212834961
0.9811429237175546
0.9687975193600533
0.9981680558648823
0.8182936037536708
0.5894147512528778
0.9396259135629506
0.7384332243402869
0.1895024671043184
0.2699614193941362
0.17166483041507719
0.7552400674789596
0.056115442652347025
0.0776206099426614
0.11315817901360503
0.10285485806676209
0.9900350140208639
0.05459183934019596
0.041885629916989964
0.04947905060299562
0.19730737747280935
0.9837466734379319
0.9979749915820347
0.014249248131320003
0.010115778200926018
0.005265224490847653
0.0076704905829383385
0.7388994810774216
0.26970617452623724
0.000696955759890816
0.0001303222435453666
0.0002022849776036617
0.0020824702584554267
0.004635729893400109
0.9998319324918925
0.4985204122785969
0.9987327334855336
0.8515601099282036
0.9131346253836428
0.12060883153324242
0.11776619531364296
0.0008426830320883427
0.0015816386365420376
0.016105658044030635
0.011325399997168417
0.9948461945229576
0.05245884510265986
0.0008894898636908621
0.0017330759699381026
0.00033061532659450776
0.00875457911046107
0.9605643600566987
0.26430267142986474
0.10890653807489858
0.09831526646583677
0.11726131141930773
0.09589587797001131
0.08588971469167972
0.04268949866185845
0.8820374291927723
0.9091562095414232
0.9089329361895762
0.8787051213600784
0.1209490886146275
0.0921305293970428
0.07157242802132657
0.9548252343409409
0.10492246388176485
0.08493920115536224
0.11299774015289532
0.2791258320398897
0.6338796481891256
0.6436806103119104
0.746153281396995
0.7453287468064792
0.9446346158874397
0.9373021158410489
0.6454971939382107
0.7052503222964621
0.09207812564815265
0.0018609901979806942
0.001781822851369852
0.005677733706813126
0.002954155351770904
0.002384348033972583
0.9954404505410481
0.9955615235739542
0.9994652390605734
0.9999339691340672
0.0030537756868979082
0.004244849305804155
0.004600321100010518
0.004436126753329939
0.005492770033194705
0.048235316982761955
0.7642585984972646
0.4385384334254462
0.42104723352746243
0.3156579832660561
0.35044491425103075
0.7608043712199359
0.9044056485592435
0.9837062810821884
0.9813003179964608
0.06917002299885155
0.06371572307721896
0.002360477393837823
0.0050846710657571625
0.8790359421495677
0.9462666947365923
0.01651927704440248
0.03429851233555148
0.2305410040707473
0.9262834195250739
0.951005695333925
0.9787661713698973
0.9554575827408193
0.2851931448076993
0.14016634047739496
0.12303280046325604
0.9980338953145867
0.9963918861009055
0.11945351572432517
0.12017639996912455
0.09860902386385162
0.11228379111311748
0.9179974991590991
0.8611136333167242
0.8576782884485676
0.9368813524767403
0.9972389235689405
0.4340291064846954
0.252084439029005
0.14034167059862246
0.0771412334368855
0.8049532586726555
0.9266351941999322
0.8860714935844928
0.9618851492344721
0.8896967363453695
0.23738564272297802
0.28392253979438675
0.07967203045209181
0.03444924338176092
0.009130913109094752
0.006375671278421424
0.03366247119243093
0.37995452400438
0.9585400428502909
0.9385266837890285
0.9922148340064048
0.9778902264456637
0.9427210788804556
0.8851237977001827
0.9973222572663274
0.3504774320952304
0.36636514867764325
0.36934151297986073
0.2791228665162484
0.9962898942786329
0.9817504604249416
0.12107469970063456
0.13013135280876165
0.40719826061112474
0.3826010441296318
0.6242968401812402
0.604908614863106
0.5950196231088356
0.7966673697745404
0.7625216772456408
0.17945980206343615
0.6247544465395802
0.4298691639532465
0.5184313418162667
0.9733659681905265
0.9696035688511153
0.2210557215826826
0.24472043386877573
0.13876981360731544
0.32842076532513353
0.9581634081284185
0.9857711036111876
0.5550409381946146
0.619840088781744
0.5603042558917661
0.5880011598643043
0.16352787569670157
0.04576463316841872
0.37259655261068947
0.3776268284131241
0.99094168958329
0.8858337284917478
0.9653435455477266
0.9957251331546514
0.9628819315023708
0.9924075561248009
0.2785117390591505
0.12483637914963108
0.10409699443671239
0.9908110581639901
0.01220963183653212
0.012832009282889523
0.9931376197802197
0.016117399094794593
0.001709349104428437
0.0012559487734474795
0.004236925121827495
0.009138168113426715
0.002691945857834166
0.004657589559217135
0.21382523259801833
0.2706574421936
0.2409602325488457
0.913364298620428
0.9868622136931468
0.012825403461688811
0.01244195547400917
0.022170574770685514
0.10883954348627156
0.060606040960652585
0.26820878707375106
0.26488181936669153
0.16643691857053922
0.47413068940447656
0.8767713143881632
0.8860929679864371
0.9680902117127641
0.8259105224527943
0.932164453047745
0.9992650425119309
0.6869337470523957
0.6610632571324211
0.6412946961565522
0.6048986870519935
0.6423894956149402
0.9403212087004669
0.8177890990950174
0.9871195485782053
0.9378460963572494
0.8260425133941647
0.9115659427305739
0.8703204471640624
0.9430594200054647
0.9408429005845822
0.9631739475463841
0.9557261707098762
0.9826844006335149
0.4163548534625402
0.32364608184271637
0.01215999048310168
0.011963482061589814
0.05525426227592589
0.9414277024094503
0.9768811439548385
0.3733231921371649
0.3066860548555901
0.022238413622599817
0.029140626708476836
0.6786193255010879
0.9648466802361272
0.30058369062058143
0.30678882668001106
0.27227945593197667
0.026618971729194807
0.020438206787076973
0.02711371527942663
0.01670478544671239
0.06133456852291419
0.022641936620161007
0.0031986805742899582
0.02526205934393655
0.024902332218388
0.037881423367597256
0.09493684348060227
0.2741571393729847
0.9664440967534026
0.9718967627862083
0.9975908389929242
0.9081559236290507
0.9096376013039863
0.9908745597120067
0.9798097867882318
0.9614328133698781
0.9951058483111239
0.019845117609263885
0.005081162611007217
0.0029794516484445976
0.0003772345870027838
0.04510517289748195
0.9906861466314514
0.02168042954511007
0.01780691943209567
0.30101331122060937
0.2900211831452396
0.4056475618861769
0.11957010678705582
0.07378491270735121
0.9985926710691725
0.31619692093591756
0.0031959633931880616
0.00010862956194679363
7.079791002528868e-05
0.00011519556150307864
0.0005092243753356263
0.009509014424204598
0.010371225029976339
0.008724234929310737
0.008892629369600002
0.00591921401876172
0.9810314568791738
0.9856221462634498
0.19935238511271336
0.18854842582445863
0.29575469562551104
0.26556195744615274
0.7665318727402404
0.26309494344188644
0.3518897017656122
0.7161211106542655
0.6567056200609015
0.5978933806080136
0.6534682450585115
0.6644887653767815
0.8499392804415982
0.9951729987996724
0.265566238411317
0.003448751119636384
0.012296835821592467
0.0021242809145101127
0.00038888168909334553
0.9873646763624507
0.01811033494768599
0.0017386966440231522
0.004471941163649018
0.9997595310139762
0.9961273376184352
0.9935183667789266
0.9896014390441369
0.0030997677331305873
0.00028236478069154636
0.006093137098967527
0.9875945708727494
0.0009585536931914218
0.0015399302585356045
0.007174844623197396
0.010925352603374017
0.04727638570998849
0.4097629769507062
0.41056904523763305
0.9921980537726407
0.35698654176286015
0.21654176849252682
0.04446498932717946
0.09163993226457989
0.5572746737752772
0.5445680620830935
0.8153962434554753
0.9455771427788234
0.9067755537504631
0.09588791906784466
0.03634114979582348
0.06450514549366893
0.05266140681437925
0.7984261960530215
0.8199285425851853
0.07054902703827504
0.03833414338000707
0.00977779222559727
0.035328670463609435
0.9182111646088491
0.6878986374531176
0.7395857971936438
0.8355134144294
0.03167747733202464
0.0023645319412536336
0.13852472121593218
0.02326197936844765
0.005414045372419074
0.0007919850732148737
0.0009191613218419992
0.003421542473158512
0.0032580118259155633
0.005275491734989535
0.1145989710439308
0.09275805907277801
0.9337402637410425
0.33724084676698574
0.38839387344553566
0.9953618814213462
0.44465727177318637
0.02844745895777301
0.06058847982917437
0.6859300792979915
0.5005539176773717
0.6866270376923289
0.6487394587819415
0.9216556609045975
0.9844374848888752
0.9744136058467975
0.9652798774241365
0.9731742574162833
0.9809434053987254
