0.9974606935029573
0.9453473486308117
0.06391923387924649
0.0582392654055007
0.06633572696779362
0.8920466558686646
0.9692121957129509
0.07735367369151468
0.019502828207262433
0.956763767267651
0.06836725790044483
0.02668989024042564
0.013729951354195401
0.0029721030582611327
0.004128549202550391
0.10643659227292918
0.9526982743376651
0.26726761127336335
0.2942549333246498
0.8735744522436799
0.05478520013872767
0.1368941715408985
0.4961866825599841
0.00251808056925632
0.005254309104692323
0.014288178276298457
0.02468666626098317
0.36483727218255263
0.4737171450665747
0.13612918910859678
0.020539509147850576
0.024256821793828508
0.021945862910281954
0.0003964550250986742
0.0021823575001308714
0.02700911776045238
0.5165314960945863
0.2918788533466021
0.018266277295864174
0.018982825500931808
0.02394930372205012
0.03155249524230207
0.9981700703611736
0.22951884175041
0.23896688182093562
0.4488666309299304
0.43320278575915044
0.00424037985393394
0.0039295958578616785
0.9726343770704378
0.011357601153506302
0.03289128720191603
0.9740745492860772
0.002426195940011688
0.0006302259838986135
0.0013386415349572855
0.004370040079372228
0.006515742915657296
0.017589443696171003
0.01775297478117812
0.018219182574467994
0.013778351613837524
0.019813531405991524
0.9388309347320452
0.9989174981356994
0.8337454625455512
0.8367656428060739
0.9963445005339242
0.9998526984743838
0.9979524912084459
0.997471527435108
0.8091883376285509
0.8217581476161961
0.034523803720635425
0.017602307729584973
0.016477687152441165
0.9996447881887833
0.9909182880457796
0.9994605422168559
0.9827133956796341
0.003958385934704622
0.022748619803360935
0.0044376894345301895
0.0027661824408258817
0.0034273511873049276
0.000921177550416119
0.024084763448872247
0.9572561354698259
0.029619048760402708
0.014960098168827417
0.9846487951275047
0.03737355908774
0.040857386854519305
0.004516224382831868
0.0007080361729466577
0.5104486797066307
0.4944058147878854
0.02142718432450519
0.0010903100428943935
0.0003299067605124328
0.00019564618366568753
0.0025315729612830572
0.1470861823250854
0.5875711902540538
0.06114430235067577
0.0029842353122779383
0.0023671985537408566
0.34569640571214
0.379260904419279
0.9913264074869388
0.43929083045984696
0.0025882122917736615
0.004088083773903217
0.005068247806547154
0.6641993948638603
0.9980149569333336
0.9964239526095002
0.6692485206797364
0.6621428836420654
0.6586705468027441
0.0941057593349949
0.0010188308294448612
0.31956129167493774
0.4581496608197251
0.3001474540536684
0.1344216725562643
0.18771192647592216
0.1154931663948035
0.7356510842918241
0.8792937507481451
0.24604803273916628
0.18501036760410605
0.8838467734125741
0.2324308053573009
0.18987586417235264
0.8350241218103591
0.7639109304610039
0.039216184693061436
0.11087166582030318
0.7400504433250179
0.7536112424031967
0.7799931499431957
0.8297133980833389
0.7467186430781763
0.7005816348550555
0.22728345357482785
0.22846077490760264
0.9357870252642879
0.9436057595753296
0.3902992516758095
0.4150522489937836
0.8316721072328852
0.8271207540118504
0.015096362053491628
0.15535430784697485
0.7751508204371661
0.8430590508030678
0.33501815505221655
0.2969918937227043
0.15100418422829737
0.05237980284069653
0.31569351553449965
0.32444710278806554
0.15315295462292075
0.1748459159385314
0.4954416389820853
0.01577921352868643
0.006787359750584898
0.33998412224375363
0.3400438542451587
0.34124567672973816
0.014660047934275576
0.5099293211721296
0.009460862143134907
0.1371406706764883
0.47236219773876736
0.13971917469035394
0.4960102774044959
0.13797880231299603
0.5975262703613466
0.5944817688937329
0.5558795777857253
0.5392460814700056
0.4029427388781722
0.4415240075089347
0.4234904978851743
0.5852902604695998
0.5502245331902837
0.5331729577575264
0.5348577449739131
0.5474664955331191
0.5292532970314012
0.4727915227837512
0.25589046538915106
0.5673384818820851
0.5089711261648822
0.49464367759533945
0.47646515017885305
0.4956217606167681
0.9694003407743628
0.46879549978944424
0.3349812218224636
0.3404760887677092
0.024509293355867077
0.0023677513178513407
0.008923355879731242
0.016822305078258812
0.2426078417548472
0.9965160314945611
0.9058136772759902
0.09842508059356837
0.003848145236907152
0.003236599784252214
0.004487892544324434
0.008641484304357305
0.009574104567263196
0.028188429071324402
0.8469784785236143
0.9869825811652622
0.8560431461633251
0.7152211660795105
0.8145417284849994
0.9626739384419185
0.9998580776557071
0.9880232446199859
0.9950663184428357
0.993997047591588
0.8627927786418212
0.6622097296097376
0.969311385245615
0.8422479079614251
0.9554440934151438
0.9981603030599162
0.9138159289947063
0.9983293978213319
0.027981288566085723
0.003989634638036921
0.009174782877856245
0.011645837870144326
0.007550808455910207
0.014158099865040573
0.1406906145421637
0.14207856362122256
0.11078604975194623
0.2729043143700566
0.2631816533879329
0.03967265533860154
0.5192867338048673
0.05092646830979734
0.05713906257569983
0.1740556478449714
0.4844433262139463
0.48695407696170917
0.5188405734097407
0.985592764762238
0.2054843501027102
0.03535519247978733
0.0018617939338247955
0.004206875956280575
0.08633520167967132
0.914502628973052
0.4647031729867082
0.5822469041741773
0.637066872782522
0.5345801165621944
0.42890552266193616
0.1423703642028987
0.1482322630489177
0.14635561900735533
0.5053437186290717
0.992270526517415
0.9680313794797433
0.9636848950216572
0.01465524030656402
0.0034802663142923236
0.006872111766079136
0.48470932536648426
0.9960010998551343
0.051849563627405545
0.011055016578464971
0.0457728026927627
0.007480693334250565
0.007811798658442326
0.1749750431762574
0.09124864287755295
0.004444278930576495
0.03657813885517411
0.09454035418932717
0.9537277112635387
0.8958431155312387
0.9523858215567649
0.9670338700844501
0.937954066750502
0.928757820657524
0.9868029969383474
0.9335919733602152
0.16623931124222543
0.15735837642655703
0.14730135341349632
0.09852169035931034
0.09989372359083035
0.7871240107854224
0.8242693523169102
0.9941307527905188
0.989298922116562
0.007070904218877383
0.006440000815174196
0.0681238783507937
0.011662219926410276
0.03465742665481858
0.9719379029742392
0.378298226833846
0.04057541280723299
0.03995704766332688
0.2148260283236401
0.997656837172078
0.9808977078256558
0.8824652424459738
0.9070302496279476
0.9991710589348268
0.990105128803251
0.9785830513760618
0.9111922852397722
0.7759420841847238
0.967220668052204
0.870669590732319
0.7178971562422835
0.6058833536814268
0.544820450881037
0.6318502821517964
0.007808744455386717
0.0068583508581324
0.0033657275608594216
0.05566917203083291
0.5065929965757745
0.023062097976338625
0.023859790728749806
0.053635466653311335
0.4593048676416312
0.6823839739218887
0.8815653855991488
0.25172813154916
0.43236097317109745
0.464914788257643
0.45561099908182273
0.2561589401575313
0.2628020309982791
0.030592682763304666
0.024254411778177
0.0030604569217910103
0.45821078941727844
0.7176666670590662
0.9965587975819459
0.4751928160701126
0.48150679090398396
0.03777958657999819
0.032504269822750474
0.043068439443867165
0.037127159055329394
0.45771656610205846
0.43120578445928437
0.061348822557548026
0.026854536684188923
0.07460359513795568
0.0745421032993789
0.06823615017269224
0.9640496373062157
0.48441097897454233
0.04199567784326764
0.5474624509048137
0.13249935332751261
0.04540378424833038
0.5496285841494217
0.12099759373667734
0.07136685871065396
0.0510755734210933
0.027512547271041375
0.9087915685233976
0.9127854461562053
0.9105745334659399
0.420570553239786
0.10366070978718045
0.08973771199852879
0.0870713227216442
0.5113544839554033
0.13964006008594548
0.46506744563399305
0.10071995983776137
0.20447875383848713
0.18978624930178095
0.18649037690588824
0.2268988805247682
0.7148806327400834
0.4636450379478853
0.42313778639904515
0.3292967844669445
0.21020362543993173
0.13850575410616361
0.07635490251736432
0.5455253442972668
0.7105433712118402
0.5506957547139499
0.26111518556986746
0.4767592151482856
0.5753844410191128
0.980800384244152
0.9987487078019042
0.6574266518368952
0.9592536351189564
0.6719790583076932
0.6475118539404734
0.3971753857239685
0.3867081822003377
0.34857909207006255
0.028165455600107456
0.03192707913789728
0.018474279817773952
0.063233914690865
0.8332743703795193
0.6330953480246887
0.8286174698049356
0.997736699528337
0.004058217335251379
0.001496920869918683
0.0006386856971390187
0.0003644041940489617
0.9838829933375379
0.9851621760223064
0.008428459742960847
0.020348543691121823
0.15204711804804652
0.9955364270404918
0.9998025113361222
0.9976477293472177
0.9957495520095891
0.1524108112375748
0.033851745932479846
0.02168120200112109
0.9995929188593526
0.9989491640156942
0.013261498281439231
0.014748676486412647
0.0053475157948525524
0.013685207927126863
0.9755999457558406
0.9889433067596027
0.9810972438124896
0.9863097381080217
0.9957303194907954
0.8216611695137597
0.310872231239473
0.37894299186951463
0.3587509460040327
0.5553613475029986
0.935185998591163
0.9414496331922244
0.9909091246356931
0.9592103531072305
0.9458587908194007
0.849885527172018
0.7282190699105628
0.5461563523957238
0.048625338286255745
0.10554726503221616
0.25917798895857064
0.15320901882502821
0.8859160151952803
0.8420198833442067
0.9911525724347328
0.9977292152755926
0.8054109554958695
0.7854041068639985
0.830208369479031
0.7149872047005856
0.8844927073483344
0.8860791111089614
0.4545055242980894
0.6735473013646724
0.6750225199689693
0.08065107202663964
0.04703528491031539
0.08833214312541912
0.21445966998851493
0.912603134157614
0.5811954330377226
0.5827910758494039
0.9466249950881116
0.801083356860933
0.03609950034428977
0.11277471476300155
0.08056535840554417
0.10036631366534114
0.7609313431165897
0.7921356864671877
0.5784641275877493
0.5949738253897663
0.6773539616663191
0.7165985139754155
0.8837304223318625
0.8854978493982382
0.6913171646808902
0.916222474054273
0.6796691730327811
0.7789550019768561
0.2674771487209865
0.09109878310901576
0.13286114564560458
0.1541373502425234
0.9379793339511342
0.9635198174262818
0.9984421341772303
0.9961934053563193
0.986526308525542
0.9922021652032416
0.15835365351219138
0.04686367232057756
0.034988338831502284
0.9954277167750423
0.0016725205708579493
0.0013842047688086055
0.9916615674999978
0.0028392220637609485
0.0011229407568874583
0.000693755829315168
0.0008225304843935688
0.001449350234829283
0.0009268721795719802
0.0009752920748703264
0.10079391778988335
0.13243800251909665
0.05196049544154918
0.9761869564228804
0.9981678390172293
0.014990466799075718
0.023604120301498097
0.039687353761971744
0.03348251646790503
5.619012326025796e-05
0.00015295216863744354
5.262656754845274e-05
0.002354107035488484
0.1237161276640611
0.9645287974173014
0.9742736234188161
0.9923495317045434
0.9598177976695839
0.9625059547991095
0.9998770785138478
0.98760133262439
0.9775809991064239
0.979634868569879
0.9476177492859241
0.9858390530573458
0.982017159930143
0.9419643345804403
0.9971679864836278
0.9994702294201239
0.9825283681676915
0.9979684848663042
0.9895497543408691
0.9842240366172028
0.9858140928685706
0.9884484622907543
0.9889160129838881
0.997001352206534
0.11313128174998975
0.013799131709054245
0.0036231533906810774
0.0019108652834902704
0.008840439057990656
0.015619801380742303
0.3144237450634416
0.9678687841811922
0.7007310718619795
0.022822071924357732
0.012124638223336148
0.9774107988408731
0.9781679150746234
0.056798667430215354
0.11151449602721807
0.08587695296157538
0.003016906027294264
0.01737000957137412
0.003145786651587512
0.0021283978341604557
0.006948875589944946
0.003014597347464565
0.0026068404705144265
0.02568726746994091
0.004271841571674328
0.01405894295651232
0.038406811730257395
0.15889106224383562
0.9721896057619628
0.9907780150054777
0.879344918373185
0.8517442946443925
0.8213169545937089
0.8337396329866575
0.844018864007605
0.8730689097681203
0.9889103641628436
0.8585743794906755
0.4360308848116683
0.20921304635583873
0.14741843395365542
0.842364442598277
0.45044237268010856
0.45959236825585104
0.863017389447654
0.5416559735599232
0.4985023580494413
0.09200043833720672
0.2882987910826138
0.3191362135667011
0.7148825118820179
0.6530980134794601
0.03683207784594069
0.004894427639013765
0.004982147990557217
0.005112942554274957
0.00925736597842135
0.010899277383655658
0.9333208802638484
0.9859805799322525
0.10290207331324976
0.05094041882671959
0.9509024403572681
0.9979666257205333
0.9840519450738654
0.9739591685980076
0.1406956886589208
0.11387490321192513
0.11331349777442391
0.8208780989113262
0.8318319933780824
0.9170875783327468
0.9752406684255608
0.9637198746447799
0.9783390516498436
0.9884863513351538
0.9730353662486164
0.9977540512472045
0.1634535839091687
0.023786131305834922
0.02635338771560264
0.03835707855729798
0.9794583095790337
0.008618519416459513
0.023258392122994395
0.007349998684393721
0.017318104615285622
0.9844590587182
0.9830469997162292
0.9989795542985949
0.9960323959340762
0.021400596013682147
0.01793006482594197
0.0015653185119705038
0.0049579480213145614
0.9539117806578303
0.06412016080146106
0.02045016383760928
0.022817399843144192
0.048584190886101025
0.22199706213116413
0.9017970638214319
0.0210898877599742
0.018152001559052597
0.008408250554563778
0.01635623325909703
0.016031179743726653
0.0014497927861390147
0.08544492975880195
0.9828812812827976
0.9849661276751944
0.04395968230421394
0.022812269939762164
0.13291725405709065
0.9714594732265027
0.9797398350643871
0.002698977006623837
0.003388303490398803
0.005088296535293612
0.00041647179886440395
0.0009700335880997279
0.0017390896812206956
0.1304782333933943
0.9964770920485411
0.9964053550032892
0.9997412941099824
0.99744272300892
0.12706639575803158
0.0015995464063462972
0.00358157117777097
0.0009545366652006448
5.358969863541451e-05
7.260544993746841e-05
0.005185301762861438
0.9993621824559189
0.14433525083869223
0.01809969331921548
0.021001375540531306
0.09745200507503093
0.009854694165978527
0.014758932278448744
0.019280863578655147
0.0050532760791072604
0.005958390779384825
0.019487947602255085
0.9883715613672397
0.3055394874673884
0.9243722211998457
0.9646174295597714
0.9872319456148744
0.9819161555094948
0.9603957571185266
0.9640323899286403
0.991253689799964
0.9998088084773933
