0.5954241149257629
0.512384506241885
0.4946520062503313
0.08895347689038169
0.11060828683947214
0.548464733650758
0.17139971916757393
0.4470837342549836
0.5410327811822433
0.620171553819103
0.1756257868607275
0.0743877430235126
0.045315532742951366
0.04429606454449256
0.08127446709177359
0.9454104911756223
0.9705637964319278
0.9661933140979206
0.21026504955038838
0.7890027975223989
0.24585162924050263
0.017358730220257232
0.01790157360776677
0.033675705296026155
0.016547369829582503
0.03277452465799447
0.0867110057190909
0.9615262346117861
0.9522073329061742
0.9799544857058724
0.9664268398396025
0.0924151078935536
0.04164532521110654
0.04454435178222982
0.04590534769883056
0.04989199185671675
0.022320145686849223
0.03829066102662379
0.27510992134374207
0.8521043013366243
0.9064422065268012
0.9572318839752472
0.08323824908874716
0.048509643743185005
0.02977529328993985
0.011593832928882462
0.09905514362751644
0.5263983465510933
0.5329298704374656
0.2161322211845268
0.15989405566063009
0.14842422389764898
0.6271228413108211
0.5400477997118888
0.4815971287893451
0.36451417713738704
0.41647517625299546
0.8521223707124557
0.5396256426615377
0.031666920088007554
0.07344339209145496
0.015694878212496943
0.06519044190785261
0.5382468104560028
0.5591686901498276
0.29530970965198666
0.32496331688992663
0.9299473651961767
0.9019341974657451
0.9186499190032356
0.8917711690954877
0.2688881001153401
0.36468871253931195
0.11643913462692823
0.07289939293032004
0.06389492287078077
0.4877651616852627
0.5676449851667877
0.9924287728699399
0.9444353280676039
0.4965802204927321
0.15352322980608524
0.08075525690842307
0.3974963659027583
0.37603238034488706
0.36029166472927954
0.5149715173358126
0.6216422724936094
0.6398286443339714
0.9815328423134391
0.980478967189365
0.9703414135138726
0.12953921107219293
0.1092338284843509
0.0353309504802339
0.07273065692617055
0.1148117686204622
0.5663082915604778
0.9280438177126316
0.0015774873217474837
0.0001080376996995147
0.003960848781631976
0.9895310078204764
0.003695567559974788
1.9079586614012545e-05
4.5880272497300645e-05
0.0009783075554188336
0.0011812113330069152
0.006420904405064664
0.010693644138375102
0.002383605249587939
0.0012654489310490622
0.003991949770042469
0.3217404542217323
0.25223619476335274
0.24400128931805878
0.25473088892511614
0.25777327932199284
0.27598586472852155
0.9554085825997991
0.385422729084471
0.14124022961043523
0.15383907705598562
0.20835769653121855
0.34226871861796215
0.20523660142255093
0.7246037752108212
0.9182442121310355
0.6831640470369971
0.6629282719277005
0.7112348483351512
0.7520450103126941
0.4078385797172252
0.3578933590685753
0.4090440792780973
0.9235571065488895
0.679663360803081
0.09704736225241946
0.05027962753931443
0.17251342237158718
0.9453123391556759
0.8003666280103627
0.12407451204368895
0.26758191541226356
0.026973908556448434
0.015502736043434195
0.0352138339263148
0.3212642431361096
0.9694625717141687
0.992123062931245
0.052134680540446864
0.0007337871741663338
7.198986749592517e-05
3.499267047869514e-05
1.1465649727215864e-05
0.0005469969088434556
0.1834308338580149
0.9999979579706579
0.9999979294036947
0.9999961838879985
0.1834175676954751
0.0005553369790737727
1.8371051189414175e-05
4.141827739060355e-05
4.799923985224774e-05
0.0005382363267656731
0.05016552133568428
0.955216977261536
0.9770150071447201
0.09859260492835226
0.08318637824973868
0.23509544965852333
0.9856431313923277
0.010032134846970919
0.010487179618219176
0.9880036512232597
0.015447806145530672
0.012242292088989259
0.008574994994723294
0.07215956588651798
0.9541222381667807
0.8232083706952684
0.0016911991212091746
4.627617995225374e-05
0.0007989939413320601
0.0026871094979614707
0.10081220990482258
0.993798881813394
0.9695514556620513
0.9915296164416365
0.9894513053567555
0.989517611259543
0.9619227521201072
0.09111287149037121
0.0002266885312464106
0.0004487817126760163
0.0039324770767488635
0.0053147244479392
0.9826935212603964
0.7866654108753144
0.9975479255270705
0.07212482235910586
0.00404651834362747
0.0023758685090993215
0.003542117699052649
0.9975365815088586
0.005869382555712599
0.009910438866859371
0.9966541124486028
0.24298030769442933
0.07023252038108611
0.04989731965131998
0.9429622036830634
0.9797863738188508
0.9948004896279934
0.9991212950906043
0.983812067979299
0.9869185354495249
0.0020461327458472845
0.0002768108292116822
0.00021385835805008967
0.0005803376374418634
0.0011712704129133943
0.0012938042067401788
0.00412204703391995
0.00047184033295569747
0.005635224550754103
0.012547885240059686
0.9990279203399604
0.012455991418272805
0.001230256211455294
0.0027396634143843964
0.9856428021279464
0.027236529858210987
0.02148901632283152
0.018799267093665417
0.021965657887226486
0.9962089304582373
0.9951989504943934
0.9930563630077438
0.992897064795951
0.994790034009938
0.9971689642674004
0.022093114885402363
0.018283018056946963
0.014243389001253725
0.022032040416487007
0.8540964610621342
0.7991319132969088
0.7712879104475938
0.7730968333571366
0.5121208919775164
0.6274122347279921
0.6399332830909358
0.6406727226884785
0.5984882961451633
0.4908495540339709
0.4626049959267968
0.47968636058846903
0.20797744678227725
0.14957913070195605
0.43179888455882
0.004566673772792629
0.0029163523632349197
0.011178245419431153
0.005442961651856492
0.016782715420367376
0.021270877243376785
0.009177327099909082
0.47209473693881054
0.38327652018785496
0.3973986697864902
0.39997113836205844
0.39632667302603414
0.0048728662345512205
0.002260381044892834
0.002169502662700551
0.01038645309991023
0.008276775333588681
0.07252157876954966
0.09254619863280666
0.6014196032272512
0.17737750166506983
0.9149553829226837
0.9982554538346187
0.9780368194973557
0.986699219092646
0.9830314606494961
0.9926719774808273
0.17494819716425694
0.5980994604709081
0.5058042190542293
0.12116370692977231
0.3602901004143504
0.2818255546395876
0.01048021388459761
0.0022613343234618053
0.0013908474401944759
0.003399485897098997
0.006607721781435405
0.003692423954884982
0.0009615704395491974
0.0006509734439141823
0.10251410165721188
0.644958651062641
0.9102317594963374
0.8565681882880403
0.8609965757408067
0.5253988439802402
0.6507739685356675
0.6587568686345867
0.04390652298591532
0.03677138663724082
0.026709641380666393
0.37596826555245433
0.40203040741312585
0.39954920754327977
0.3991006898947234
0.9798662061594059
0.8043916885183939
0.5772424215373252
0.8170533946201675
0.9913895930952434
0.9821748005526711
0.9853433056721133
0.9841787672563875
0.13365592132340592
0.044149816093528416
0.023284312114328284
0.03188340275891561
0.9717602860144241
0.9444456351838217
0.9990783988770069
0.036679072877581494
0.0506090863888389
0.09870487691117506
0.9663880859588052
0.9671275805195982
0.9729787576375388
0.9994940707166677
0.9916070316984644
0.9670243766845623
0.06801862973525774
0.025815088403084174
0.021078153307154665
0.963086245660264
0.9879705636583918
0.9986818006127824
0.9483504450057496
0.021486549153874532
0.009214953374621504
0.004983766362168484
0.1096200520774304
0.3985749647421633
0.3974033085592997
0.38716238788705576
0.3638062436350442
0.3631599213514607
0.3440445753576219
0.9174528397283177
0.9284855151859637
0.3359441909383827
0.3400914714377826
0.41416962220435
0.9957694072923224
0.6450875349358092
0.04177876291564237
0.04211277660498251
0.3616688961080116
0.36569493897871674
0.05564011410168979
0.023576012810016554
0.6088054435983674
0.9579533624157244
0.9116184077870855
0.10586441971430681
0.06509316507245073
0.061884998412401186
0.14325879986449103
0.12994966537556304
0.024020876499700528
0.005405023213411275
0.004838191075040732
0.02643659146768311
0.05746814620240386
0.5899045423644915
0.029011403554426416
0.019167363020525695
0.42592831451647906
0.4226499815175916
0.4953299059942816
0.648066353594356
0.6202409532492305
0.9781808345098182
0.9861154809694741
0.7105558995692856
0.7070999261406377
0.09813552058538105
0.010375683749016972
0.003126953792239251
0.011115109318227056
0.002051778008593297
0.00199116886602525
0.9882171016119154
0.9921389563826954
0.992621190535409
0.9987219133868943
0.01265680276777471
0.006970525207657996
0.0038532082608644046
0.00695056546559496
0.0041931513368069434
0.03253613294148654
0.2648348150439422
0.1732902463641922
0.7315165170086368
0.7947479949922391
0.8144883819772921
0.7296624682572279
0.845287107512108
0.75047393879538
0.745144051483386
0.7789993484849507
0.22207059756631517
0.10963758405523695
0.37470795853981825
0.03394574490414223
0.12244027255773424
0.11375018821745585
0.14308962806327333
0.9229342303852608
0.8976479542412694
0.9614442862382202
0.885561834035121
0.859321184097124
0.8777785654309034
0.9187780367332927
0.8899356562437206
0.9360668590247541
0.568458024987794
0.5133622090499967
0.4582284410432167
0.5372675268427399
0.12804117644374183
0.1126926506692246
0.6484793013026358
0.545052535295205
0.7992390434819867
0.9053387189118016
0.5444067374240655
0.12806517230271694
0.27713593995151103
0.5815470261629236
0.5638744876526064
0.5797677730200811
0.24611935262151222
0.22288221057724172
0.21411901631924934
0.0878366380570166
0.8171297140545795
0.7809278715833653
0.42980881334906895
0.4579778592403586
0.40283382954521907
0.5733175327735639
0.5209186405801436
0.539026702418211
0.5638770055350073
0.6531588162210409
0.9875515697667143
0.779111476847969
0.7473765168385684
0.7989715110634257
0.9738545203358155
0.7760289954204713
0.6222339549904279
0.5936876813501716
0.6231189194362129
0.8033085478469622
0.09481426314688764
0.11012976346392012
0.10559411869384577
0.0590551914379374
0.5532062121566071
0.5205356563687227
0.9211341974651581
0.9116631342597354
0.9099607065377207
0.8990801393306564
0.4861115873649772
0.4936402086248735
0.5488768306196488
0.6401121629192812
0.8901780698844557
0.19974076722671805
0.16744881332870062
0.18173728492941385
0.23656919257300793
0.6109452627031128
0.3984452026199938
0.27108104338635813
0.29717984844870465
0.9630262026051666
0.9774314864364049
0.02835022021773399
0.018851852478799225
0.015689747025903023
0.017105999918899616
0.9947197349274772
0.1440650397035697
0.9984646316497114
0.9988502284147867
0.9836969335786734
0.9844221507875628
0.9819385853620877
0.9823006022220342
0.813601840939431
0.9841519274694399
0.2976118145394627
0.014717995197367715
0.02163118520766348
0.022215034036881263
0.025085048231734807
0.8112928256068153
0.9160217828169666
0.0907382901826754
0.06864172122127186
0.03095111695506284
0.06274233742552594
0.04395711676344842
0.06808591276838206
0.627666394412535
0.9573078623712057
0.7325931046248231
0.7310301068835144
0.6324561795045565
0.07040609483662848
0.2512633757076014
0.031247860383979396
0.1822141472361874
0.05008567481211015
0.3005240321491908
0.8275925150892456
0.8760917580637897
0.9802628243923943
0.9648888864758953
0.9626957780940832
0.9917110506587732
0.7821797912674775
0.779794936058628
0.781546930067343
0.7454874567797171
0.7390006829314151
0.7376483829838469
0.7373778223102643
0.7380722557776013
0.7386795563093635
0.7508698933258844
0.8427086428584152
0.4169087843300167
0.30289380303077407
0.2741241617367566
0.2773197503446465
0.4675430950827771
0.7062512521543429
0.6251746280178396
0.533668597212717
0.6508163320338969
0.2227110891835738
0.29542609567142536
0.4580812716182817
0.4812197780719131
0.5658553303651217
0.3672444318920158
0.18380548886761783
0.8355136041409414
0.2031283856758965
0.19684373547542286
0.16362341957517854
0.3992267146741931
0.38013618768360924
0.42343271604939176
0.5031892805801454
0.09088196316696204
0.056664357442576925
0.07617007305898446
0.24576536151111106
0.596097612492096
0.07970471324070093
0.07912275997307704
0.5346018351351507
0.6406002018949158
0.6765535077984735
0.5878052461516583
0.13586342150631195
0.04332368371961648
0.029156513694035067
0.4055135963545697
0.4379044264994561
0.5879795108517734
0.051586017734375406
0.03091244084723872
0.019281980586092762
0.01715869013122505
0.41918944171567063
0.4851368284167189
0.9451565072554877
0.47090151551763476
0.4782559446380827
0.9714857405980701
0.7956435336878285
0.5848490853521366
0.5770208953870465
0.5639711665751647
0.5174109060156815
0.5516622967557688
0.17144867381108186
0.3400307812966119
0.3499921548913111
0.36439725678813073
0.5653950112145243
0.9362123655043577
0.5477062674213043
0.6004834207802741
0.12622405898904618
0.4451916087761333
0.47359792606188694
0.536764793199883
0.9978044330189566
0.999257572706922
0.009620299200739712
0.007247810299343726
0.0028846334500435165
0.0029161749237456513
0.005303310070386136
0.010616560313911672
0.9985699454655801
0.9965972596470478
0.3887375079390484
0.3973928694713266
0.4014549118640225
0.978345021102194
0.9835512970191038
0.3974895815906554
0.3988865560451251
0.00499973794463
0.003193965928085995
0.39725914835726167
0.008659457685836258
0.4937353536310484
0.47369757945395524
0.46359810044311167
0.6060076988048708
0.5900904597459077
0.6041827196315681
0.8027761570653063
0.252193286766278
0.2847576807419481
0.29698065622113
0.004509402699424614
0.003922266198455915
0.004616048096893432
0.3992815568772306
0.0009833993242370775
0.002184304345946386
0.009749600890763632
0.11427620525647662
0.12149028403759492
0.0029069538986756013
0.025384908803560067
0.4950005968817919
0.05586901657114258
0.05223282482374648
0.43687130391357243
0.2964667993542687
0.663643063099727
0.3752264958672135
0.5676079802231582
0.5461125116438179
0.6463416125243093
0.6513649768736434
0.588228587680582
0.21430618376560795
0.13554897013606027
0.2699600742395495
0.3209739139779877
0.3082107507773185
0.5335689044053143
0.9430232133180125
0.5187695884133395
0.5211809007341421
0.9873616147275461
0.17358572433776895
0.15367802349430384
0.4581284100559605
0.10359614558833848
0.0021237574763364408
0.0006443192580260603
0.0007652270180372289
0.41138164669439325
0.030613479768804495
0.02923175649687731
0.02145053399939054
0.3090367473629539
0.14730584757970264
0.44400560393961824
0.5405070805639656
0.10788726083053184
0.051152195115723484
0.058575090258351475
0.10726896151066892
0.16685263620148416
0.5888582117393492
0.5318830834804487
0.9467010500747219
0.964413754123308
0.9850606895624654
0.9802146866769286
0.9884066448583233
0.9889580717646922
