0.9630871590603969
0.8184869022475254
0.9092928529277999
0.6968102523132783
0.7066613194678466
0.970234048356216
0.7603976355908882
0.7136375090786136
0.7408627230584883
0.9339685049186901
0.982849212397409
0.9138005603284449
0.8361399100345284
0.6102066598418765
0.5908894036600751
0.8726484240809288
0.7483780309174273
0.7794638320968525
0.6956916678445383
0.6541318999616021
0.6817633307289345
0.1943370875201632
0.07697332566602899
0.21571383796035282
0.21864327054624044
0.22310233754234743
0.3308458184406404
0.42798539961856497
0.004097462650263339
0.003306717539549031
0.011450409127099381
0.04517440508135473
0.9865839384665626
0.04843425224277875
0.006643645112846874
0.006443833363724449
0.002671053857294936
0.0015534673403321264
0.0028143402061562295
0.0003607386658598388
0.0028674727484329088
0.9612994912593236
0.990615672614723
0.8676059962777387
0.857750722265708
0.30247943203747274
0.29253361231491737
0.07347499033350446
0.0398952092591649
0.013836418659610716
0.00011525327070194269
6.43383724147073e-05
0.0006460481926335859
0.01430153769814202
0.957419178089341
0.9575690842133492
0.13591732625344077
0.031511174214225224
0.043172269116256934
0.009036776011527414
0.00114481225873575
0.00020029639686047762
0.0021871406767998147
0.002032394713674557
0.13509451403370265
0.9241212934969265
0.23023721705007916
0.15299274673007235
0.6559719869588012
0.5909248158802263
0.5778465648269739
0.5432032151131494
0.4575076519315113
0.41797819025018357
0.2543137861841558
0.29571893233707747
0.7108104007091158
0.7061186456437694
0.9115777711431298
0.16308530509253383
0.05294935241312981
0.09882703103330903
0.09860179616381293
0.08791986198575863
0.10375934866627812
0.04630689860222814
0.025101620266533065
0.04472970274804222
0.36476457828324127
0.04037593855312793
0.149010534175125
0.8337078764967039
0.23592787903884682
0.24558657014268614
0.7128459893201493
0.09976277550360235
0.14136772192881752
0.9637427049386049
0.2846537195631407
0.20742301259926288
0.20529959380012597
0.035221096208962965
0.1402060899454738
0.16906399081886125
0.5316358444785447
0.01856481028703294
0.029223679699796112
0.4654504867392134
0.3924379571245298
0.9681400238750865
0.9714287680565415
0.7329267221707549
0.9582036347605456
0.16302531743557847
0.07910697921409382
0.06454355850992577
0.05095360177001418
0.052893481637501294
0.31761793194874566
0.517196328321248
0.6732987139830018
0.536516354136971
0.4548933598547169
0.30926759257550474
0.15339516593899516
0.017823507755827972
0.016970629637496293
0.01980805438267852
0.9883586970778774
0.984672390475797
0.980699427126632
0.9862384524705177
0.9963072675266603
0.9947104950671409
0.9850255213822665
0.9959720349196707
0.029252465986447262
0.015260581532910211
0.018041542196269078
0.027660935775443485
0.029912776627218696
0.02703423867477206
0.01806657839156689
0.0484553525062934
0.02970857477015376
0.01842587009008767
0.04904159309118261
0.18556032473970108
0.7681679663202418
0.0834790461613305
0.17454561511555566
0.15012894103058128
0.9422607480737918
0.0027974424170599255
0.001757253480053289
0.04646665546467521
0.24002167099409677
0.8778273696770491
0.8634015310810755
0.9876051920294641
0.36082807734502254
0.16781827923251613
0.16952935700097516
0.14648412832334134
0.9589802687097521
0.040487788996738217
0.04043011363796134
0.049287339916648576
0.8611272602119214
0.845130622126289
0.87096054593636
0.24022791781804753
0.023513141765707624
0.10181168459174672
0.10873786862510959
0.11372894499522967
0.2806911284434982
0.9901732264966804
0.8943644330314787
0.9115760825788807
0.9471302624821494
0.22320836490805562
0.0007849589275937818
0.00036468318332427696
0.09622124482735273
0.019512008659680835
0.23371475006844422
0.5939722532722773
0.6443786652408516
0.9567737206333956
0.4958993478536995
0.1719488176577354
0.4608240311933912
0.13038680679934933
0.13020172559851928
0.1355418403287284
0.10835835404328797
0.11133997480097402
0.2778795415242995
0.9732547447417136
0.3070383434870143
0.10175437129312093
0.7483566496139988
0.015558353438124617
0.007866037627986766
0.6383849905975525
0.035866285019398814
0.027811247586059018
0.4996190425410728
0.9917405544973366
0.17632943834220016
0.0008431648481604936
0.0006984053652935307
0.008831685342083784
0.00889309992220122
0.002927910272827239
0.94992278068603
0.9570856173151947
0.9459074862884653
0.9995712026959785
0.060647941809530925
0.07904809877979291
0.15096113422785662
0.9997110312435337
0.965149090213271
0.9856759022880491
0.9947715371027174
0.9586171672225273
0.9214372970632327
0.11245529295626477
0.08491374607032787
0.08624632564043544
0.9900842771656817
0.992898227754896
0.983115442694206
0.9923960729247484
0.002600088671891987
0.008033431235654254
0.008086525810495182
0.006567354465430775
0.008093451541002938
0.18379251833919308
0.02189102336678639
0.008859406919265234
0.027593561786352305
0.04238507611595932
0.3494055538106463
0.646173094451437
0.12088913442152949
0.13992242790643894
0.19556814989863924
0.48582740879117436
0.5256183322762092
0.7038572628913655
0.7464872551944858
0.6803549759795324
0.6742711635708956
0.24571131919671219
0.3478548992994981
0.22492875890396524
0.23122793345347847
0.561039875083291
0.19387369184435377
0.6858949555301664
0.5397385986615648
0.36274922783289854
0.14820168330392547
0.14626831049529132
0.013114007177891462
0.13207963549979151
0.12621638970113902
0.13484067781863618
0.13260485054753302
0.13175422074770105
0.1319849228694
0.10092176159483224
0.16077614211945057
0.9455653678434814
0.9160025153954872
0.020131078364418187
0.01996971241563872
0.020698612019428353
0.02447677267118431
0.05698547143966981
0.09725778526759787
0.9299478741132745
0.969646582839188
0.03298020873343188
0.04968024943750582
0.04055419153119655
0.051363144424880325
0.9920594118707812
0.015792406525485525
0.004368765049818646
0.005808276595804074
0.007364925460515481
0.09105108462583389
0.993633250781892
0.030021358137077736
0.005718365220824362
0.1458768717446287
0.9951976516141525
0.9966058608136859
0.9992976907632858
0.9983902624716022
0.14451069754698675
0.004450025537900415
0.033206595172236675
0.9947281443565889
0.09382932865372329
0.010294569626107641
0.0021014246108647106
0.0007706916275552755
0.010597592614090656
0.9450789416290928
0.995663616438539
0.9983158902324784
0.97229069903903
0.9657626969739961
0.9884540765335914
0.9819264577180044
0.9987541651450176
0.995558066237909
0.9849404063792565
0.9841337084066014
0.5756912709391842
0.5491138328372192
0.9608572705653341
0.12248541495020304
0.11054304747657684
0.0636241161112292
0.05463021258150924
0.0522013518706137
0.9540653798072611
0.9642685263814399
0.939775997647114
0.9277074219185169
0.9249931603462419
0.950765000696017
0.9665541746459534
0.10064716755058223
0.020853696724387083
0.011570038338160504
0.013332333074643432
0.0029622205913767408
0.48838036904404214
0.637918015695311
0.013393960168283314
0.030604483074745503
0.03537740115205423
0.3820670316695278
0.391783854135504
0.7168916233076571
0.9938519717134251
0.9946397252275192
0.39723296269711916
0.12338322181956629
0.004262147529520921
0.01713553208774443
0.020389858122052296
0.966590703898557
0.821978307894975
0.8425652015363518
0.857856369929973
0.8936696292194733
0.026670131111070416
0.07558487024208083
0.04143185240859659
0.010053548820571079
0.9541102745060922
0.058265843276253615
0.034508977367194715
0.060130396790457286
0.07836392669158476
0.08651924610241868
0.07066589952056423
0.9151966905984633
0.9590577543946961
0.987514635862332
0.8833095273491968
0.8394030393149039
0.10542635498274566
0.24228535282933106
0.2387709671809517
0.3920654595533499
0.37223767632186155
0.3273720238894936
0.7368022162724985
0.44333168070155615
0.267683160855712
0.6732965328907605
0.702472931742117
0.8137633736320729
0.8642319256964707
0.15671038315567776
0.0200206812672179
0.9407909582966517
0.008325739311606295
0.001575100329159973
0.019375454874909992
0.012296055387726823
0.0018065449580244586
0.0004240852137189499
0.0002795043120443763
0.0034511995633471626
0.3415434941989578
0.92449595531189
0.3520973118340224
0.9247706989162708
0.36564726360061184
0.30415726608881677
0.8237740257874888
0.8435226892945907
0.983618404290067
0.0043271041098476015
0.0011266510023553167
0.0006319215789882815
0.0008251004509617355
0.002237948523726274
0.005571054055998226
0.028234747215063916
0.1688535088341514
0.8026716952180337
0.8510067389483642
0.8489447844547282
0.8485568764651971
0.6449508355310083
0.820226679445987
0.3245202268428645
0.23225896497389842
0.5658907897333402
0.9712383234329327
0.9937095860086776
0.29325040110197065
0.26463009796101644
0.21436801816516238
0.838099291502035
0.8217396019711127
0.9781472793672519
0.9705371901356572
0.961447229872662
0.24838260074507412
0.09345998851775428
0.1262367931167765
0.9835281333950662
0.9557689322723208
0.6285246306744516
0.756328686851202
0.5919494527473186
0.3533730053021017
0.775141971792173
0.7513905910531171
0.810892858822892
0.9170344839892095
0.9278065648424271
0.958757997756533
0.994297697001639
0.18739927043656934
0.03589283061521109
0.014988150365362718
0.004535659654489987
5.3564741014477946e-05
0.00010614890876159411
0.00018046922636816287
0.007615718245438052
0.8856365531529933
0.8830053475390768
0.7999308667286225
0.8260879156037497
0.8180883445954936
0.8041672101538306
0.759638525812651
0.7822167330988206
0.8219238022921223
0.8847900028217826
0.9741987109118412
0.9745147627174107
0.9433885063482733
0.9407708652393327
0.5296281138540126
0.15587455566731734
0.2498569152582082
0.28840712178202954
0.9585921187710766
0.31679183924714993
0.3491087745815421
0.32822640840472284
0.3150472402670986
0.2964314364254512
0.7803092613473528
0.742592328623765
0.7342633338065181
0.8531190824171787
0.9242322566186297
0.2078439549997504
0.1773532443997502
0.14033983434899067
0.14507023397458851
0.2388515842854655
0.8801663402881436
0.8548427624659735
0.901348277934499
0.21414264471976685
0.2609890781627364
0.2708372987319435
0.6023930516374953
0.9463775548808053
0.7083527705079024
0.7801527420408607
0.8916901438557299
0.9322737435976741
0.921523661945828
0.8636767168657562
0.8685727290121121
0.6646978426534229
0.33204240758832393
0.3545957160420893
0.6067703322376898
0.7933112554475172
0.15366660485300554
0.22889366123046218
0.09053280876684489
0.0493333581340345
0.11799445382351559
0.12213975003335353
0.1424194525996887
0.4415866207865724
0.44767948164693805
0.7889712369305336
0.8340003414682444
0.9864095552373309
0.9742526812628675
0.6338354352606346
0.4490325814639079
0.8330324964467959
0.8491720018791798
0.3127400379091806
0.053762856165627926
0.02552578158266161
0.03124902413495534
0.44827084763616243
0.4666202632269201
0.1032649350181114
0.19570109469565589
0.9455353525412094
0.7653433704984538
0.7628586349659351
0.8976333279964552
0.15813339759871103
0.1484045124482507
0.15627881838009594
0.22087355116118335
0.9948640634233558
0.20088181409621553
0.148278105408853
0.9883980965257273
0.9937340032095334
0.9906895246420201
0.9946007961725515
0.9879172614839521
0.9818792793210226
0.9597446660179504
0.15344055053724426
0.19881556869143735
0.90102445199017
0.11030834525269972
0.040185958184722814
0.004165016264426891
0.011771480279503588
0.8691835115469114
0.25123366705432537
0.2610604780539384
0.82178493341187
0.40683170151700776
0.7058268494548097
0.19190042825374531
0.013356786318025393
0.012868776197835996
0.009311998218408002
0.009795042997841508
0.003249874209555137
0.00030539706574639336
0.0004715833527288993
0.007507022341016079
0.9475435196880057
0.01356502270344051
0.060497374985218566
0.4467098830105418
0.4996631221857639
0.49150971716889713
0.9412237278753437
0.8595111054100575
0.7997506625645586
0.6502355292727025
0.7910923568336938
0.9464184998915125
0.1757957222154778
0.0413304563216228
0.02821667624292412
0.017398047644725634
0.019215693575410087
0.03765302065332332
0.039222682648654805
0.03571709964417691
0.17329146974952248
0.04138619790336073
0.03884223650784646
0.03853732483493766
0.02075426559688276
0.013283913944648451
0.2519762048465125
0.24002329375763898
0.41239913068120526
0.17983791991069387
0.14900130774426346
0.8433849904188517
0.01448619764649417
0.01923348314676887
0.021917561293867127
0.968672573589813
0.9740730458378765
0.006707041464384056
0.0009839493208576577
0.00020800850172741914
0.0013287221630601254
0.013559812265440563
0.9542237507297984
0.9999496737350354
0.9999987933446358
0.9998156336303693
0.8026209815866032
0.9997530454358755
0.9554063049708057
0.9894077249418494
0.9843042091512116
0.999679967442399
0.9999983873118063
0.9999464528509676
0.8037603900360779
0.934825920585323
0.9973771167788378
0.9484335406768192
0.9971762999490069
0.9960150053660534
0.009127525840262884
0.00586722348836588
0.002207385449442989
0.008326419931143914
0.005865871933540601
0.9918547410552828
0.9926167125085213
0.03723702150672514
0.045195634882080116
0.04706234897089834
0.9988476587188353
0.886156829960095
0.8634694799352497
0.911480809576612
0.1899528932096639
0.002236197877828583
0.02152148550035904
0.0214931134325419
0.02754557807139868
0.02340690907881926
0.0136741908097876
0.015107360219337562
0.14663282752596096
0.18041683654189278
0.9268371898833437
0.9706497007662213
0.9624914222150331
0.9558319594016668
0.9554838582539967
0.15130004345374393
0.11548527875617876
0.9989409735835866
0.0530318265976123
0.0030153479001387984
0.00011491028669796677
7.325376914346649e-05
0.0023609566491434864
0.002750682136199334
0.0004785275956696866
0.19070589501912638
0.0027688939373561317
0.005111915913919796
0.02306387055067094
0.04620277227102543
0.03388129873005907
0.034542681693010335
0.025373020600402696
0.027504437095919654
0.8925228591716523
0.021106652702406414
0.09204232729015371
0.02151740719918238
0.014316066406174888
0.9137090944223756
0.9290296674668351
0.909617490103352
0.39418897631410743
0.3523724430211831
0.10278042247655861
0.0917895397389401
0.16237788049336344
0.38778962489112345
0.45592770753466194
0.845737553741432
0.6402357255264413
0.6550119745996452
0.9087326976102409
0.8873669480137112
0.9797507144783006
0.9712808965303302
0.9941033846365128
0.9902653026070339
0.9552663921964867
0.9455296414581013
0.9581155417853183
0.9800445422305851
