0.9993755856902553
0.8536079676440789
0.6792020967845596
0.6529003557476716
0.6146628112462647
0.6387235144364998
0.950462959270828
0.7465474581676383
0.08352917701068163
0.07724171740046576
0.03135091331077405
0.001589088587009746
0.0021731359469710386
0.05706423889919159
0.9581144651113487
0.7531276926573547
0.9994661174121593
0.02186874613668842
0.0021152215816152785
0.0004977460367925789
0.0011819121668262043
0.003408040685739777
0.0013771873419499369
0.0008418967057434723
0.005570256127889705
0.030891141303629886
0.9948382186038327
0.9947906574822378
0.9994526496708807
0.9947798071499472
0.030771133347543698
0.0058341089321035985
0.0021247629018155577
0.003649214833465075
0.008022246753367723
0.005300744838555016
0.004719471873652892
0.009831684385144
0.026467779077259987
0.9727356800020766
0.9971861844085523
0.7686749920334013
0.4142929727819668
0.5914139005477657
0.009614001739077904
0.00511616164778873
0.009939437271836948
0.052979552596371
0.12998783484015078
0.4181603908040419
0.27398386997550206
0.3509890954456971
0.27251577969701957
0.27410259106098583
0.0462126251226317
0.014858027654700822
0.5670373050279495
0.6470704672902414
0.7047596519703565
0.816100874424948
0.17325824344105925
0.1881210275737552
0.32059477588463736
0.8563072832433247
0.7666983435772516
0.6593427200197481
0.85992222893932
0.7574471668025874
0.12399090770070269
0.15875803113283873
0.9621632475571478
0.1304536397985085
0.15007804906570224
0.3455368479182156
0.885376239180347
0.8048890384024094
0.7807841606486765
0.7186439415743588
0.7161467448850213
0.813880667925909
0.7509330980296993
0.7293628151171555
0.8474435692490101
0.2264129399420249
0.21831749359193725
0.28536203536631854
0.8718904838946426
0.2320048404288227
0.12741317662223486
0.7066559529801102
0.7917141955665739
0.7127335269280966
0.762192462245239
0.6870498314993703
0.5767880268112147
0.06221619448322427
0.06295538029597018
0.11305595193541011
0.9163297791201201
0.927552077337557
0.411728853284785
0.04846407168229689
0.04130455168447117
0.0993171570495366
0.4893174368463349
0.24650620714258692
0.2957075977681879
0.45074103152943806
