0.9936374412109151
0.8295432226960519
0.9531831785787628
0.6010452349385438
0.6746696025709262
0.5360373880861973
0.997835294015511
0.564732113349481
0.37343170826849204
0.36011834723156333
0.12640895060461765
0.052588079849887115
0.35822927816981653
0.29505233391229013
0.704723990344762
0.056184053570811354
0.0010463126437308956
4.8243414016879704e-05
3.737523039948343e-05
7.284008114549767e-05
0.0003129694301137187
0.0008510126254906991
0.9994267356663379
0.9999458219939504
0.9999492215714733
0.9999909310568593
0.999997717139506
0.0006150452147788421
7.794623703150094e-05
5.602657636771813e-05
3.081815099115204e-05
5.817778333461199e-05
0.0003293113510883794
0.04687771309839228
0.9013531597658967
0.9962150745276027
0.7972148567131923
0.9553229961340038
0.868735663842272
0.04629321636470385
0.0018208352724237153
0.038476062071409634
0.020582376412408676
0.03337136718861489
0.0024710891204847707
0.17752396619913025
0.9300269014481306
0.9387462730075042
0.9461632660834555
0.19842527247127817
0.04397569592337924
0.00856728089665304
0.034642897259066885
0.0125104574427638
0.007448678112206397
0.007421727398220557
0.8180540211891747
0.8667302494396029
0.24285890933144605
0.27563885339220906
0.5264886148763408
0.5829875369100718
0.9519173152207464
0.7936356462736316
0.749648759992469
0.8606372194394591
0.8910639297911684
0.14420941850468882
0.14164398215372176
0.1458319668689918
0.8332301383213427
0.997681224120397
0.9488416012386611
0.2650429981678142
0.13596430327298448
0.11914511526172211
0.006734850884453358
0.6984343208506381
0.6978035855701845
0.7560986100357342
0.9927068513341877
0.9404312768573747
0.9361334006448885
0.03327381031132526
0.023216710518730865
0.26023570960593434
0.009301706728397141
0.71784019959342
0.7226891993645868
0.798719745134703
0.3166719546132515
0.1628743440174426
0.1832595085583162
0.5714919718872937
0.6986470645680027
0.47725538582335103
0.03316793565738552
0.04746773473003074
0.022141145724320355
0.04545025786262291
0.9291382885090995
0.9243247759425609
0.9280571513342345
0.9720032436335285
0.9683821433071977
0.06275310049546623
0.007650471484101917
0.0033809796267417758
0.026822947951368525
0.9949251317853409
0.9479478612691827
0.9695273569418472
