0.9705699136326177
0.9151604626994125
0.8989843666985713
0.9160599801789012
0.8638712384644928
0.8164017880056986
0.9000811759036436
0.8863592693656571
0.442571178561756
0.16192556659483603
0.06566591820485179
0.1568406318532014
0.06347128021259463
0.3399917151055697
0.052620616011405
0.10152890852738972
0.15153331804121906
0.10658414237358005
0.8443938535663114
0.16946187049871997
0.11226270540539429
0.10839034155939753
0.010229647808312592
0.0035398307597920287
0.031409403696694094
0.8883671973194222
0.8912082093117359
0.9210053935582042
0.06926593236823653
0.057983139858510335
0.09546929310477958
0.11067410044676329
0.11064785499600915
0.08065711181731028
0.7457175572497504
0.12506929656025834
0.2348954917428161
0.7061138019637048
0.2758946351991667
0.0587486490447775
0.13010079351259762
0.6845145393197959
0.7420246137741795
0.267973595495944
0.3127228425900448
0.3875409396583124
0.13209972783744917
0.17340867494099554
0.1904532417032967
0.05037051717584484
0.054719509865186144
0.10975169301940768
0.8556589115121241
0.9691143427830874
0.90301346397217
0.8826788772370024
0.9039833540231249
0.12746864667877533
0.12098076333928487
0.10423188579448706
0.07965441729813005
0.10131153848829921
0.9735830424626997
0.974543302210054
0.010968334436351368
0.009039252876259063
0.011302174035311974
0.8784292468859415
0.997596861254234
0.8975868846428351
0.9849192013837798
0.11449266343310205
0.03725008495465054
0.026217237384399183
0.9773091672254556
0.12406626165247425
0.058256577854580605
0.0735233324663388
0.05130054385281513
0.03706065246738399
0.8432094274822725
0.8222952436149199
0.8089573730633761
0.8290615403424486
0.822567323253732
0.09652589720644278
0.01993720485785877
0.19330335156627687
0.20733587625164862
0.34859640088063304
0.17443738252374819
0.1730727212275508
0.1314867534107007
0.32781950875901933
0.3232732376298878
0.3721013820074194
0.4524907591245596
0.4697494131494312
0.5833237754438974
0.33746407321339944
0.5062582299233263
0.46598815022474394
0.4271056797272419
0.2842029666907758
0.07628281366001599
0.4549368577945184
0.6442729860281424
0.6500473204066661
0.8146954306006658
0.5170265319972113
0.39092536278286105
0.3735002907911389
0.89277001994355
