0.9983551000116861
0.9910816233918885
0.9856612203922849
0.3134995979371419
0.19921013870581106
0.18764620115345843
0.14614551903959783
0.844178715533579
0.9487880365040541
0.9501524749205479
0.7780867316144159
0.6774094103708015
0.7069012869145967
0.7339731304266519
0.7615128347648512
0.22304205876872985
0.2685052130516954
0.33997691390188867
0.3423943169761198
0.06532540709486001
0.1105477205706531
0.11109983262662282
0.007007219961148059
0.0053274955852202766
0.003562807350979469
0.5984085065138034
0.09437954568767493
0.3963373275356292
0.9178909760461111
0.9822343295255991
0.9972760664445427
0.9959756361217496
0.47439959888970107
0.4079602932389954
0.3294605984549277
0.38667641438673894
0.39384789650807417
0.11468267774394114
0.39355257114983877
0.5973350245973807
0.2435804943465334
0.0070378477413056695
0.1630632104040155
0.2525248008144465
0.0806957108050429
0.15984231974531837
0.9214083311799136
0.9194575605108865
0.7989822539364854
0.8825975292071406
0.9756898208654892
0.9614951925288377
0.9573214138915406
0.8326995367114944
0.7579505911241624
0.025900936335123692
0.03342736453495598
0.032781337580886194
0.15124279640801275
0.9221455653376823
0.9770529856159728
0.9764943022715648
0.9764761737648807
0.989877919852303
0.9049600901141995
0.8963304877255451
0.9012560519461628
0.9018000573296713
0.9132270119167153
0.9918014948421167
0.8369715486904941
0.7702851203904677
0.8172823327136615
0.8470373664054416
0.8624834450158507
0.9143515196088863
0.7632992299449554
0.4976925620006253
0.4961537278696764
0.7216456311026613
0.35937708092156984
0.2599814065721068
0.21532327393543538
0.20939622570323235
0.8549298182646308
0.7911003102946027
0.895051193633343
0.3006464546835994
0.3012329906776987
0.01951985507425491
0.6020661014743769
0.05761946524083483
0.009153829539487401
0.006113950091988785
0.006932486853366782
0.006776348303570767
0.9988021071502554
0.99507572164965
0.9943950222452814
0.993536457382598
0.9933309119493092
0.006232200423404444
0.0013967887374506383
0.006939947068170138
0.005783971270202026
0.051945885327302044
0.00980525077811445
0.023304197794419945
0.39383869195902654
0.9677237914376533
0.8369079057372475
0.8480244100287223
0.8651681947628937
0.2766367249625069
0.3082613238086439
0.4392632898514385
0.5487581337132348
0.7695199157427528
0.8943942834727612
0.9390948799973469
0.9505112026339804
0.9955668323892307
