0.9913729880127814
0.9816770919947132
0.9928715446803145
0.47798172201609224
0.06009812324404007
0.010903408392866298
0.016045015840916776
0.005053437517783865
0.9856771791993323
0.9923857869918263
0.9959078130845448
0.9928119557042577
0.036721455430748895
0.007303348857955916
0.008629695531701898
0.021738840395806758
0.9982998281577784
0.04805121496554288
0.07402438289455038
0.1716570438305608
0.38249925838652354
0.8357006433554061
0.7198114117782841
0.8527666452002183
0.8387801906262022
0.9847064562950564
0.08825771323716369
0.0030125406335677063
0.0013456729478733553
0.0034753776432743244
0.02121940109095799
0.14853561877646604
0.9984948665389567
0.026821563766701306
0.025089057330808462
0.07204198240878767
0.9999872823384126
0.9974016474857456
0.21963043422738804
0.006955410548907248
4.823011154475587e-05
2.2626687381621657e-05
0.0008286903630085884
0.011022387535904787
0.010879416811644171
0.01305305860823014
0.9694117184413683
0.9625827431147796
0.9995191118471036
0.9996426747498551
0.9999993759168488
0.9985104512111059
0.9630713192363486
0.0017882197667512534
0.0018968369917872208
0.0023101339732050086
0.0008241833951417865
2.1848025290149842e-05
4.953278472008549e-05
0.00802115575183282
0.2211058892439669
0.07046341978652215
0.023253943179112446
0.025296489057834437
0.9929219393600026
0.9847224235064986
0.9767966332947929
0.16494968481734884
0.03187662287782311
0.0022168658273826747
0.00043917591113551424
0.0007832025928881103
0.07748802207766903
0.6133353278062826
0.22725345419144216
0.031378377113337574
0.03771338264174606
0.04881872679719279
0.9940374563791454
0.019772830552988507
0.009952872162254267
0.008290877350420556
0.02698450891025561
0.01806561293490483
0.017393948835479067
0.0129466139595662
0.05263959495833248
0.42646923378439194
0.1480156241396644
0.08761546017671085
0.07436464133394627
0.2366721114754302
0.317407962456574
0.9762510760668797
0.9854412491721563
0.993300135143955
0.8405363011414723
0.826971222736257
0.8194660146263617
0.3208945796123608
0.21912122671884304
0.25716813743534994
0.21782113026241312
0.21817212051789237
0.8843427702089186
0.44712290146588163
0.44821743600083375
0.47196733644836586
0.0757434187906203
0.06948479294417376
0.7385716843232397
0.72685204023669
0.8038434138047216
0.9503911924475104
0.9334122541445868
0.9849813682775306
0.8394857743085709
0.34390714974915726
0.4103728849249999
0.21951732850953698
0.10480441472385138
0.17932934816059354
0.6531595655996341
0.6860625561049492
0.9780377266689496
0.9986672504085286
