0.007801444282479774
0.0035103549528562646
0.0031299790789005907
0.1045523650231456
0.8990173479839112
0.9088963426760281
0.9966136617771222
0.9927136810870578
0.4603598748190469
0.451487162771793
0.455117185841257
0.9869000579325742
0.8565615447292743
0.8281804853516499
0.8335305770783481
0.9865165974457295
0.9901815847880435
0.9678275434131527
0.9604554641578673
0.9560193744046981
0.9529549503937769
0.8208090105759265
0.16269126548249718
0.10939563482090824
0.21279981746006313
0.024796205831700013
0.08426796756955429
0.028357888154619357
0.07458540683504433
0.014818896727661289
0.00350585433356787
0.0015848419948389146
0.0005819298437962583
0.0006735856438902731
0.00042222119735513264
0.010501674627065338
0.05054005782218644
0.14880759523139112
0.9772629876720365
0.9452592224490617
0.9844340080064826
0.10431174642336431
0.0009586723656006657
0.0006243339234920486
0.0006768929041098159
0.002414364685177661
0.9996845274228603
0.9998484884693091
0.020238424653863815
0.0017212050594585858
4.521438484194062e-05
0.00021864723322079224
0.0001819322797604883
0.026219720552640446
0.9999919838023632
0.9912642804261966
0.999990203853734
0.999976477427583
0.9999983127903251
0.9999996810536993
0.9894472333271422
0.028089502466888124
0.00017035645295442324
0.00022843081625389947
5.33926937856366e-05
0.001722233990346833
0.022847393751959443
0.997220527359459
0.9999924418080055
0.002072976285019989
0.0006470306722638819
0.0005980937549459053
0.0007201427570003083
0.08915292799803169
0.9701167362026297
0.1303197596634741
0.003643332547487077
0.0035101074707230783
0.005247612129392276
0.019131973686563306
0.9998794023309046
0.9998492585115755
0.9998377596178027
0.0187149991643901
0.004813813845097225
0.0033345068860289205
0.003577037904054425
0.1727211437874755
0.14655387684021356
0.04680926918172152
0.008486589408054922
0.00011138749544084003
0.000327149696505713
2.7951516724045165e-05
4.697878130479615e-05
0.003270929957349944
0.014403459327204491
0.04335754642314013
0.12621315126429347
0.8765023399295429
0.8021286981186271
0.9778020626794586
0.2644938743772903
0.24096422762841177
0.23656119345083315
0.12731763756631045
0.1918679942551083
0.8759048569041801
0.120420249477402
0.0008269663020805118
0.0014784697344248142
0.0014316463314961502
0.0006453466980742006
7.739381243250243e-05
0.014933622557090364
0.09597655284864365
0.9869940325455813
0.9848983740880413
0.9866908903876004
0.9822814062093042
0.08197163577786311
0.0214757394243548
0.0011144773451775669
0.0035796016699544573
0.017706651649935432
0.0021919364839455557
0.0008973727926638974
0.16579117820339767
0.9763852595037741
0.9077894347693163
0.9277521352450393
0.15800171721551806
0.07351273527659989
0.07018747432788247
0.48983988845338716
0.5002611534092741
0.009719457992573854
0.01613342439158789
0.04433002297486172
0.13820998695694015
0.1276952483613363
0.1228893027972657
0.014928189060984153
0.05209305482950572
0.851124638707627
0.3468990925880077
0.4929758372871271
0.4399094088768117
0.5918967736253992
0.947065728802126
0.5179931364646173
0.5246791886261328
0.5525471530656005
0.8032205023544003
0.8102141091670132
0.4207818219969918
0.5340718329175397
0.24534984452506262
0.18009890575862267
0.48046383929116765
0.7163958699797577
0.6118470458567478
0.6806091815715296
0.6634354575589805
0.6355263666802456
0.2504922663017881
0.22547078395179604
0.8405134632171984
0.2567854768552595
0.45189812892668385
0.8968786351832934
0.8548928312999209
0.5546415562821558
0.4392761805412481
0.40168916382800113
0.5533196278972485
0.42495190748802775
0.042114529794481353
0.04882046385465117
0.39727572326899174
0.24783407450322217
0.5941404603392945
0.39415928962262936
0.5112857600557706
0.5575401666017711
0.6490743324637889
0.5027815920727453
0.16931889257948313
0.04156428477729115
0.042969295013971176
0.06692009891568586
0.06492823683583304
0.051452256862307776
0.048480364952086186
0.048807908211584136
0.987112585623267
0.9809532684720681
0.48434062999413463
0.5090076363329558
0.6062891149083676
0.5120132733302293
0.46342888803249627
0.47910834663404467
0.462963019084604
0.005595556700622572
0.04147334689827655
0.41813559650269955
0.4358628916642399
0.21226184345362623
0.17257224639863328
0.06637029648342647
0.8157158791191788
0.8462402397708062
0.724221222552091
0.8214980653211514
0.6267974558348381
0.488475582249867
0.3884535786355255
0.44038285398071775
0.5458772987316846
0.9201170876131788
0.931235463488268
0.9304386919511451
0.9312579491640431
0.9721558851932288
0.9617669127928907
0.9457913874047112
0.9293522048779737
0.9390350660157918
0.9606275638099349
0.9655876236024912
0.9364932341700576
0.836059513609684
0.7081183398302398
0.7342808724866376
0.9950456599918218
0.07275410201588442
0.0037249889060550156
0.0005889544483792196
0.00044588458485848024
0.0003811009488677408
0.0004151010458350423
0.0070999026995766205
0.04552670793580314
0.9862072776277453
0.9823968769344162
0.9904598340714865
0.995338859561292
0.9995052987001107
0.9880810784253435
0.9802423036640338
0.9843098308045233
0.9799322197477036
0.0580979445359691
0.014163191254345274
4.851942818386856e-05
1.8544403846953993e-05
0.0003510449746075839
0.00012039036602969899
0.0007303147571586233
0.06327453202871004
0.8511662955484043
0.7078947653734023
0.7298102819694803
0.9633014626925023
0.9605302798025339
0.7455082047195372
0.6637422286983485
0.6087172166165045
0.7166594453441009
0.7951208271048285
0.62802603399876
0.6870880397645563
0.7517722950015457
0.7981799448996734
0.1460794429938028
0.09777456533497211
0.03450637227271758
0.019884662859390834
0.01919335902905754
0.01869012030753083
0.04809776124760845
0.003194964095211883
0.0027817952984151126
0.04156406660950357
0.19785548893034666
0.9474834976444113
0.9887751617850218
0.9615563607238196
0.8381113474495765
0.8354483067895468
0.7954754152481207
0.8129726634512151
0.9891536498456592
0.9670817425698679
0.965411606687191
0.9572489724562618
0.9498254980609646
0.9158593273442552
0.9634876644459891
0.9941523708817404
0.0024573256763758653
0.0008328339762530112
0.0029005524388983736
0.006149500314569045
0.003843074188690354
0.9954811760893414
0.9928907068878512
0.0027666069525392853
0.0003629578530765176
5.8415280386181485e-05
0.003157505812673722
0.004581257066210464
0.03330006076508865
0.1200431707953973
0.9999977466889882
0.10266279176504563
0.009793149300288384
0.0005934438582980706
0.0062389601318176835
0.011232850212244804
0.020017673732368443
0.08882936081096127
0.9999963646866932
0.9999966382313334
0.9999854397818233
0.9999970860608569
0.9962072944701053
0.0937301559139954
0.023545482248151783
0.011672651092515807
0.0028313171126209125
0.0013206228359185722
0.013490987451377955
0.10348158467616608
0.997615142087791
0.9384856636751788
0.13376295053446122
0.05590645183277459
0.02524591217994928
0.0031545199103411247
5.963066630910729e-05
0.00037116393331768636
0.0006412694480675162
0.9999933215424697
0.002183305709361316
0.0016652260164301434
0.0016565480927174024
0.002710424549426504
0.004206312332067096
0.9831672748883311
0.8064873702994855
0.8395170509194296
0.8026626711363463
0.7994951661461887
0.9422195817427597
0.9680553812592585
0.005443915189794168
0.002794843763107657
0.00407055784795739
0.9996248050197027
0.017210125831365473
0.0011408913881540749
0.0007539138928070787
0.0013628294928833883
0.0011689039644882547
0.08102732111357647
0.9868204255022792
0.97999529398448
0.9992126812333022
0.999475287325408
0.9999026565475753
0.9701729116495539
0.9999589737924461
0.07639798599283727
0.001252978304611063
0.0018131998956801175
0.0006341374782640186
0.0008023315776883089
0.014560265932599702
0.997561683459627
0.995956058711124
0.0032871736287878425
0.0038730445045093483
0.010826800674822822
0.2869596833035688
0.08216880685227862
0.006578603441979069
0.00040195152429742806
0.0011232139299726883
0.004932333062612714
0.04517576561660514
0.0032091322471154426
0.005117839295907333
0.012102890326806115
0.056762542535791244
0.4669215788927414
0.5675591944400412
0.1989293981528804
0.19286775610929227
0.5857011601347689
0.6346289155610239
0.3558953290478725
0.5723568725841398
0.5322285337606167
0.661144589744798
0.799404127371235
0.961181778462388
0.9758928970368863
0.08938167095527405
0.026102970661710866
0.010310441583275053
0.0071159476793139715
0.002962485225566458
0.0017828212662490794
0.0015469556936889449
0.003856370399208575
0.0019580837716149714
0.9617028728317769
0.9501802929233227
0.05279205200337608
0.05409336838559657
0.055725762843117005
0.12956309493649737
0.9723115792153469
0.028366873694380443
0.07310742898513542
0.9579703050407757
0.9624601757845503
0.1157131972496212
0.08041637898900625
0.07955049325227259
0.004293411900876487
0.008810997860215452
0.8975994529411611
0.991280996333542
0.9964473857200105
0.9890892383643028
0.9917616679818113
0.09498171780564782
0.09671011136384793
0.07135116264355447
0.08307278954220117
0.12524120043381037
0.9823193051813839
0.9780554781378219
0.6346066472681923
0.6644772926595421
0.8903784640838164
0.3288030041416226
0.32672320251209847
0.9748934171230685
0.12028886168173568
0.04496656411736677
0.0220102159656529
0.016319606575609522
0.968115848681721
0.9631444402102947
0.03821900699729977
0.011212148602096093
0.0046221852622160605
0.004955866516012441
0.005455457361637905
0.020147191228127623
0.021504460752888532
0.007039031334600076
0.08477885952801854
0.9829173913010887
0.9913015075672711
0.5261588061790596
0.4203509975295008
0.45194367261123913
0.468882642699856
0.45946488110974976
0.28945948271675936
0.5081741890406757
0.6007653062224987
0.21757703155183103
0.1835715779740819
0.25028683762841575
0.6155849275833912
0.49802172439947234
0.6042044260654835
0.4428820171443565
0.4155900677738185
0.4260503876945241
0.42472133549240565
0.3850652936183401
0.42526215665427014
0.017503338715719095
0.012510707712095514
0.3280514223934036
0.011605897399452302
0.01637000724128148
0.05686600075534976
0.09417798406083672
0.4225604415542369
0.10857870762411555
0.30228518832676754
0.6604316673942364
0.1523854965603223
0.0025048684319671443
0.025599645408780625
0.2817153378640929
0.998976466121112
0.0067702707782196555
0.0035945312598306685
0.0031900484345436797
0.003372715491355993
0.0035695736152424272
0.18816961268865956
0.976313002763346
0.9451823654938709
0.9381001148051589
0.9452963616098902
0.19240278648508471
0.03412008155937074
0.010380429884147623
0.006763361749091401
0.007733920750462619
0.01776439547305679
0.9282599137261625
0.2802795776643819
0.00921083332847078
0.010372089590541266
0.1009506677674657
0.9085971782628317
0.20448955663404753
0.06198483487759455
0.021587606175207084
0.006312984871396565
0.003202891475034486
0.002468611580816482
0.006482759201512134
0.031920513311162024
0.9359604923723595
0.9552164082034809
0.941046839044315
0.08754075432430289
0.058754789801462474
0.01833686055388719
0.01672923592358616
0.024791482815811793
0.05566498088948895
0.165437255094406
0.308388587632819
0.870124960280029
0.8959248950346466
0.910395609914167
0.8596965653319346
0.9221876217525258
0.8930282625298187
0.3245441553642273
0.004536705714026257
0.007089628340855625
0.006923015981113278
0.045931311832861796
0.056855870726817845
0.008781473307431453
0.01362956009311349
0.9438253780332218
0.9424597030321888
0.945706597152431
0.055281600803292356
0.046684643723069595
0.05742139968177172
0.06107291777567074
0.01694612109638407
0.01369275117343378
0.01178047067653396
0.006996603910580734
0.5586139013248433
0.5634020672556294
0.8295168761187777
0.5035484063540518
0.5589680542129755
0.5768762301897726
0.36845481138988434
0.3672463949722858
0.4206354447519168
0.8260112584297097
0.7785102567197157
0.7917364950533394
0.7853574471192168
0.4341177693525009
0.3971874244777381
0.04235993827990106
0.20168808152854925
0.5729189932634424
0.5255386350600832
0.14268363791977104
0.07400732070376809
0.4351548463225658
0.2070249243073044
0.1870289855816604
0.21629691680356872
0.5351594676341676
0.5944035779077461
0.906277393625583
0.9320249004708481
0.9097727840020993
0.9148219065241434
0.9260717807716541
0.9497415803372529
0.9615060636945534
0.9568656456428699
0.016361037781199482
0.013048809825861029
0.024420561562784035
0.008495035850628451
0.004635994245229913
0.014274542182301375
0.9740276728235664
0.9790805449945843
0.9882292759649194
0.028140458871742467
0.015240148363259076
0.015022593732110111
0.016888020556485594
0.011422369689525513
0.02322261537131154
0.9245276060067533
0.9245956773811421
0.9628774086074994
0.6570851387897794
0.6517358816662568
0.6504036433802962
0.624043738380281
0.22286596864730965
0.11990422909093353
0.4201182450011929
0.43112254402992545
0.4005497189829518
0.7989454514413027
0.40884688385845785
0.4222399833377579
0.47366948780064383
0.4434264679989395
0.41586037897279043
0.09140503749449147
0.29967687782953273
0.6448857081946128
0.6287606558808042
0.31719256412072033
0.12077930177349493
0.4036984254070284
0.39865891373380113
0.39778154072667393
0.39982378391512696
0.006761825902200746
0.006377728743357646
0.013380191109333783
0.42790552032895585
0.9244286802243644
0.9085613976020657
0.9338627456418305
0.1390503742357448
0.0015820674178331994
0.0012892258917096887
0.004842443611057445
0.9744455113885981
0.9786333737336717
0.9899925766374054
0.9894736670184281
0.9905714276441078
0.9980601981365003
