0.9788657789525989
0.9867746502400027
0.003618481690510822
6.133289585752433e-05
0.0004497026556917749
5.1989763289683744e-05
0.0012673472029899324
0.007884151414426444
0.9987229205232189
0.9590805795306712
0.9999996642625651
0.43667872534426144
0.9723407185195976
0.1538416892418446
0.007345060549701521
5.060599799222576e-05
3.1481877798555935e-05
0.006088597682312402
0.006998144918066496
0.0012133217619040293
0.005103199416776172
0.05867669477262283
0.9987353511890557
0.005150519660415465
0.004065363810480949
0.010230373778828517
0.9996104419985068
0.9674852566871394
0.9985004897136587
0.9984439406888378
0.9999370334689437
0.9683721146510786
0.9856703129436907
0.02484246434631776
0.004058198664111057
0.003682700503732428
0.9984995944961812
0.05639921822515881
0.004716332519425603
0.00118611342423669
0.006972283095142751
0.006053865702383976
3.2289384338857197e-05
6.526281767937903e-05
0.007513358924424063
0.15372316801787267
0.9076490990490336
0.5579705003463211
0.9301473698538079
0.9718876999596144
0.999192077203832
0.9831150171994508
0.0246896965667176
0.0012717455334346761
5.1449146348359065e-05
0.0004495846961263261
5.9981360478356116e-05
0.004389583708807709
0.9961523600416441
0.9652543642744291
0.999761559918887
0.9814593591554108
0.9780634434974649
0.9962549512941059
0.9948286087849322
0.27133165635117473
0.089161727275065
0.0030932439906397047
0.0027767873949980926
0.0027816072833775074
0.0027992499820231886
0.004282481026227081
0.0075794805277240584
0.00517675326799194
0.0038711394530307475
0.005475907035409344
0.013744906586135253
0.09401561885630205
0.9994939635160005
0.7873805970695972
0.26546870487128904
0.6169900732184153
0.28000946010587346
0.0027155707628966352
0.0006023143401514552
0.006346214716101861
0.9998521862054427
0.019579091136161852
0.0012279878295373692
0.0016678954855501305
0.9998588807858758
0.8896573179603461
0.9998855743802464
0.9999857111877507
0.9999852928623016
0.2611301541116078
0.2618080776288215
0.16952635328722543
0.9982339979203381
0.004268616771374578
0.00013090965499085172
0.0017174847086856015
0.2800655234153526
0.7391173047770012
0.3606869135137307
0.3211990127659192
0.9725251318240872
0.9298947257273701
0.7688042303158511
0.7802914037921386
0.09551563042379052
0.014235394548962388
0.005656019171871862
0.004312467299540046
0.00571000493132201
0.007647834027564748
0.004327942046796984
0.0014981625664211018
0.0011763028376626794
0.0011773284372444959
0.0016143415246566706
0.08357553245130467
0.2634086056529825
0.9972030043961909
0.9803280216835267
0.9762390297118025
0.9950474085411742
0.9993749483522195
