0.9582114395129893
0.9673768317377225
0.9638296994476572
0.6996195295370518
0.5800112761796279
0.5623021588300385
0.4767926793452094
0.5637253582196615
0.9440751899740989
0.9385243402688077
0.9625932533276098
0.875444045348476
0.3251479312104206
0.42027368488332434
0.43875600985258545
0.28523016058797207
0.1554231356566923
0.05945198265524331
0.08265657670480239
0.6998933438479655
0.21169115104928055
0.21839019105407734
0.25665670376368266
0.4499446317510971
0.9428926065898207
0.9479440295935577
0.8135885624995709
0.7677332791740827
0.31766151718642693
0.17821963098744437
0.0482097124900082
0.12576877911260845
0.4057836868727821
0.0020177460532736723
0.00224581356088126
0.4151860458148351
0.7033159520383518
0.7336177021321088
0.8423795394669458
0.3579016089259314
0.4200289726378609
0.8889650398288249
0.382364712012278
0.05148974288100041
0.06722570554768019
0.5677933465778167
0.5292016865384713
0.6272129889469813
0.9364865190117766
0.983093656697609
0.9498281946509775
0.982794961874573
0.9817125659715515
0.20742731068237422
0.22133327564818467
0.29104862474052007
0.723606672545137
0.963311540641693
0.9366222308755516
0.41243294628302435
0.25764207505510817
0.24611085873773347
0.9916065276681156
0.9557038545352268
0.6382656682751131
0.6705264768232968
0.68263253277608
0.9333794287490638
0.922796685166372
0.9387827793008956
0.01893870764247345
0.004959915169885065
0.016861134589107894
0.8337498675653643
0.29661940924611124
0.03539054001663311
0.5532276908028366
0.8552277884327024
0.7339317429235879
0.36371626273027113
0.3666936595887255
0.11664005729426537
0.2754369040003094
0.7510779344024477
0.63771743550773
0.7741055328632447
0.7990200788039372
0.6263335842804363
0.8036829171929087
0.03625273866852016
0.12631386881915688
0.44681640923387655
0.7214357393058549
0.15494108240209192
0.07982538291071707
0.11044158573098921
0.18987210480347883
0.16898134677170587
0.0859993850487088
0.14167132679523742
0.02946494428841044
0.20158873304445318
0.7853403079693326
0.7543209070341895
0.15689184416737112
0.1444898607429061
0.08147994325178881
0.912654117384897
0.8943173295986224
0.8533644247281413
0.8698573069843247
0.050881049263332506
0.109226782444143
0.1412291901108224
0.9246729201550312
0.8439748420342286
0.822282238766169
0.710816073954572
0.03873778252131407
0.03992315603413601
0.04717233484047608
0.11232171512458004
0.38081457002383945
0.9788679373926066
0.8830103206676239
0.8389517236298072
0.8399330070702544
0.921142765051955
0.7953342675216727
0.7925752722249862
0.9212395384224119
0.8790874364885721
0.9993365475483817
