0.9995805354817652
0.9985527304716462
0.9987387853966454
0.9975389631553547
0.9980798814929865
0.9982180038688767
0.9987645084397254
0.8073636075133527
0.8285804324789684
0.029511055713660417
0.16154365284731353
0.1810933478704304
0.9106643512279612
0.4752374671247932
0.9995524814954169
0.070846031082626
0.0001264044600923775
3.400975234457704e-05
0.0012556701558245065
0.0010736851662466185
8.158629098764525e-05
0.0042385463197901485
0.011055058449780053
0.09430419358827735
0.9923944261809766
0.015801086385322627
0.06929033379147698
0.999999933964263
0.010254817065081134
0.00036541072159723686
3.650362912288596e-05
0.0003227051670506853
4.6515145611270015e-05
0.0014934472027886558
0.018728532766085437
0.9999034053826783
0.030045074655778548
0.02560100638984031
0.08849324001450176
0.9909850614607961
0.9865832435011979
0.19515551419587784
0.758225372095884
0.25002908416570924
0.24809369342677712
0.818464208761778
0.15295721540238627
0.07257132329388305
0.06247561826222536
0.0004649581416258375
0.001879440357484441
0.0012962687101338854
0.0009175562736565279
2.9613135013262237e-05
0.0006873982813129231
0.0031335400822241066
0.01711368316762618
0.9944412205032892
0.036743300442826254
0.1433108212352524
0.9993023280731568
0.1667235739757289
0.000690520915938464
0.008622157860345703
0.03093208596714514
0.9991658282960615
0.9998776084004836
0.9998120054889456
0.9999925061633643
0.9990175770531927
0.9990303440140682
0.025441629173738156
0.0024459537503105366
0.006975692147602075
0.16667495091178441
0.9941253863005199
0.14331912806094493
0.04019194428928463
0.9998613181152285
0.019665192172158785
0.0031278699401126042
0.0006885941051675282
2.9822865301620816e-05
0.0009175717996185995
0.001304208736820467
0.0018798223109500745
0.0004568031514803339
0.003806184849454053
0.012600983498766483
0.090141157615235
0.7566575082222681
0.23997343532052173
0.26017799683389276
0.99585872298574
0.18255308815944638
0.9995411354715422
0.9999976177145663
0.0883693331732458
0.025131486882630116
0.029025371622294682
0.9958516078056269
0.01868581481429632
0.0014462877027914267
4.6492495068828354e-05
0.0003227265476503094
3.6481027034462876e-05
0.000365382534644465
0.010270398739473552
0.9986886638777904
0.06978117253153493
0.023070986555339013
0.9935029917006475
0.09168088602292879
0.008555261004697945
0.0017880787888712169
8.15820483114349e-05
0.0010736949129794837
0.0012541768868066239
2.7831358803243056e-05
0.00011830633217235764
0.07177605840443713
0.9952452264093077
0.39337485136323513
0.9980985580425357
0.18820710664854134
0.002401639667908073
0.005816724903128567
0.8251856426888129
0.9760038982038842
0.9981531089576043
0.9994841930257085
0.9984224187984708
0.9978080382743126
0.9990913567986178
