0.9646891214420827
0.9316978420022601
0.10001080528162698
0.15570150213724077
0.15494356345769789
0.14790690248736693
0.09634580667034964
0.8509945146699955
0.834561261297831
0.1030496267880685
0.10805465384243673
0.026577356163130172
0.007049823112974307
0.0064529661235651625
0.0030510662539445788
0.0030094362366144267
0.015449083839698452
0.0006286755747141326
0.09374446059755204
0.16649666967354315
0.2606265017950069
0.31421519500065853
0.5081338436603853
0.7210577492162431
0.46408421868039507
0.5858402485975658
0.7898680959721491
0.2857840834920853
0.19410959703662256
0.30814399435523543
0.9391008896563507
0.9201759053248943
0.9205360728625358
0.968681403754531
0.9520311584289674
0.9228062910274502
0.9060124028530963
0.16348328628716502
0.19962724622258354
0.24968162250330683
0.8064753544879862
0.9473513648405347
0.7267043861705649
0.5792868375976666
0.1627926700137119
0.13632320851394109
0.5785656260058925
0.47035671127503254
0.10547632737037071
0.05050101160821996
0.08780912938203833
0.06428250510494316
0.06172242313904619
0.11249449078858753
0.11015374156133306
0.10074200615676865
0.1008990673358453
0.05405469788731576
0.04514294473900382
0.9372735385867673
0.9403894297409121
0.4509652757079593
0.2527937662793217
0.19420340854985896
0.16791557681869873
0.10829297858525466
0.775794050685053
0.19902117881172243
0.15208449821899206
0.1752445455700392
0.8841672815793836
0.8858611040552036
0.11344301688299263
0.07565164748655906
0.06601341493363089
0.07407953329928352
0.8275144169818621
0.8919275393030838
0.18797748227993516
0.09138113202435438
0.13266192907773078
0.19467677335548694
0.2211292062912752
0.983476429620846
0.8738584459152359
0.744828476295545
0.6896521583124917
0.7312492550092473
0.7730683200065378
0.7060206672373088
0.5767479192471701
0.5545709034796771
0.9320434975310394
0.9028950211173167
0.30375211695835425
0.2772373302044777
0.26973400400698855
0.2533476326309355
0.2723393585898404
0.9376916983388118
0.9464425684657469
0.7763029578437002
0.7760780794459233
0.7896076319092008
0.960598207509076
0.12555377643915455
0.2549514789209276
0.09377890970787639
0.14262507843778016
0.3400626911503213
0.8645574904746454
0.07391982718457224
0.1775658752922239
0.17956270677527075
0.21175782413408417
0.17229963755116717
0.8574975991169125
0.028209849080618077
0.022924400096836273
0.03505755789927123
0.11469704387295243
0.9207499625107883
0.8603314847021608
0.2558842818280366
0.1514043606003982
0.11206456889961958
0.7789481731924871
0.9285761626637102
0.1291132602096673
0.1302369085070887
0.16184998730390088
0.31255113879488694
0.463319609223973
0.9402545990970558
0.8225858194923616
0.8536532877416778
0.8983282679697941
0.13995386142515098
0.14545135047842583
0.11796335113012613
0.0987972744750566
0.10744129362256005
0.9704119383431137
