0.9994810491220552
0.9659368034338625
0.9730058118285818
0.9626919810228489
0.9741475716923202
0.9922912025774424
0.9913017939466616
0.9904288616778754
0.8914373266871594
0.5583443961999877
0.5710255694733104
0.6744162186683702
0.684070468144911
0.5977893638952735
0.27556856943502117
0.43397922353525487
0.7385412726507743
0.695009267440317
0.43286570591952667
0.4276817994746025
0.4786925815379801
0.4091018569275675
0.4953285736863182
0.9721097697575206
0.9884566223971928
0.9487017581771447
0.6545423835128441
0.990235695673713
0.117828365059513
0.03976826037977699
0.029923264990983967
0.03422334391956228
0.08753837767229844
0.8522679446730377
0.9909153941126919
0.9906027213833543
0.8908677544859919
0.9569010608536186
0.2542138756149561
0.23059134410662174
0.2334160952793385
0.240994322498288
0.11323661770895799
0.8388190692895973
0.7253518052366219
0.6686355901430867
0.726551060808692
0.9625059932839135
0.10905373216899594
0.08928571455859369
0.28837953550329776
0.9015166671831809
0.2814466051518262
0.18314429896382012
0.28736751921075987
0.9925111112431373
0.9892477510046576
0.995841229917032
0.9925464970126363
0.35390266607141985
0.1944164952190076
0.19287171569145278
0.696890988244725
0.9600973136540645
0.7983477268645572
0.6590984677669227
0.7251897025418128
0.6633569720432952
0.20735811981854957
0.17511744567393084
0.16388295164780164
0.8289888957859397
0.8301695811871411
0.708434241322592
0.19363875129081987
0.17835177404697466
0.02217735555504019
0.728315637599844
0.010129976003987684
0.050308662158629724
0.06920936961935997
0.7019712062662683
0.18456901828748284
0.10398007337583959
0.04308645436819625
0.03140135362069674
0.003426528244420801
0.07790408000161553
0.02378800599450026
0.02502979091813029
0.01865728189025051
0.10554186635660145
0.9973756702724675
0.9968510222470156
0.9943359107049702
0.9081746594987539
0.90097290375613
0.9088712389286652
0.9710194022950754
0.8997588326064065
0.0008441383380067835
0.000476430942225603
0.03731116879423502
0.1076040765832198
0.0018595485433252623
0.00046064818631830207
0.006945991945408125
0.0004966065132230302
0.001031978115644816
0.002532978737183611
0.735761063007084
0.45810561661687954
0.8131290521309865
0.7480794166778085
0.3218733773384237
0.014259470696500798
0.014146003957397846
0.0197276268627542
0.1042301858269179
0.4285905827465266
0.9916417345276297
0.9917563495473847
0.9913673272531847
0.9475040099145513
0.9280088691340401
0.6528094821222513
0.7985016461196386
0.4371709879057777
0.049135125991330186
0.0016923419730446865
0.004470766641683777
0.0031109390531552927
0.5686404695247178
0.6369691217468074
0.9476454161945436
0.9791561514355664
0.9953089594246739
0.9951787177626797
0.9951280940041382
0.9916068913483242
0.4174632175206119
0.00797681210596013
0.0035375319292421104
0.003262935780491749
0.001675686151946465
0.5350148117007802
0.20787787257094703
0.3813129268138016
0.6578916572354194
0.993261913664687
