0.9976279213783589
0.9984687835791056
0.9989360463705386
0.9713601796185058
0.9939526563362157
0.994923359788763
0.9996292833290275
0.9840047918017609
0.9800318994887378
0.9764780701813048
0.9092534553074201
0.9791190101065778
0.04336294560425302
0.004935897349486851
0.0135144385164786
0.020215667128008263
0.9599391835855118
0.13930879076221914
0.12152201212743885
0.9923018052338511
0.9698523390329963
0.8781961363723527
0.8433153050259609
0.8509103379101293
0.006959452465170157
0.004029709409616
0.016536355714755646
0.0017874028040488765
0.9821791606171225
0.9996963687667031
0.9827431975357772
0.9821231925679847
0.9828276934042306
0.9821788013037769
0.14811099942181472
0.156903579154837
0.15153956983110572
0.1543238351399372
0.004577209347423561
0.0022666993001165814
0.006460611749543155
0.10634639699265325
0.7606925555299158
0.006109138510501988
0.052918188794946364
0.08333112129627807
0.07677662014679698
0.09822344336531064
0.4583033316373366
0.2158754734245686
0.11999898464721337
0.03734368692074419
0.5797002660593098
0.24635334950414067
0.15537850420596144
0.26879400072472426
0.1585667911999059
0.15225968576649374
0.4971032126615369
0.6873963570601751
0.8664023679272564
0.81029208147777
0.31463392921984223
0.3486815376897916
0.5841184733196818
0.9734673435297729
0.926047712855108
0.8952156176801136
0.3724134572116512
0.48738624271126096
0.8845651122366065
0.43119983817531715
0.47021009573394945
0.43948408044475684
0.4330098153729991
0.15724301404941898
0.6190510512100635
0.07318955342464062
0.40478618027966173
0.48739127102052304
0.710677406391266
0.4668463882592986
0.6601832376268523
0.7070224898277414
0.24489693268406798
0.2157850281553676
0.11904222839719925
0.012503635175305505
0.015525805617392585
0.12180966615749378
0.01979568723005498
0.009763109648642576
0.18917187320458817
0.16799397362220758
0.25705656045010095
0.11682764377431465
0.027673742439773608
0.013016142309522194
0.012717493537524716
0.004957884658826073
0.00579610031591804
0.3740300905183034
0.9976559432019934
0.9995526251635118
0.9996721411050368
0.9971690913665836
0.3911231749963009
0.9966368154674242
0.0020109975842989014
0.0005183928862241283
0.0011376802148448384
0.011838002951610416
0.043812534498695044
0.22365881722881897
0.9307701214837852
0.391599397221317
0.39497780084897915
0.023066516633097556
0.02318256460451551
0.005459587625810447
0.002078499601279815
0.006105387333695478
0.019424615486136165
0.9990610017295468
0.20035502133087435
0.024420097515471917
0.010216283744435839
0.0064464427747149555
0.006477979569455172
0.008615326412262925
0.0008421550963823021
0.04804674187783198
0.5965155204287935
0.9960007119915097
0.9996645826419325
0.9996704305936912
0.991909622061695
0.6004350259197104
0.05299653931005188
0.0016244810900306605
0.007175145391997484
0.0043044917464087895
0.002934736355884149
0.009776601281404562
0.024720938496141875
0.20075536810936567
0.019213013084030783
0.006097928721871981
0.0012132573454450846
0.005076626357297442
0.031030460035270768
0.011362911386537777
0.9175098461021431
0.8774043728173936
0.9041165413708498
0.9031641844015341
0.0363253158884943
0.057890164353023854
0.9991061135616041
0.03178773412772151
0.015304249821461835
0.02229879888949171
0.0571481400859416
0.9964111683289241
0.9589056836967951
