0.9994605078559804
0.9961016657735914
0.9997038405091064
0.9433715810619271
0.9445310187249522
0.9381342897983447
0.9408927927277714
0.9760368024359719
0.3312571411844839
0.005165540323104789
0.0035616244152895105
0.007933470915122975
0.8269058852621934
0.006339650016536691
0.1098023462114609
0.1802486756956032
0.007672373980187053
0.015786194148311616
0.12397619315196284
0.2599503878022922
0.5427238315017475
0.29783762033123995
0.0978548987257748
0.4995088180670302
0.877478183666357
0.7597633966650879
0.9372661137084848
0.37953407293850994
0.3247959757409964
0.3948670101214322
0.2619963947237425
0.272087326486788
0.06795484796903428
0.2951506873393335
0.8303432133825668
0.6527146636952911
0.6027924859308655
0.5839704868277351
0.12258409806254111
0.10743124864701858
0.7268524800409828
0.4726715412955096
0.15170941152236916
0.14585674160491302
0.15544606546743278
0.6379597566677011
0.3406041477020093
0.4452787428897299
0.7541118855377198
0.6602703552171669
0.8431652909454369
0.8169390170588537
0.12510461874402556
0.10221365912294333
0.27228486059535706
0.6457281720387094
0.435936168693564
0.4901576007444344
0.44779829929952675
0.4960631950051553
0.9992027513034712
0.994325249346899
0.089842801376679
0.03475887583109327
0.00850227108474444
0.0335184768064718
0.6792769848397906
0.5641390943731384
0.38474059105075975
0.06686289002151657
0.15221020932390772
0.1484403631423371
0.2840268432900558
0.15051072588994518
0.1523213337077769
0.2013816553178156
0.6690602718809389
0.3145776210044
0.7804433240050019
0.8800476284055724
0.3561520976794115
0.18733095405924827
0.0541078561622963
0.07314851999100314
0.6103607808987979
0.5725745474665086
0.7779380053828993
0.9283114483797624
0.8548614416029806
0.8692089448091164
0.5577322258798253
0.582912618302281
0.04449749263006475
0.1749199221984823
0.3442926074740148
0.4025855570041966
0.95585652475487
0.45079692572294017
0.11558776364098233
0.24524132344980565
0.16243851392605013
0.1395030773374446
0.06271977118617711
0.10247579632401482
0.220485073904077
0.2524851379189488
0.7948986732611085
0.8009692366238876
0.672890090948855
0.6698816387340372
0.6681577566045581
0.6655048315465248
0.8426343996951873
0.41036523331217845
0.14271782885823636
0.1142857957303961
0.23106622825847833
0.77987963220246
0.6644732905357891
0.4667831198694826
0.3171890950116584
0.06518960272950558
0.17837181875144625
0.002292676894197654
0.005869845470377388
0.0056419093338690995
0.0004285363182057189
0.9942410237759455
0.994233234097671
0.024942536584526165
0.0019430308682971686
0.0038487129444794155
0.006330976446264569
0.9996014048436259
0.9995294640829822
0.9995425456719076
0.9991942885000409
0.003401652386319509
0.0002761502766108759
0.002139187591034264
0.024909487810478192
0.9958267956526858
0.9948203241554109
0.0010579027756885129
0.0003079648323113249
0.003966490525851296
0.018342821109041396
0.9082474312050143
0.6981110017687311
0.686333206710369
0.698871269191451
0.7182255907173354
0.14050060942572073
0.10287407959653727
0.12930535833105505
0.13429975580198705
0.9216859275445737
0.021023358050150875
0.009675834747237988
0.011332543065749934
0.892007056058776
0.013697211820644761
0.018407842951840392
0.10113389832673847
0.32707117298572563
0.9974677282474697
0.9986035607636109
0.9997494086337169
