0.8315998430429479
0.7514010659050109
0.3602477297754061
0.3641991490779034
0.17574864956888236
0.7837375048656661
0.2174585508259289
0.7139630293084398
0.9162734965566548
0.08461113933737241
0.10121794790713634
0.10176108218234658
0.8159580250157455
0.18510429901385084
0.08045097182864558
0.720643647841691
0.20594415735835325
0.07959409345194879
0.017028243158693224
0.45328801069005487
0.1912519212620346
0.28514154948501713
0.6948291976046277
0.9991586696747247
0.9970025286312579
0.9949036539746219
0.6155301341043953
0.12702297790186567
0.0008997048506326211
0.000639735125838814
0.3543218171003337
0.12583327887428786
0.7215149959769163
0.9966864280215266
0.7120434811112932
0.08020229253586986
0.0027443031946587926
0.0014568159613393972
0.0015126848648093771
0.9988522112772666
0.9996340873248044
0.9997525852436588
0.9995612051047877
0.0033857338354851274
0.00011657643853935085
0.0005394299351183518
0.06932441924870159
0.696349544066383
0.18916476610738264
0.00617183612882366
0.0026911595053268345
0.8558562774008223
0.012099264629798712
0.01697835404325454
0.03462932055285706
0.983268699492513
0.9867757807918852
0.8718785513714867
0.01522026547928057
0.0036095930555009037
0.006842214829370086
0.8553748218983591
0.004657177824050729
0.1384527035962152
0.17961416325104562
0.04623917297598634
0.0361155701050746
0.03261282340961735
0.028929729692782735
0.973770923842502
0.9815112515300721
0.7316670829235697
0.8739874129232458
0.13963414588518874
0.0025794076008174294
0.00954105258954241
0.002516761770835152
0.0006315895077861899
0.0005975989871276344
0.9977316383531291
0.9968851953392073
0.9967731139434086
0.9975428182924853
0.001284514766616618
0.0010818834831430868
0.0017039169567143464
0.00777124937620044
0.0014254595646020496
0.01861023002941542
0.7634209026475294
0.9754421980601304
0.9983111692178777
0.017172894938393357
0.010533680020674008
0.006500628731742508
0.01601183609300172
0.8644348818827693
0.27506151862297823
0.059976477574539055
0.047112929262459136
0.029894741440389283
0.04291465586882137
0.13083392135859173
0.12385305960204851
0.1268181577932337
0.10350727816068583
0.8760637977315123
0.8651135830438093
0.8581515777344283
0.6907810151424296
0.8945049923340085
0.967528106370765
0.9649874167910177
0.9881884423902785
0.9965375874737498
0.9949726935354226
0.9609573420926237
0.9646183862424461
0.9910513793915311
0.8196656874961065
0.8612235517186786
0.8583717980733878
0.813629366849818
0.8543526902297652
0.06171082844176723
0.13962664589010476
0.13540016936399468
0.009312661266883904
0.00912651871619996
0.004821530697357024
0.1469451151585972
0.17758790140136682
0.3929516192667746
0.9730983008724193
0.9755343345156728
0.692914095418071
0.3571680461180372
0.35423205932556057
0.7797997817804105
0.8949928556441104
0.8423184732422123
0.407619038870386
0.040911981626833294
0.2236959994244394
0.5879034555049619
0.9544719755227747
0.9550646411200077
0.7311169374524596
0.7233089106848123
0.443777868914619
0.5695403442145284
0.4143159610132924
0.39795488790096134
0.0370345721858053
0.036878401893367885
0.24605864061100413
0.9784345364988627
0.191681130869076
0.17013631595962753
0.9544177831826097
0.28465665297910725
0.11712617277160142
0.12649583746925297
0.7357353834173196
0.32844456231490304
0.7436408011858835
0.18446978273005854
0.3204471666890477
0.4137606152121802
0.9959249593788674
0.9987516156512842
