0.8578541626803566
0.8181591234456294
0.8395390986437785
0.8447300606035776
0.8519445575143189
0.7274893262468439
0.4841330757401817
0.2301210545602731
0.2408220808758469
0.17443754724292182
0.16688764704150638
0.867455023456148
0.010849963258237505
0.009506256135006108
0.012024849489460698
0.02519462399207506
0.06369631923571795
0.1608452461674994
0.90373017316569
0.7968379975475095
0.2670848801014323
0.14048407806976693
0.227529123198146
0.102029960587805
0.09141515769079445
0.09799969567525313
0.08015781569748959
0.8533112554223354
0.5656690264811339
0.9088272608133957
0.26309116591425163
0.23055404852102435
0.7866132450071387
0.9104417582513362
0.9108863948603199
0.015161143283758172
0.09027311906138025
0.009487009439128835
0.027775513097709648
0.19886471664490935
0.242073914263776
0.07340000111301503
0.761230263914737
0.047142878444892955
0.049173811409232826
0.22619257088211508
0.4588856133554764
0.6900789415810964
0.7591920227397226
0.8179843137124894
0.9424362033774155
0.9972196427946182
0.9634730781278269
0.8622501663439331
0.9373883396866571
0.33295464485527837
0.9363458667591456
0.19702746798714654
0.1463440249241671
0.13477545934112878
0.9940149509769975
0.9938672099847884
0.11858583048457705
0.1294413785129086
0.08361223257931949
0.6287573547825425
0.3799748193867818
0.1623892265220812
0.056891769121384606
0.05610853446756292
0.9118254945816809
0.9554511982001537
0.45686293646092035
0.4234221869472734
0.4899661677901922
0.07451782740406132
0.19861772522989574
0.02440378434385082
0.029319444939217898
0.03925612975995307
0.05225441742524983
0.1599594882513169
0.1359829065917546
0.24264495355309956
0.22793090080105527
0.24135917679707553
0.24147413536667794
0.006879702297873935
0.008633025031323904
0.20077948825104885
0.21429849207187301
0.2138834516905349
0.34189318738321606
0.1468576849683706
0.2654853849366585
0.7428373454033288
0.7376537536663881
0.7070061292327097
0.6016356731565158
0.672419755718476
0.7094719254549476
0.6715186690744963
0.7936640712248799
0.5632693037507654
0.343345844577606
0.5484051793932758
0.5245636811225586
0.04109328256577305
0.06548129791992552
0.051334775100688734
0.3037374809144431
0.672927705539627
0.9082458177999977
0.7774202664786591
0.48880135549531767
0.3890825523647994
0.5564148205625848
0.33161459196993603
0.6400759438377279
0.6001141510120117
0.6412495472213937
0.3845620121125036
0.3381100092670136
0.557260762205691
0.43337200965679457
0.1511505645739477
0.5562304249065815
0.8090066551618705
0.6525844321592585
0.5651528930894877
0.9276429953733039
0.5936874094940201
0.36008953793093657
0.38829452355795935
0.05364330610575496
0.031387541434410915
0.5180110751192956
0.9369861445104773
0.2578907297235441
0.2704106752458437
0.9975440242515704
0.9987704498127004
0.20217047088318107
0.07783857173570385
0.04649654809392134
0.8882604428122619
0.0022121412534037432
0.0013715721549524273
0.00962274214404557
0.8235115184319256
0.867399033484637
0.8705871432881557
0.8805218756528304
0.7786786410236227
0.7731457134550843
0.139331016039131
0.022731322377646745
0.19684939734417717
0.916483806394812
0.2696687682610891
0.24037073680774312
0.28989561878372827
0.9897096983416062
0.9941456463672498
0.04472002137478648
0.037906836534391086
0.8509995237426533
0.8082293633906923
0.8875525340475089
0.7427126804226621
0.8235797792950617
0.9728651214890306
0.9851287031971652
0.9861073760498679
0.8968532466005215
0.9675926021601248
