0.9939181505616937
0.6963400163070859
0.653583456906753
0.9604473717999114
0.9974392244820408
0.9956578981076417
0.4784898337439597
0.5154084566503618
0.8806830050962082
0.9978503677263048
0.019603174750840724
0.00564929546786852
0.0032414701836787074
0.002990218502562203
0.003433932011807417
0.006069012208394287
0.995676360132102
0.9380988339471621
0.9982842981343584
0.9495148277878893
0.8836135467407937
0.919181250187182
0.9866462801089999
0.6419711448703831
0.9749141510774676
0.12807998131289478
0.025571471635959075
0.0008306348265734176
0.0015029212261654656
0.0064720486578701
0.7509681398776584
0.653379753401409
0.9965562046954093
0.6425168847138975
0.6182273632543608
0.6525415465002307
0.9973185380296539
0.9991056057888874
0.9932546556784061
0.9992566753148543
0.9996804453841641
0.9995200617727402
0.9990003136432586
0.5823150348870616
0.05184016443564854
0.06505581200540023
0.9976118278519197
0.0027940690739892693
0.0014492917754145296
0.0024275488879300644
0.00039169058891064257
0.00012721553021532994
3.0158127070301077e-05
0.00013106132722606745
0.00033248004339792026
7.985496005624704e-05
0.00015624110024681226
0.042692285794701856
0.11814955298219532
0.0006177370137124827
1.4566039333030467e-05
1.3646408043022085e-05
5.2957662830976915e-05
0.032350933587307895
0.9977478420172736
0.002104320937515114
0.0017272861527083405
0.0011590521638012996
0.17164895439338124
0.8921641542604132
0.999850877661252
0.9999931895529742
0.9998949954806702
0.9999491306013952
0.06493235151175736
0.0009093351099483948
0.0008725908609994448
0.004709218039655405
0.9973760067290178
0.030087626099602915
0.00013122896680395346
6.388955946512453e-05
7.342877740101894e-05
0.0006651003786102283
0.1177104520853729
0.9683887304626425
0.9574094122138087
0.9597655381593381
0.9538910776813644
0.007238349755378404
0.000980132875020523
0.959626339052866
0.0016177957972384194
0.0012879106658043593
0.06652576837231727
0.9706203735694705
0.32617638968223006
0.004100092766788799
0.002921016634022
0.0056947383815235675
0.6935319578633083
0.999999995159833
0.9997101571773871
0.9996829598219944
0.9999999956759716
0.9988599021112423
0.0034273536060498433
0.00017465268871774686
0.0011995556612300895
0.0259830503702827
0.9999845518645832
0.037768221811322
0.0438714490358717
0.03624259876507885
0.9538023859664468
0.006434600934971391
0.004277270234207764
0.002436878800276987
0.00038392299687839415
0.0004360820452243841
0.026445202636530052
0.00012670396335134892
2.7510312556877636e-05
0.00010636756439208472
0.0044957100864428945
0.006082559257331588
0.0019052202835361243
0.004839039378739085
0.9837347454209022
0.27225163376539874
0.16794540088749899
0.6834172466959242
0.5912871539213747
0.994678529579575
0.998437221261914
0.9972284635020372
0.9933805827184058
0.9985595635945097
0.9952674010268775
0.9967059479665124
0.6512805240133952
0.6185651096701446
0.5990129103656865
0.774834612585882
0.6184047452818995
0.9405353701661208
0.010055903405143507
0.010336751866297678
0.0624932917725296
0.06346216136144345
0.12480774706283404
0.9963311620355951
0.5337294913694587
0.9217522807904271
0.9949351030136336
0.9569864012382207
0.9914831889919081
0.9512002080061979
0.9416421450913218
0.9956783274928005
0.9926146022739522
0.0032951265076603953
0.0017753380665291862
0.0006485738601477165
0.0032025471119832005
0.002767282947412242
0.007930590891519929
0.9735183255299045
0.5784489139497573
0.5807643171890766
0.9830755310738877
0.9206398217315295
0.8832334257421439
0.5353263582724193
0.7230396694837337
0.9959232467146952
0.9985667529731792
0.9910015521305398
0.9938394643682466
0.9997653211076718
