0.006355048981280309
0.0037071248447363868
0.003013270998195294
0.10969881358156343
0.9017511132854052
0.9116395151798096
0.9977160718330349
0.993656607285152
0.4720096317612773
0.46271455031321773
0.4665238315536073
0.9897701091177062
0.8542847946450935
0.828006291930617
0.8334652998650889
0.9880857578862816
0.9896069821026181
0.9741419207553119
0.9690674089359268
0.9653924336360704
0.9624934993691623
0.8235333848971353
0.16099267177773463
0.10928818261052708
0.2197301821381644
0.02308897347605533
0.07570379317987008
0.02731559131599519
0.07714775235404467
0.015296333004224371
0.0036564816151278263
0.0017000958673695664
0.0006153734658913112
0.0006942841081121087
0.0004407029068959733
0.010600009805206345
0.05064019397467262
0.14889284412295128
0.9772484224618498
0.9452438946049513
0.9844255580958674
0.10431141199918748
0.0009587159117213417
0.0006243620535889781
0.0006769460115452097
0.002414430610253015
0.9996844921042818
0.9998484522163074
0.02023843983030883
0.0017212189208691828
4.522508797222269e-05
0.00021866122581021272
0.00018193919515075983
0.02621972329634644
0.9999919573779967
0.9912642559252929
0.9999901827655775
0.999976449946294
0.9999982929044466
0.9999996613309561
0.9894472218918042
0.02808952567807512
0.0001703742474461256
0.00022845291967316103
5.3407276315742265e-05
0.001722249769653139
0.02284740585546101
0.9972204882137581
0.9999923832439539
0.002073011096041677
0.0006470498060856089
0.0005981267372692
0.0007201836200002143
0.08915193101150146
0.9701117347239987
0.13034138897138942
0.0036504803176783283
0.0035163325796067177
0.0052548028787462
0.019138752780104115
0.9998758524238562
0.9998466658906444
0.9998346251409671
0.018716146687596913
0.004815482313479946
0.003336058509396489
0.0035846953460743733
0.17271160854952902
0.14655575594011727
0.046809626659282566
0.008488371773865643
0.0001151734396527937
0.0003289508577402178
4.418828106680372e-05
6.704087855470275e-05
0.0033806729237764285
0.01479480174521256
0.04443264776373665
0.12883728228091457
0.8727696912516192
0.8023493814025184
0.977079495962252
0.26269631758277184
0.23704361533572185
0.23656859221551038
0.12484470299133094
0.19246337368988248
0.8812148165057592
0.1217053942522052
0.0009238506096327259
0.001672230424586596
0.0014528548322815136
0.0006536279794065347
6.019977516230623e-05
0.013272442623134716
0.08825982819171219
0.9922318104452161
0.9911712322325634
0.9923125008318199
0.9896659091209219
0.08098588120178707
0.01670036533379978
0.000683120817189009
0.0023029080651415955
0.010298511003584187
0.0014240998511524383
0.0007476125793762999
0.16728236689127188
0.9825824441591935
0.9030022735879635
0.9215800240466558
0.16965838660646854
0.09806934348177795
0.0971573313623233
0.5183522776070739
0.5265036349548581
0.007680249253031101
0.013589378927374584
0.0380649688687361
0.14010967774333283
0.13349792212762218
0.13014386979613085
0.007040030068531488
0.03194432988931641
0.8536780205971457
0.3437064086629329
0.4952349709329472
0.4617179612293095
0.6044394522091869
0.9656258508042037
0.5429377825928632
0.5516268062747094
0.5805362333167405
0.8253853189287761
0.8336875087014208
0.44380610016241234
0.561269163580641
0.24358846894206262
0.17576899161889986
0.47376936035341666
0.7100161658930026
0.6041235642532405
0.672926878252226
0.6563279494943632
0.6185826586363642
0.23560466381948028
0.22691569059763342
0.8424028007704591
0.2553741057713394
0.4725446543527801
0.9049119211333416
0.8524617427891368
0.5523810720205128
0.43670230003833177
0.40309174725424407
0.5447186771087704
0.4430884889100167
0.04342183254889678
0.0445541042967785
0.39455703271400494
0.2504452679386173
0.5955846012917081
0.40049147789541334
0.5144564600511858
0.5597316701702603
0.6550259011942856
0.5125337729502143
0.15170426472270493
0.03244579619045187
0.03410324492283123
0.05402851939658351
0.05238541674153972
0.04325510605587813
0.04064404624423414
0.04090573683204213
0.9915438056341326
0.9853453634861602
0.4653656321295662
0.48523336401785877
0.5861082459275172
0.48810249396191774
0.44034536765160925
0.45416298175831404
0.44550533147579713
0.004595437411886005
0.04324638228819458
0.4378945754888735
0.4466008743568926
0.2111819639353587
0.17003029810992562
0.06941285955336833
0.8313202323648958
0.8572052278854563
0.7294908530110016
0.8225517538884974
0.6194230965230356
0.4813401107774473
0.3739283564428756
0.41582757964950723
0.5279856815408688
0.917032125765914
0.9285082372721394
0.9255229008721717
0.924484510408436
0.9721453501368085
0.9617774370461156
0.9476970099485467
0.9318142452164915
0.9420233589300591
0.9654159626576775
0.9710033824342523
0.939172212602714
0.8374435868203383
0.7086626955878745
0.7339571518540726
0.9955518275588302
0.07248076561211539
0.0034698207615902585
0.000552961172782429
0.00040273874565536214
0.00033243816099056686
0.0003660911328808747
0.007041495627267768
0.04542515534417547
0.986221871294765
0.9824116026107519
0.9904758762993575
0.9953566825445859
0.9995260394125183
0.9882391898813658
0.9802728706470829
0.9845027213712296
0.9801761651441396
0.0581068930546125
0.014160666401175291
4.8067358075842834e-05
1.7779459355071745e-05
0.00035011686210330013
0.00011983622258640025
0.0007269822913703815
0.06309307189349055
0.8517874659351141
0.7080659969725196
0.7302255886767153
0.9647092173414888
0.9617715698295073
0.7441552867710749
0.6612184893152852
0.603053718996513
0.7171164347298691
0.7985567797943006
0.6294440214022667
0.6946657059987549
0.7604724985239026
0.807336933524273
0.1383209831525296
0.08938845675471493
0.03626127575405954
0.01966764677466207
0.019089108838527234
0.01853215239896215
0.03905731065018418
0.0023087887625981127
0.0019221638881846024
0.0413546667751011
0.20110879216868244
0.9475158625766769
0.9900733325055056
0.961666191622653
0.8386733574517691
0.8360641135520694
0.7955058268934726
0.8141156607483966
0.9917717117012812
0.9687762712468981
0.9661153287961166
0.9589262799981393
0.9513521717082338
0.9171508775815695
0.9643352234769207
0.9948421644463701
0.0024468626249792955
0.000822738895892805
0.00288550144727413
0.006121172336890978
0.0038188550415658826
0.9955004208706517
0.9929119020706263
0.002766578289938326
0.00036291260670534564
5.8300777663533586e-05
0.003157309717235479
0.0045811426601877975
0.03329996722450944
0.12004306388107171
0.9999977491821723
0.10266270685582035
0.009793080259906805
0.0005934173042338786
0.006238924180425941
0.011232753663477901
0.020017669892984313
0.0888293642966741
0.9999964700480402
0.9999967445890594
0.9999855416864627
0.9999971310053899
0.9962073869596528
0.09373014994673846
0.023545453333046893
0.011672596600795792
0.002831218543920655
0.001320523274219365
0.013490884870378117
0.1034814877985887
0.9976151559681232
0.9384857394573682
0.1337628908934715
0.055906363225174865
0.02524583647268895
0.0031544883911406637
5.9588108822794525e-05
0.00037100901378144257
0.0006410097307951834
0.9999940804555882
0.0021737990561819906
0.0016532718154914526
0.0016500265287575644
0.0027254919784133746
0.0042215023660373
0.9831736140795719
0.8082390859849495
0.8416832195543293
0.8046937684717124
0.8021728741126934
0.9464393512857632
0.9685889280055875
0.005457744807816911
0.0028187596872627394
0.004055477695292153
0.9996303810051996
0.017133777248890078
0.0011360850371416875
0.0007514323024684355
0.0013605371366226303
0.0011654814358024845
0.08104834553787438
0.9868370022332549
0.9799967037204296
0.9992285288376368
0.9994908243292311
0.9999176734915489
0.9701861704629302
0.9999608411692313
0.07637935586292065
0.001238950344808143
0.0017979445956651239
0.000619637365277581
0.0007831295600067678
0.014472753359288036
0.9975690487444857
0.9964280608474421
0.003181820767341803
0.0037534351470057676
0.010147209738655183
0.2830705617239566
0.07589645617970056
0.005258558806003111
0.00030578834765091487
0.001009497191542663
0.0035150596346453897
0.03867247495572602
0.003047047744149078
0.004971814684866549
0.012048801560746725
0.057734290343045606
0.474040941084691
0.5680506517283036
0.18862917643088595
0.19439031257336437
0.5941314897946852
0.63178479708536
0.354294910807122
0.5747112609652814
0.5330057824735193
0.665880280666389
0.8058167159343823
0.965635907312391
0.9795775648544858
0.08441909108509323
0.019508074385888773
0.00784335376574029
0.00549555869080276
0.0026603438493402742
0.0016761590792130465
0.0011744206124299382
0.0033374355900051556
0.0018876757546410937
0.9683349044177703
0.9540636466902856
0.046073772771008686
0.04825620516694787
0.04989806676902536
0.12444985840430017
0.9729814283189198
0.02779151695826103
0.07380052202754073
0.9650665148349249
0.9695448000589348
0.1163772685853147
0.08081978521777923
0.07996514254279866
0.004339240849338999
0.008909808831950227
0.9030383966608035
0.9911499501578283
0.9975413779914635
0.9916325242888049
0.9905763517478752
0.09297052220513012
0.09321887009355218
0.07076423852759618
0.08200049333459669
0.12419674807318591
0.9830430295440746
0.9795495366498324
0.6352818648701692
0.6634452694602405
0.8952216341366064
0.3322004143055204
0.32814210996277327
0.9749040748963513
0.1144005510523871
0.0398122903261908
0.018010471500540248
0.016540769998458348
0.9755759199200795
0.9684462132568581
0.03099407263029381
0.010853419356878013
0.004707545414437153
0.0050399665917199125
0.0054910894335080335
0.014824913790517579
0.016152348560468332
0.006303505860936875
0.08163986102405502
0.9861362763389803
0.9912822762225302
0.5193709375117246
0.4104051454574035
0.4436531331832819
0.4485065263213214
0.4441277997758426
0.2813228501592245
0.5078903368674117
0.6000241771752152
0.20523512538878474
0.1711290933374632
0.23150506064452656
0.6149255994532034
0.48685939708058606
0.6148138345025745
0.4378874465541637
0.4029418642478674
0.4066368624563391
0.41466141765738296
0.39066634661189253
0.42991103674329717
0.013630001987335083
0.01047042220449017
0.33197743405953006
0.010074229194598439
0.013139574517403007
0.036072039838803256
0.060717897683642594
0.39181828618783443
0.07683985512906558
0.2480784255754156
0.6510840003959594
0.36315932854961347
0.0023140893249837258
0.10116077669158863
0.18551835863311097
0.8646620161746714
0.004104309204661083
0.0022306443211845715
0.002344076999980682
0.001851652152110128
0.0023949594237086865
0.14378057196628038
0.8825337972999128
0.7153831105891535
0.6753167311262334
0.7135933741021944
0.16616213352636114
0.1707873598450889
0.04909873870616794
0.0300880648079884
0.03158500829779865
0.06490569171911773
0.638124133623459
0.16942677850021423
0.04168658843493924
0.044459000515685826
0.13851467403508055
0.9055954982289149
0.19492237693528544
0.059472645855979285
0.022882035749919982
0.008125608330968837
0.011220849705896917
0.0021593739869607883
0.007336588102366492
0.03567913485384974
0.9528301506333012
0.9682091489373361
0.9551057928503555
0.06771782121338742
0.042042137587463
0.026949274439218074
0.008880724909035331
0.018153973123105602
0.060788399317500914
0.17044693959173463
0.30953093527767184
0.8775178732993802
0.8946942517811431
0.8886362267341172
0.8469459688702481
0.9085163679379098
0.884424797612293
0.32550698762918845
0.002002355281511814
0.004964064576319171
0.006083397248525712
0.037453732585813804
0.07453989730098465
0.028128309520680825
0.011127503788247194
0.9261383508070631
0.9294031437677834
0.9372989580069773
0.04917806998717354
0.043333838381168
0.07476242057073425
0.07722741070924609
0.03981463125456418
0.03778323127198991
0.036462861020310676
0.010560026117709974
0.5416201444729374
0.5845145845068218
0.8283228444528001
0.49085008674085256
0.5267919511771153
0.294423474749472
0.13137829782323016
0.16206224827384746
0.203178463478878
0.5725134027723019
0.5612558970720765
0.5587325780542989
0.5452593000619865
0.4362235285521237
0.6873629107051733
0.17952950411897678
0.31506545326133295
0.44303122957100893
0.5236152424995965
0.3904148310734736
0.19524178696213562
0.694927925272443
0.3360239326092061
0.3032926803707368
0.4060152020530986
0.7199644775173939
0.6837885982106688
0.7041600419280927
0.8741059531579103
0.7224451131062701
0.732709860559591
0.7599820935548283
0.8025940055039806
0.8436151695199909
0.8933992163297722
0.04403447174949113
0.04347587925132553
0.0891601703618508
0.03461587410380296
0.01745284456915771
0.013668357132428631
0.900397432614793
0.9127328440374782
0.9508445928830063
0.06420531673301212
0.046533158724454834
0.04981087079655942
0.051465590398535405
0.023001272948028492
0.035244225223777424
0.8577520559746057
0.8742857601646248
0.9764707396170396
0.6325709003380554
0.6004997715544192
0.5969921612475583
0.6036104111946247
0.20596583302341545
0.04831222465724184
0.4177660240349945
0.41035174765240023
0.4016078010440941
0.4954746909155729
0.8267728022940968
0.774212212981298
0.842813220760499
0.5646623483702876
0.4115553419079956
0.04366757150859239
0.4992939379699491
0.5960083692715176
0.5916940889314208
0.24280728384071754
0.0856877520909062
0.39125009434803804
0.38550797971787076
0.38293128336498505
0.38116478737704385
0.006435187352063453
0.006247284902834549
0.004399024045921618
0.39298963290582756
0.9165503352781872
0.9046742980522287
0.938541593244292
0.14474768273986297
0.0017780857989128207
0.0013936556970021385
0.004933196970748677
0.9788023932742838
0.9817064003548281
0.9896345835802574
0.9887855731627535
0.9900143626420361
0.9978755079578836
