0.9201534254075632
0.8666924822315463
0.839194730046583
0.43975270264849564
0.44607266018676284
0.7907173597112634
0.598347511713641
0.41717288952364406
0.7592302217763806
0.7921476343539513
0.045403554278515945
0.022572473589922537
0.04680608422442367
0.2386408614185327
0.2359343271780724
0.292392228289325
0.24624664710086053
0.7054417131363526
0.040801297647018675
0.06437680850899008
0.050598065497585276
0.8798524742229878
0.9198491351463591
0.9046124022759111
0.9328671950376006
0.9818550640455466
0.9405318349493147
0.8706907331301889
0.7634379196177872
0.023505738460011916
0.0316597102265157
0.04514614043370513
0.7194963300811885
0.522718925614869
0.3330486920133521
0.2881958860226054
0.33079335375522634
0.2591435234540189
0.266794314669049
0.9623184472625166
0.38771603282222744
0.2956568918948572
0.26777612445584
0.00675532185645078
0.7081711572434671
0.04211989860679255
0.04201990753493845
0.00695346036300537
0.0016664234107579556
0.004743880489587071
0.03203991028576514
0.7238057644486372
0.699435989811631
0.09778060804200928
0.3386981435716788
0.023092549934150552
0.639588752299592
0.004000273742040261
0.003222434326672796
0.1105967175618705
0.15956708733089253
0.3663168204214865
0.8944496641413039
0.8995682938002671
0.8953090065926994
0.08546103274798478
0.038109998059432715
0.07034602405665802
0.06550176321920076
0.06782542319340967
0.6900039558759494
0.6683164873234585
0.04714017971013684
0.04439257488236448
0.12114208802674287
0.7265462928455406
0.7498614971425656
0.049049183429835885
0.2611113996529876
0.26144599950449443
0.29931180222089937
0.005824301258015696
0.0028673740301121686
0.005800934571210115
0.0073799967777335995
0.2635695492115857
0.35413359467019756
0.9313646969425915
0.9661828383322832
0.33373302663712745
0.04749949985805868
0.02881331332953485
0.029644702245256727
0.7498072452898739
0.7621070285723002
0.4700788856470841
0.4659834271252865
0.9670633368813554
0.9528556191976364
0.09725229360686616
0.0006500367254199668
0.0013508797998639244
0.12815644005211713
0.00934717297804144
0.736592163107973
0.8290929238031811
0.7393885950131177
0.02689929221232279
0.2647988491822286
0.02032416577015872
0.005256180465223248
0.01803745914138455
0.9933096191210722
0.9848334475604688
0.44489581218774166
0.27391126499388896
0.7505921054921767
0.01502359266401676
0.03293338245667765
0.04769645142801038
0.2743509893549564
0.9999647788858466
0.9905748085180217
0.2555135537368751
0.05701457906779395
0.7492605827837695
0.7439333141038864
0.7813361815608599
0.7738849357510417
0.02682718619479252
0.05241524802340769
0.9820358992123257
0.10772375070294804
0.11993300662771134
0.14689843647992484
0.0032436848588425216
0.634243355757241
0.14768888669760838
0.27407186837574427
0.9982339911102298
0.1863471422653592
0.0025140657193003513
0.08641339324813302
0.046535094805734034
0.2815366250569895
0.9994573295090576
0.9980271673082513
0.978690497746086
0.234604613536047
0.018923652794788914
0.00036304360647432254
0.0003771738555599091
0.006738395708281608
0.9580863873109068
0.9603648676510214
0.42547899806648193
0.4420884241725981
0.7960674215828254
0.6695140576705126
0.003354165381024954
0.0044760840718387485
0.004841189133343526
0.3434506941646419
0.9990038047158224
0.9858068730522906
0.648639560506569
0.48417388693505603
0.7700017119570239
0.49389286330548743
0.5055878764640813
0.863136327823568
0.7957892478152231
0.47847756038294786
0.5322936851687252
0.6739032207812894
0.28036361012561073
0.30446012472047035
0.6441345897098394
0.9803496347836553
0.9963733954279462
0.9940133905464601
