0.8303338198029226
0.869004399863899
0.9223760366580607
0.959293812314902
0.9592606507417436
0.9622245830840395
0.8398646147230391
0.9110098371255209
0.2614263705882116
0.16432879742114492
0.15453511232384698
0.08291932295287602
0.16371968039135226
0.9729869021692739
0.8722979027021911
0.8853502309524881
0.8852433806679829
0.16216120310436807
0.01925488432175465
0.01691217653588648
0.03842052773646859
0.28618480243245825
0.01662442317502495
0.006858621958584698
0.00800256867369883
0.007732768760998976
0.011527184617037488
0.9866880333988297
0.9872229587216537
0.9870644695815562
0.9872134267618098
0.997415134667053
0.9978424880363594
0.005859245277555224
0.0029421125149378556
0.0014251650282061101
0.0016505329442618732
0.008468672113494712
0.9119604297669961
0.8199289544018966
0.92604162388691
0.9226663616858835
0.936417031999889
0.7876398265060072
0.01955381111819756
0.01672826795445943
0.08473475935587906
0.9570070184968624
0.9665190082179849
0.058952600432781464
0.0003684087188973728
9.281529319558056e-05
4.251027459133416e-05
5.8731364064201756e-05
0.00652717584953546
0.9996990043618774
0.9996879398145595
0.9997487433662169
0.9999444336797376
0.998610778364919
0.007853358058360882
0.00039896357141929736
0.00023341945176905685
0.00015803891335697262
0.0005668237399705567
0.07513934792231965
0.9692395030541505
0.4373965111861634
0.3942659656310969
0.45127093252263323
0.7902586864825865
0.4433976951687961
0.4722264632124512
0.6072581054522819
0.9751898414770932
0.48142663682794506
0.46790221879425364
0.30362673585598976
0.5889049969898353
0.4039972941195423
0.2272246631030146
0.2832396993197275
0.9912403019464964
0.5782822941202871
0.029324456862739344
0.011112630283746682
0.019069757791490758
0.4211649276744097
0.40505541815758667
0.9452861780721578
0.6053731252580845
0.25074278463747396
0.46461246936259326
0.10870057487360435
0.6908411629260227
0.14410633816085078
0.2855496873720926
0.43068562591526943
0.11690778613887892
0.1558435718858059
0.8098783567553585
0.7996905066235881
0.7834965361554181
0.9317175211029851
0.8955620804175206
0.8750181664943628
0.9556742268392366
0.9686843755462933
0.33376511120767305
0.339826369892597
0.5432675857725093
0.9887481084879195
0.5760372656394998
0.13703247635790572
0.05848286506006951
0.004453764455428743
0.36320709526174316
0.3795999599020645
0.45097424808945996
0.4362972527815606
0.41542208607750514
0.36040531097897904
0.01491160508389474
0.006575324093495638
0.04029525141705119
0.07507505866747577
0.3835172116362706
0.9958010604396017
0.9951314136453409
0.09136027190335612
0.08713441662774948
0.10230832651800101
0.45895687964495746
0.5063875249137534
0.2517169316718754
0.10857102244497085
0.18392576385077825
0.146605125579959
0.8738818373874253
0.37166682367854087
0.9065363713950745
0.20747319704072487
0.19912912721468334
0.8343609958686766
0.982371777762727
0.3995497512180671
0.35864053294316467
0.3968725166016147
0.11627191144471404
0.6895215064703419
0.7776642881458117
0.815042735157667
0.9939576362073648
0.9965007826622192
0.049363195097594265
0.06576172871676098
0.05593686853789797
0.4160723455919321
0.8505343633576319
0.9946712372397271
0.6347216984777744
0.5205550257328858
0.9661627603834453
0.4190375290407401
0.03088248875621585
0.510732541788692
0.49802719494561015
0.00355730166728625
0.0076085451723128415
0.004006349710681145
0.4066034557049473
0.013847921778230353
0.005034782198696452
0.12930505967316774
0.5805968595647331
0.7712067289099392
0.9428435928298982
0.9744644989428168
0.8479889118690869
0.63514783385821
0.5580108053542842
0.11881209733159327
0.11817632433515035
0.12104883489239997
0.6019755232714368
0.99504389409263
0.9927623124441982
