0.008431798193570915
0.0009974883896395113
0.0016745945179930666
0.055285323990981024
0.317913079842686
0.9804254731854052
0.9999825940138232
0.9999199763326954
0.9416144462549232
0.731151002938483
0.004374357035209808
0.0005731209711621332
0.000424192053971939
0.00023558441327611312
0.009278860377037422
0.015042209622490543
0.07280893797318105
0.9248575528500542
0.47474333804782937
0.4393313001347319
0.41095893276478745
0.4170507203620934
0.17756337388119542
0.16405922552495236
0.9883944283680164
0.9945351623966787
0.4387089360251691
0.006641886811950759
0.02087239346662093
0.5597696632901441
0.5530993440268838
0.5579960284928875
0.557974533436534
0.00334838011246249
0.0033788243736396994
0.43984953351576067
0.44064519404418845
0.4405374318713615
0.44157706065582575
0.008100405712428859
0.04362420863563653
0.5138831122389452
0.4706412923270596
0.5210131842545559
0.5566249485062793
0.55861806440474
0.5612528779138184
0.9556678670639513
0.6542231893988664
0.16390199249269077
0.42685860630257155
0.4360345926121624
0.44146048233675594
0.09045892164753899
0.0037017217231945397
0.0028859217612979826
0.006810272531645589
0.5566766067307016
0.8062328937312753
0.6564923461790713
0.1320386398412265
0.3787948419615715
0.44212342644080255
0.7418618343831382
0.6295245729138181
0.006609385401292888
0.0677698091587667
0.06772467360438193
0.08544948675798374
0.4476604205484223
0.497663957136695
0.9889980781735326
0.8397267454232977
0.8852226059980011
0.585058412067265
0.6213841475503077
0.04694627687366228
0.007672157439557802
0.03294977960605258
0.1736660212165122
0.7325504566898929
0.05477469317278309
0.012713078797601328
0.5291281231672369
0.011109765335195964
0.011036471414018666
0.09891608436841975
0.9918018781196889
0.9850114523631905
0.628742667040414
0.5575336256828565
0.0054214701904422785
0.007481566054132926
0.43610894965383135
0.43113884903387384
0.0020804180998104434
0.0004093983267162926
0.5581761776470155
0.04511024135247494
0.12349771643057215
0.17406237065242336
0.7255343711731388
0.4330717707087571
0.30069800659547913
0.3040930515195819
0.3911796559991888
0.6109443831612491
0.6031767390263155
0.5669248453497402
0.1466851635159786
0.0447120772265949
0.04797645456811595
0.11632613893289533
0.8982089589848834
0.29480577606422687
0.467184178981956
0.4310311730632197
0.9539471657387537
0.9382688007415869
0.9432679989376049
0.42477631139632055
0.385950840204686
0.4067142476270753
0.41274499468187636
0.35024825556335193
0.03216775214596855
0.5593841972949347
0.5607825863809162
0.567957767318019
0.5705420146969715
0.025779802764377056
0.05901538015484617
0.00991749018167014
0.5655099445324105
0.5280570723261657
0.5676067897027359
0.0056155110123011776
0.006401735443835454
0.5459976918783853
0.43178550611929345
0.4322276092252898
0.02420087227406785
0.029959850054182124
0.500479163098148
0.5933183137161945
0.18259410796929823
0.07917222508714976
0.0038772066670668456
0.003630137113294063
0.009376698539706251
0.0004884788363156978
0.0005615431059039388
0.009862089126338779
0.03467950918873683
0.057352237375955455
0.012320780784735896
0.014546190527137914
0.9182916321574139
0.994822253278471
0.9978569920486857
0.9920744458486819
0.9440784577780093
0.9493030453061271
0.9913676197351751
0.9965649212967986
0.9841470075750247
0.9721547437694216
0.9739819173784423
0.9732361313613818
0.9618432986442704
0.28400028332322663
0.31943209495860414
0.980298998991499
0.033139150759681574
0.017514075801057658
0.013059159364195237
0.05218560263144851
0.25983756049402246
0.9871713665382951
0.9920045323334745
0.9774171450604485
0.982074565675052
0.24910829822291275
0.03384003322894088
0.0025417114143416295
0.00944557600892646
0.026715611356882895
0.9720790964999118
0.2972429587881783
0.3273147314935724
