0.9992310754450593
0.9546593162350423
0.9640135200544061
0.9782909483466701
0.9374549639978395
0.5268561486478159
0.7997515628185057
0.3882371821850915
0.1532912923081846
0.7646950600359111
0.8007475556657171
0.7594689168210059
0.7904275416795215
0.8105591262551293
0.8411512767579944
0.9586956859617061
0.4230789140424758
0.0906075327603586
0.6542939502029284
0.29590959637368774
0.5642634023740692
0.3892372245189971
0.1691791735693292
0.06330263382486545
0.07970177830386527
0.01311173839949109
0.08023951261813722
0.011338615074045988
0.024664999235629148
0.8746444549423708
0.9129574910570292
0.8781575376912611
0.8652609644024196
0.8595133634756911
0.8060858866169383
0.7589184371546549
0.8538339067915238
0.9212154290980099
0.9452559628358579
0.7679591780010081
0.6409074263461738
0.7792707130108574
0.557881764453448
0.07147005806427575
0.076520044711608
0.6180432854326636
0.7268569816570116
0.3674730291459086
0.34795173384363165
0.32002194446877874
0.32246342068310097
0.06777579415050827
0.6175237125019946
0.6784776347031569
0.7372747710686196
0.09401141952542857
0.22460815763816744
0.02193197377952416
0.058471000096945835
0.19943679697649408
0.7317501216876876
0.7285492716203861
0.313282479905148
0.35765020158016925
0.9436512857323759
0.27589427077199624
0.21219191195809528
0.05277236372437044
0.03070573686824296
0.018868149662614186
0.08181440651940597
0.9972326327409784
0.03161940540678643
0.005307228160645661
0.00048403565982058083
0.0005225180326319245
0.14427682375009387
0.9988070928365242
0.006738745091635967
0.004790791956086671
0.009110402077838753
0.018492760398755692
0.033474878731829416
0.013206905083795517
0.009890684910870973
0.005542870483433937
0.144657597775961
0.946830844561995
0.08642432864890981
0.23836800669522673
0.09277437747150374
0.006931302511246962
0.012598226368195409
0.0400986021361055
0.034035871220105096
0.007612843555754756
0.007741629035201036
0.017259306469932678
0.03889746925706894
0.10976029156592149
0.21533685533668778
0.4898493492789585
0.9459879843323398
0.9052034604540679
0.6397421013025244
0.1796150738308866
0.1233752780490388
0.1865164047817678
0.5960761199939899
0.8884531125868171
0.5483603916997741
0.7044255188760917
0.751826545264981
0.5723856732885158
0.4114081314365069
0.6145268821821355
0.6301884170986201
0.7202183421531079
0.7177583113580835
0.5828079529332266
0.3924072342109446
0.4731842833185277
0.7157745760002612
0.21738022054982642
0.0628959592670777
0.27080083117801945
0.3423923397161819
0.16033599482562844
0.003918541231415551
0.011420987391266957
0.5706816391680105
0.8704040120481488
0.9043483326616861
0.9967850728868255
0.9967819651652152
0.5731873109645678
0.5201029667921129
0.05309682917973413
0.009058804840300638
0.3832634959843517
0.9810075986733763
0.48376892954838047
0.4981011304729325
0.15794001202624508
0.09370709043358483
0.07930051547740735
0.014056266691498953
0.003408455772106578
0.0004991921758217277
0.012739779261201623
0.00042755351835765953
0.00035826285171025596
0.9480691052521326
0.0004652871273415071
0.0005408721984324627
0.09339389373664186
0.9870338068074173
0.1364527034994235
0.2942279291308637
0.15772425244985633
0.026402226702212372
0.009675453219635588
0.19398305452468245
0.8710238307476883
0.9931716682519881
0.9957606982648101
0.8031793408645402
0.15826144428743671
0.0192734919633194
0.010936893825417071
0.007248050322829158
0.00647546179148617
0.1440218256001451
0.11934766809363828
0.001673224737865353
0.09584231497779316
0.1180137219730697
0.687752157157512
0.9765515947696384
0.07582951169888619
0.015355455414682306
0.03397936109096411
0.05772865799704052
0.09088679680344425
0.1408127711310403
0.7791220387261434
0.041533375264228956
0.17922504307114018
0.19080474619225452
0.04654598348941297
0.048617034782269086
0.09058450349537961
0.06980645272466313
0.15373759229070216
0.5887139063336672
0.6220728669583576
0.8854042956286418
0.9715687581984322
