0.9994130788920292
0.9994720491312257
0.6201987424282562
0.006580466019308617
0.005945425862187048
0.002859044889141793
0.001457421731296371
0.0026262410667635683
0.01024296405256897
0.9634607805415153
0.7659717421891384
0.24753493912139435
0.23277747248526848
0.9378138547639433
0.36966389482632966
0.3222793806596985
0.38119469247394855
0.5613710473023277
0.5949478365786833
0.6424145822457544
0.7699909836665965
0.9780271684365417
0.9833037820144851
0.9947697397327104
0.9797212759763237
0.9776025137850263
0.4738021876099091
0.9555980038616143
0.2962103506690832
0.18563250947549026
0.17854186635728309
0.9520225073627822
0.9940107764784951
0.8300198233110412
0.083646780524675
0.00795110840390345
0.005807481167278805
0.02555854054283213
0.9819091327587534
0.0014240091165063085
0.019155791255012322
0.012836699408790286
0.001307871537017724
0.000403067779476296
0.07196627446625536
0.999707020631181
0.9997534113358681
0.999935717543969
0.9998913659178966
0.07179007409214355
0.00033388072373929933
0.0019728189121928086
0.011977536014087797
0.9999548395465505
0.002253704819318969
0.000691211815108228
0.9859292194704963
0.02380301577131727
0.0014848314207602797
0.008731805063712295
0.04587969386233015
0.8594119941920628
0.7740654416117159
0.08830322626065557
0.7693538029255576
0.0968790285355452
0.03054376429626604
0.14935797897926917
0.16087835204592316
0.1515200089122556
0.222958847104338
0.7583308110767986
0.8542315709373824
0.8506123630298855
0.4705914878664902
0.2595522990356137
0.2791849384883903
0.057571331502494716
0.11113746529472557
0.0792594172733736
0.6228801451201615
0.09272887169548094
0.8233479695644508
0.9093330579714024
0.17562734420451198
0.010464624460241989
0.13022945579451295
0.32896135561347484
0.9856304247079707
0.007624299581830085
0.002609678569690632
0.0014205216332986437
0.0005468204589541559
0.0033516207228254657
0.004129906358043778
0.004643022806082975
0.0620050607675291
0.1560416755825914
0.698630433190417
0.20731376492315323
0.08961818762973228
0.7779152895961009
0.8806819891996532
0.18781752089405246
0.2000278347412736
0.3065702433065023
0.984371066268509
0.0034934743992537376
0.0020564628447172772
0.0005863695248009559
9.838531325190303e-05
0.0015875543272542147
0.9995251293679582
0.9999964845039497
0.9999956592419705
0.9999977215346879
0.0013395226097653312
4.193105855154755e-05
0.00013851904554484928
0.0027667138948459513
0.004827478124741824
0.9965115283855948
0.3039818293619615
0.2053527531951801
0.3261750129960801
0.8756530406956262
0.8584640793490367
0.9895707674278619
0.018513237265320504
0.016427455204595653
0.9942925051226497
0.13935558461304942
0.8053042866640288
0.5836834315315884
0.5416022873191784
0.5318497152925898
0.5313351933289086
0.26708529643289614
0.5720220641410306
0.3899479126465517
0.9430670631912889
0.1379719499888059
0.041668852332709116
0.014374706290137707
0.011374683845163491
0.011690609574859678
0.013391575808663125
0.029738649789589067
0.9942421325809931
0.9956115889990588
0.9889137051818624
0.9911433162715167
0.0267311795313514
0.009504450355029004
0.007229872275801186
0.010937696021481091
0.01681074606156907
0.04388284074168458
0.08554243361790037
0.8869553557841621
0.8488126440101222
0.20387751590037506
0.1251599539169288
0.1875739711136416
0.503178251569617
0.5519846421350538
0.9168823950776928
0.9205619768890324
0.949062410146534
0.9384439348537739
0.9563674120359349
0.9413904292946034
0.9324602525358158
0.9476511530014776
0.9082469320220642
0.7724517126447151
0.22830285431667074
0.003872253442817164
0.002697996467469266
0.002017060288174166
0.000853212931687497
0.0018436600661526636
0.0033894673233337835
0.011593142086261832
0.9983601710579103
0.3225970673948928
0.2121456640074919
0.22523884645206915
0.014674135536116517
0.49256114084393776
0.9417825641922756
0.9417042701957746
0.0027307862779011316
0.0005548563529153006
0.00022854401756022824
0.0017227998855776638
0.005364093691937577
0.005681168783294277
0.6220437996148311
0.9975950660682378
