0.3300406923074383
0.2012550578466975
0.22185074140476346
0.950109259473048
0.8935326317280186
0.1470113931069125
0.20726128087534032
0.07834649515506625
0.08917252347736704
0.09449855151567498
0.09755494623158073
0.35228035289273174
0.3549287259559373
0.055428371321102926
0.023037535334552717
0.031225406530382947
0.5346836336586861
0.02478691211754883
0.05762159241066109
0.23607951808461472
0.32454112716621014
0.010914477086007278
0.02690489889612102
0.03224110123572501
0.03362575956945846
0.06855796061284997
0.0751396090087275
0.14451053596850555
0.902747623336245
0.8991564704564412
0.8820213285769933
0.8979733541142676
0.9865420072174083
0.19205133495585072
0.12483300835620027
0.1236191543037379
0.11008259158628812
0.03718318744187927
0.038831397212178494
0.1081846088887486
0.9045232370527385
0.8245561818798128
0.7740246431371091
0.6430701055718162
0.7559593068455439
0.8555753911746729
0.944168911199744
0.9818869877077483
0.9946749228642429
0.9946129917018542
0.09563088855233501
0.015035554539758977
0.003867073068824822
0.0037983071297891242
0.9141482670968042
0.9142780764640024
0.9142738522033431
0.9147994747164017
0.9388499788806282
0.02274124511614517
0.0036808770109252984
0.001452437779710658
0.006466649802494273
0.9362332115803935
0.955262103863699
0.9285245668229769
0.9138305407561511
0.7569715023389616
0.21833762030779524
0.04138993966370094
0.03360610576959404
0.5635291329482096
0.8604735905384793
0.936225673292155
0.5363474573799548
0.11891834588677995
0.12054280069366827
0.17383689689335038
0.247068291199039
0.3274576754252591
0.5225189788031995
0.9437758257745847
0.38471109407078835
0.10429742524174863
0.005711698123591024
0.005589693456794442
0.011465030343034699
0.015063997970991238
0.985345481979296
0.49153962523087047
0.7624040836808684
0.2117462445953142
0.040958683984160714
0.06915020604883068
0.9856368750562319
0.8516917017329217
0.9977577660983674
0.9696786189334159
0.9744508880012601
0.9742372887431379
0.9862327530529871
0.9145681803036345
0.9267201752998051
0.08299696544992441
0.08071006223405457
0.046151854868605596
0.6469432769386312
0.8753417950700664
0.04701744983515144
0.04380734087825516
0.04456259526211361
0.021693097219803024
0.06461086666496606
0.20699779298285206
0.8509810071316233
0.5670857088021176
0.5988402462313321
0.5639634495403814
0.5497252682670132
0.4936511048691402
0.18277594262704971
0.4822934571590381
0.5328237049397258
0.1822655160868896
0.07929088897044728
0.1652383638059721
0.33286115483890927
0.9919375776340622
0.5519564393778263
0.5370320547742555
0.4638073036517344
0.5877140802171783
0.6848994756318216
0.7465200634287981
0.5896807492000726
0.5267072897163292
0.41866674731667153
0.5400322874364474
0.4258658916108271
0.08221221856779028
0.06171589134227822
0.26291229295257046
0.4348500165568903
0.4202998937219275
0.49028474063022204
0.4684379182184324
0.29635433704705355
0.09278310532199557
0.07692888049159667
0.07453464440284682
0.08400342035207159
0.5948750332569217
0.580258470490254
0.6152751207118036
0.6952203840164063
0.05431269605187979
0.07612348781342108
0.1689860811990382
0.8380125381654087
0.8966167139983383
0.14291891910191395
0.152637858419392
0.21231840467673752
0.9751923589412055
0.7647016592544105
0.5886738003287633
0.5517928913566209
0.6454584088379218
0.6811945103491253
0.7679110072001252
0.80075900058229
0.7012076538836873
0.8682929314612715
0.6662173910394937
0.6466455477488516
0.7504688931826062
0.9080612569771465
0.9610046032226165
0.9444170249621606
0.941543845958259
0.9376167750122191
0.9338685436950904
0.9789243571770614
0.7249052382633708
0.712977556277824
0.9160699446577694
0.26223047293304735
0.25146974818911755
0.1031534099483585
0.8400690871501026
0.23433943725921758
0.3313699241757827
0.24993616198157095
0.7344331106199053
0.8652142066821376
0.8930129582370996
0.9210247492059609
0.1771445730905925
0.1343076947453805
0.1538917957143964
0.7562652813132804
0.7069713614855353
0.9210287136320638
0.4055249900994471
0.4115393833534501
0.4465038174263564
