0.9591827061857724
0.8699219527958089
0.6378477192758205
0.6106792447456524
0.6152478310553418
0.9752113320101218
0.9568114090385237
0.8149072107635725
0.017162591167175667
0.014460339552869295
0.00022055157726263985
2.560944038365598e-05
0.001155606500477191
0.0010736593627349578
3.762697128961712e-05
0.0003925260808709252
0.0022523143732650075
0.33201923070064343
0.8215735027692611
0.6452806691125269
0.049425556835747786
0.0035134029894053898
0.0026383430699971067
0.0030131441677999637
0.0018958982034529281
0.001807503232846952
0.0005884254220681617
0.013884625601354728
0.49072999664180117
0.9780507551211233
0.982198929850194
0.7096621322545877
0.6474022657515824
0.9670657455306738
0.9724217040106781
0.02409229852406447
0.019007255760999264
0.004205847059738255
3.8412458364778246e-05
2.8256630168477237e-05
0.014685545546341716
0.9999999621532548
0.999999960191062
0.9999999651342785
0.999999998744341
0.9999999917098189
0.990795336827508
0.01681190574238922
0.0027199081837024908
0.004425071759707522
0.004207614411535721
0.00013746829218397316
0.0026854656827083323
0.9784989990145911
0.9797792260367014
0.6708421639848698
0.1634487598743063
0.01465254914052605
0.00029392152062446275
0.0009836935298094263
0.0014000835564809133
0.003030301799112234
0.0025081737301659857
0.0035097571347219025
0.2213111065875082
0.9727033924461994
0.8554167086563492
0.6453283055610679
0.15353294891171743
0.0022516789380526703
0.00038985425859849876
3.590849285128872e-05
0.0010728995595785662
0.0011617124979219629
2.8799887137331837e-05
0.00018049726920832398
0.029305461726716664
0.16488656945822566
0.98524503418733
0.5399681140976553
0.4807350144139044
0.46164978432072135
0.5073399438908743
0.07850696948891756
0.007191572302572169
0.0045744551708784
0.006368674634492755
0.9847432440652909
0.9812493767880565
0.19147257577187315
0.023745338931982052
0.054551471154079434
0.1196156846052211
0.6143165148879273
0.9124252566721455
0.019440215486867696
0.012519877274271729
0.05552332769414059
0.948779706852858
0.9999937490474945
0.9999737291186744
0.05465290573393
0.005624817388144687
0.00019841461758685064
0.0006658578153752037
0.0011665168046260943
0.0016362309515204343
0.003032662439282019
0.002344653582900813
0.007953947607987177
0.025212791979861593
0.9890430934910124
0.9004022020703278
0.3867091178774068
0.6388796237816345
0.16326416087552753
0.9327442571735891
0.9085831529431904
0.9410377902428612
0.9998722135467459
0.9709093474976725
0.9170331283563323
0.6227336807256598
0.05106434129485493
0.9693485423264074
0.343204787469121
0.9938243720824167
0.974202643324285
0.033515418593432655
0.015262349516636964
0.03807585311017625
0.006329201653816119
0.0027363764449402916
0.0032357950892215603
0.03522653001398057
0.033385044221979965
0.037979528000052665
0.08219237213043895
0.9931379623474835
0.9987812793244492
0.9651288410907527
0.023023048640279375
0.0313814914498991
0.023774079974939744
0.93740580122985
0.34979638437077787
0.02766132794134024
0.05798557960266959
0.9955040512105142
0.04125444833840164
0.04075962982475123
0.961034042221596
0.9649930614760043
0.9632488118920429
0.995051608543862
0.04374360405106226
0.0022038712625078727
0.9981499833846467
0.012629849861874765
0.006211897623489726
0.08019895190496018
0.12256715879363822
0.037591269958661466
0.004767566582018601
0.022302853931574496
0.9997007321887413
0.9970529945970987
0.012129704406517283
0.0004417286051955349
0.000732199639025044
0.047638810051271574
0.9621827881364768
0.09263639865402995
0.021474689521822077
0.008008279276920383
0.04631620780551682
0.9840242123160359
0.4815650484106052
0.45965399652016015
0.00741318904166155
0.003026077088231549
0.026526345371162385
0.6364193935955709
0.991253385517343
0.9588939335818352
0.568692002374769
0.4933096309387952
0.49291244422230185
0.4491442316697607
0.9545030593898197
0.999639804416497
0.9984066125856248
0.5158308937845699
0.04473795862766006
0.0031095032648554843
0.0042318122885718346
0.035314310907773594
0.9532083562359654
0.5001039950648847
0.49477101690828285
0.1386325266494074
0.12152519418932861
0.2630796530966979
0.22880135165582438
0.902226237206866
0.9982332477862679
0.7094082868545191
0.6744307460053203
0.854534017613573
