0.7106443456892222
0.3689874610348306
0.1167065973165542
0.11244547056077236
0.06940469558132967
0.09866499146749974
0.22671957940755372
0.9812896126999028
0.7981200164311628
0.9951576986836032
0.008670623920517873
0.00017060816919134414
0.0007522932582245678
0.0007245057888720652
0.00010813658690211891
0.0007297760780915485
0.002477557506093464
0.9977309319850912
0.9999943271909486
0.9997496919990051
0.9999111046913219
0.9986170211120194
0.9996407088518416
0.9997930362038316
0.0014199820630694804
0.0010465659138327865
0.000223176145803472
0.000673758309333472
0.0012293574841238941
0.0009101901136420176
0.004682186821269418
0.7634972318021682
0.9334949436277361
0.9952000876224147
0.9387532352936143
0.9499028217152651
0.5493770869890738
0.17726277024458315
0.12537232696122047
0.1584502416848106
0.16161554321277283
0.7140395494548352
0.8179004460481334
0.960556211306329
0.602272156249019
0.11690875095800601
0.0026802991927127318
0.003755818558639823
0.22565091021983463
0.9734877994979535
0.9996752331351686
0.9999492365076429
0.9999781371903039
0.002688524554826155
0.0002909577792884477
0.00367833044917365
0.10401869566982991
0.34197052289777297
0.9784248475621806
0.16243150753574243
0.0061165087617208735
0.0049085660063542536
0.04300574128713974
0.2776855273363269
0.6927489919784624
0.932279162892489
0.8998909974263825
0.44703436191213064
0.16968254566416208
0.11349164498383735
0.1186017846008589
0.20830753481201159
0.28231856873186056
0.3564079443528023
0.5487812671982812
0.225922723274258
0.3612998073965835
0.31127563362782606
0.5942109846254827
0.2530454257223156
0.4124068666462546
0.20187066724641822
0.573359416839726
0.5785166064139566
0.5784292334591932
0.9134225877452112
0.6435401822857709
0.9372955945956716
0.9888794552203249
0.4298754736894649
0.34517262433495244
0.052131234820727124
0.9335100365007883
0.055371804496736954
0.027865546598418445
0.014982556583552631
0.2938484394334344
0.6684636524467835
0.7032151520183266
0.9570661400110207
0.989090251071283
0.9755157888439814
0.08558036749026943
0.06200356914476968
0.06209397752698642
0.07467581904548892
0.07634072501730604
0.9430845077549055
0.7234620229368635
0.7221250788489761
0.7579480224011678
0.744621344685747
0.758360135987096
0.7438204454196566
0.7366257207634669
0.06686316600160869
0.3030969682637117
0.29925735437550727
0.2972869097697435
0.21789413105353495
0.958843694248132
0.6656366335688803
0.25600284541872675
0.40113894561622887
0.4728981837506576
0.03753468001390958
0.008885340033810918
0.04535622822234031
0.07211130833766721
0.07318523071395744
0.08628223113649625
0.10095282772022796
0.908209291585599
0.8933549899495832
0.918221002008404
0.9215944743436312
0.9270315215566195
0.9588870763741308
0.7999305550446679
0.9311731194050483
0.13115775427661136
0.08986998083205056
0.08784062687268923
0.011868912352466565
0.006111017222204418
0.01370427743789926
0.2034079436710583
0.6991362963601448
0.13310499484560623
0.10056193478724884
0.2975399261214845
0.9966529626290316
0.8433640101085725
0.317624450796145
0.31857200724751966
0.2829775180315055
0.35018113517285177
0.06924032241459332
0.6379788797509764
0.6074524798352252
0.6880462326589418
0.7109626563261836
0.6997429520701386
0.5868742532572266
0.18812108489979285
0.35192306392984496
0.7837803342510031
0.9192629543170835
0.30126640989473497
0.10435209257735345
0.2160612728692568
0.7286004957207586
0.7704194638449189
0.7346855835842734
0.6840517729851836
0.23884967394365353
0.2346755466788859
0.32667732873218547
0.9970723124187246
0.9946670639129156
0.4080374698152609
0.4230008319297768
0.8921854037301494
0.5994562722026295
0.07737712370016547
0.07168189504544764
0.03230218061641177
0.12474193033561398
0.12733911347299687
0.9925368143532226
0.9350361438712085
0.026097451120797643
0.035074047934899655
0.029178861402418543
0.14690134923717812
0.08201532608057249
0.07783436079232986
0.4440111002185195
0.5040893802249115
0.9173986227094618
0.14077800699278342
0.12595093642220323
0.16786539798092304
0.636253478656098
0.9900718593024066
0.9994440266318058
0.9175667676882058
0.4411390061143666
0.44508361544808805
0.4910731404557245
0.9963525532599917
0.7275798858819849
0.3766697252344757
0.08769610495958313
0.013452924942631617
0.08471669834342987
0.10476578348237209
0.07148270506527676
0.0029175472645596168
0.008212310513645349
0.04717725643518356
0.38220243824356115
0.7670701209148238
0.8857679652816765
0.6031156712210768
0.6280920931243872
0.9214675457787026
0.9791914696398216
0.7825284663804922
0.732601580084854
0.7867175761380065
