0.2052931826649368
0.15888453248198897
0.14799215360836704
0.12874318076829028
0.11092302938759746
0.8590290666910306
0.10582107332251944
0.08302688975880179
0.10339362261408203
0.8836584811057197
0.892362051098013
0.9556317782271033
0.923091966722139
0.9615935342424564
0.9376008923318466
0.8914607182372293
0.1537959539107253
0.02842037720116586
0.03362833615504168
0.029816379765331913
0.05164469781994796
0.03517269521665267
0.03815591641355687
0.996461016591668
0.9734410992733384
0.03086631713899257
0.013458972353411758
0.07836621034528635
0.9413116916867611
0.3524932776184396
0.07218224894128678
0.1070210900466042
0.1527761998422965
0.5147190163445758
0.10621496941005137
0.4793514345413401
0.08022922245649355
0.07121805235990919
0.1401201479541513
0.8223859787491163
0.195962129370448
0.17223461448203536
0.8454528867595528
0.8523913709092694
0.41915262912891416
0.5725516650758515
0.9153568614020631
0.011249572654613571
0.0001500959917027922
3.94876102813857e-05
0.0014223778055796332
0.00032651990682941445
0.001526281288592557
0.9941631836610844
0.9994315478438475
0.9999225053619011
0.9919380152199487
0.008569982947347898
0.0009019448968407007
0.0014601513759242568
4.118682901088633e-05
0.00011656225661094144
0.01599195680955212
0.9405812325779116
0.4582726463912916
0.6252157087205715
0.8244020310803888
0.8235551760593112
0.8968089790233383
0.02165564938765341
0.020500654889752723
0.8277768237389227
0.1562285076893537
0.47682908851769734
0.46118453798725423
0.9319813552674352
0.9554387534876096
0.5335590173579705
0.5674751103771082
0.22930022192273247
0.03203313845535327
0.0003456576605822548
0.0014617867853975453
0.0024297129244678084
0.004650962417483306
0.007768844987465884
0.0005268539939677908
0.0014565047532102415
0.9995296343585598
0.9999303901121323
0.9990744457195546
0.9990602184672572
0.0013460595025446276
0.00013206869135540256
0.008535832354303108
0.005061476522091879
0.003836986859250935
0.004337836587487209
0.0035515060453660263
0.03856702329427275
0.31610716208180545
0.935947732905385
0.9548817472649204
0.9615896028771459
0.9668846037053396
0.859312662359349
0.06630365443448416
0.03535176533278239
0.29093987953874967
0.9295871971144825
0.9349388244865355
0.9233029309665265
0.9841399673905266
0.377258163872065
0.33124119406573194
0.21565288103599278
0.4546769288492418
0.2448524395189906
0.21745733568848058
0.26532283012557667
0.6064889805513244
0.14634367898317002
0.3300975953817826
0.4091329046988794
0.07806271551003141
0.533382844880699
0.00922948973792026
0.44461520300719926
0.46940600553933254
0.005796725240193479
0.0013621103525869316
0.05643325813739619
0.0028332485131568053
0.0016053725847120504
0.067838165876417
0.14008657760623378
0.024103764479391443
0.007624530177097855
0.022158908099235708
0.02912133132076722
0.024751351168274316
0.1408781917804549
0.9763282226845608
0.1243282808063727
0.03996235875401388
0.1958042035369052
0.9782698776906018
0.9774459770705832
0.19305454067098426
0.007887300993210222
0.00017740173575064855
0.011312312040167583
0.004394910580537648
0.018763790236950295
0.016146070651965383
0.024354862923488207
0.9549261178039462
0.7176407747289246
0.9999142554707936
0.9999997192066833
0.9999784993761431
0.7731965752036115
0.9358618378890575
0.0007139453652993399
0.00015842379340447188
0.0031970355271777606
0.014606390364122257
0.011474508602940192
0.011506122508880168
0.02211089875041561
0.20426544958432513
0.19771733310562378
0.12923565987857744
0.12257287178956466
0.8926366528806121
0.9775760155013378
0.9823840246571894
0.16860291985613596
0.040338052345337494
0.008879945237400766
0.004988826223944032
0.015511536339687382
0.047661509345884756
0.8911951796430209
0.9547702995972378
0.14195052254684193
0.051110111700344185
0.08562172762609954
0.8336575765460338
0.02461532226555163
0.07644575619838878
0.014458249173822324
0.03440793581267254
0.15889590159104705
0.9096729733588031
0.9099836198798189
0.8440325168141838
0.5805525472373068
0.6226316135264021
0.9148995546764985
0.3632067709631739
0.30440517758049745
0.3415860057118436
0.8347110373926772
0.8099642090108312
0.8546585032754552
0.8860350498851687
0.10321815122421574
0.1070280496801187
0.4180014927143628
0.7529215167382077
0.983872398361495
0.044848942891564825
0.026207529440329225
0.038644081386403295
0.018214353183256815
0.020124972999088886
0.990895199430536
0.0035604887274417463
0.01206788407086945
0.05183145790718191
0.9695688230122462
0.9768807859614681
0.9682020835950893
0.96244795511685
0.9814126216033962
0.03346013368353895
0.015318957110874165
0.015112985951458602
0.003390544473271362
0.005152525173596434
0.006569259453380383
0.1678385576755178
0.22825569881132735
