0.9168015638174469
0.9171205546558564
0.2085182365397551
0.2460177669297059
0.34312829177681703
0.35559792134070356
0.973485818259951
0.36107229381996164
0.2869306520664129
0.8968221087280878
0.3277833032845239
0.6510566174507841
0.7396667394348825
0.6911191397787263
0.6914552835889465
0.11883902776259969
0.8351126275257859
0.24212316003114798
0.25758779085692485
0.9303642415424305
0.20677849987160823
0.16733208335703997
0.1494924843124732
0.15918105014057105
0.8711415939986292
0.8421940500291782
0.9476366534586209
0.8140529835592211
0.3037963286125752
0.3246472213282683
0.016444773667749213
0.06660597343213803
0.37062978921519263
0.030502714559249466
0.046859685823384956
0.04113857496566753
0.04024720730059439
0.3094823497563268
0.3067237541362976
0.2966289815030969
0.25848566238289494
0.010087668004899797
0.7129890129728145
0.006796815869309691
0.023739318485633154
0.016968291110834866
0.7597815825503649
0.7593071711690934
0.9941713472541462
0.7619903152050107
0.011622136065192246
0.006130551356244296
0.043867306783271665
0.010420964367503394
0.0007739158856230333
0.022520668488357876
0.23917622326375565
0.012550829685242348
0.004353300999564214
0.011626699558305975
0.775711858657594
0.9147511184673396
0.21667337158678912
0.11607283637574473
0.13631430528461208
0.4697149582869492
0.3142104666071258
0.27555116110946976
0.24422823059783094
0.15626707752731972
0.44551192944759077
0.5865521592860171
0.750540253694741
0.8979714358539334
0.9880944114510253
0.7433700871468966
0.7765083029244048
0.029607142635954986
0.024880256583323934
0.02533053105688765
0.002212554523052024
0.2993713985173201
0.004534990875029621
0.7007199963828679
0.7051607594015785
0.739306600447789
0.9997748856492101
0.9968446338965092
0.2985055366116528
0.0050758363867517975
0.0035413712808838316
0.003746956056908668
0.0030759209244234365
0.3120944205888293
0.8800172645887054
0.867833392215954
0.9461053602276773
0.262850425724387
0.08204297801482008
0.012613681485649897
0.017384867218206423
0.23775539401440604
0.08040621740946086
0.2165913712559685
0.8008009923705544
0.8509371777284505
0.8658275076220179
0.30821866269270004
0.1501850052327075
0.12310964205536801
0.022436421258922423
0.0011013487433488844
0.000848974505957889
0.11757550038044684
0.9106912077988049
0.7403320055936693
0.4689355384677256
0.17398753836044412
0.39171798627637766
0.4589385287703719
0.4611886136419119
0.08117305510029227
0.015014237438524258
0.0146207921473831
0.03347765860473806
0.0800637492313111
0.2595839087061116
0.007673407949095656
0.7452744217154164
0.998517795053218
0.9974916291265612
0.463862853599442
0.009680877724662418
0.005886581392066326
0.34828832644829855
0.672604222681674
0.9957885363618763
0.1264752049564657
0.04748586145960809
0.1265556110807523
0.9950281821210814
0.9997073073297612
0.9999137770177456
0.06094806539374509
0.01504681368097327
0.0019733849094722977
5.903935568540852e-05
0.0004959103879940141
0.00014640335045856823
0.0015142247161730182
0.001570686841765312
0.005067850153079756
0.01677420234904048
0.9962644729122551
0.02214461310420901
0.009650072532549347
0.01857803426495186
0.981520770011818
0.9764852278061674
0.9944990263991056
0.9999991619586356
0.9999997412747998
0.9958743209728184
0.9786289674168479
0.966358303146435
0.001768665268698233
0.02394874550157733
0.03261110852140503
0.9977560693884245
0.9996342512008922
0.01894257761490903
0.004836486448356769
0.0019665801883064216
0.0017471555656405346
0.00014462753814215024
0.0004948282309888974
6.08337974927764e-05
0.0017665266244799582
0.015008520469394493
0.060080621633198494
0.9956509474369004
0.9981814983978335
0.8972346074859232
0.022665880571134056
0.15255853419685328
0.18260821016418372
0.8441658966627507
0.4128050607100898
0.007781312665032014
0.01033762301237573
0.9993864420184929
0.0010593605384776605
0.0013543510307253426
0.9994046844340303
0.9997369341894464
0.9999397433068079
0.9998703322726861
0.0015872603585092016
0.00037238859830268645
0.999392123732543
0.009731519973874558
0.006359166367938429
0.08268696360627448
0.006692694343386152
0.0019802981580019363
0.01270896501446539
0.9974604270931267
0.9988961187591265
0.9992206078554664
0.005452274147882519
0.007364887686739485
0.623580116418063
0.45561585337857347
0.03104172492131252
0.020709732408153214
0.007806657361706271
0.05397230182034807
0.9116271568376119
0.8249303823113385
0.2673736989825952
0.2595865772094723
0.004177178638916423
0.32066234229623747
0.6160519944164833
0.4269036247979715
0.4327023924360578
0.38012043072833457
0.31953675881162047
0.390877682412031
0.32529464816158793
0.40149483953628307
0.6576647420899281
0.6196287647688714
0.09223491742472167
0.0024372882125887063
0.32615218329115914
0.028587824594104916
0.31321248514545585
0.15764963762876916
0.18615620327567162
0.9776607329892625
0.9151054427353177
