0.02445367632748061
0.0066813408307878405
0.006729488946442574
0.04778313797720043
0.9175900275956392
0.9201474053832277
0.9778153189876706
0.971719822897134
0.21139476328469858
0.2094785020968869
0.21418468220069226
0.971250540505793
0.9139764430878805
0.8537909341049956
0.8540324791002303
0.9607156656280866
0.9816821261934705
0.828275967298352
0.7767357468698088
0.7435657180492885
0.7424600825026809
0.7291101298861771
0.267945077963603
0.19972393795768964
0.187903382152724
0.07156917078913216
0.33821340857411464
0.04722484652714922
0.024785165214675185
0.005439989306647952
0.0015201297848637108
0.00039700248579851435
0.00026979752084546057
0.0005159977173336493
0.00028553680175793513
0.009543495352231701
0.04955892596579348
0.1479715412299482
0.9774373833592762
0.9454504407765925
0.9845299159667094
0.10431280379039162
0.0009583847768054654
0.0006240928999934225
0.0006764408118840048
0.0024137344347806232
0.9996844564620924
0.9998485179315937
0.02023841697596418
0.0017211988205686477
4.521051408378218e-05
0.00021867082110631485
0.0001819155545676798
0.02621972006813443
0.9999919668534751
0.9912643074269059
0.9999902070438043
0.9999764625383081
0.9999982747869873
0.999999640392732
0.9894472344648033
0.028089497083071433
0.0001703344321968281
0.00022840817471495576
5.3361595659473514e-05
0.0017221426267544303
0.02284729931944235
0.997220524293043
0.9999926770699705
0.0020729598305065378
0.0006469573675527806
0.0005979523880547343
0.0007199063193683575
0.08916770690712288
0.9701896040130671
0.12998923054216152
0.003578780825105676
0.003454702126976805
0.00518740784781414
0.019075772256436863
0.99993756527997
0.9998915618590456
0.9998775162183613
0.018708216624426996
0.004803172095184593
0.0033137538819476117
0.003457770129582549
0.1728651959025585
0.1465603617818644
0.04683138451749188
0.00851191460389593
0.00012701726896442443
0.0003294471439306501
7.863194174153598e-05
8.75415343760122e-05
0.0013114422646652412
0.005447988211017596
0.020604919319017034
0.08806074156050059
0.9731476783822133
0.7438550820340366
0.9763026594413091
0.39815525106128474
0.386258053822979
0.2051616292403532
0.16894832851942868
0.09990108301932141
0.5038970065370144
0.041804528305614805
0.0004299862833260781
0.0009359603297102614
0.0007124177400509079
0.00023682117589300943
0.0011357825927598595
0.10388241982103309
0.5168990585235034
0.595307331749023
0.5071076151406447
0.5071597422944385
0.5122605083777186
0.1626490415631893
0.49632693244680476
0.015126084550391394
0.04260424461235698
0.49587814200698804
0.0008498642905132358
0.0004843019964248407
0.04572044922579796
0.5027166825023792
0.16779911636475817
0.17447801323515444
0.06571046722960927
0.745519159989402
0.3622984685803803
0.04150379462248582
0.32477784708492663
0.25006405184930325
0.2684813984373131
0.3143851197986269
0.7722090119894915
0.7608617923023481
0.7568288968772399
0.08045328557072479
0.1960402444710988
0.27057117501499695
0.20518095112364487
0.8975328970101262
0.8315306512840577
0.896252955103024
0.9197296061430316
0.9122214651671159
0.8777070433882437
0.8378202742724501
0.8494717698145542
0.8525946953088772
0.8632359812383767
0.925104537009571
0.16079830715753696
0.08946698053638452
0.1029032614526394
0.18935054970361137
0.872624608825862
0.9423926449385451
0.9366148333259372
0.44911033127451283
0.41890246106153084
0.046753470256951896
0.09869488751104684
0.05743974525783428
0.4467779995121557
0.5216049413101476
0.20163470473321207
0.1732579362019652
0.17632742234095622
0.926430142876904
0.9245781012929117
0.0864089176656064
0.03073102496656581
0.21002466526657237
0.24132069038532963
0.09408592135573754
0.13475284641059596
0.6316994950081746
0.9066718595135717
0.8902631341753351
0.9017412962291136
0.6812596244562015
0.9193370588251877
0.021681723372824133
0.020893648234850945
0.03610163458530325
0.035980563949170506
0.026793164009518766
0.025366202045055283
0.02625501780059307
0.9901445833575266
0.9726913037628719
0.9053829314728363
0.9637192651012538
0.9734468037756325
0.9746881061013959
0.9053383632763494
0.9709140847554927
0.9510168345186505
0.006801730580505849
0.007968471424028211
0.02855802619744466
0.050877907527332074
0.04122115452269589
0.03942718469512696
0.0149359953846536
0.7312191760808217
0.9656535069271146
0.929855565413841
0.9660797731055804
0.9523253806369265
0.7674148461551329
0.33690661939458133
0.48493374883619234
0.48842317490251674
0.5027448444080107
0.8307668790860403
0.517028005915651
0.5624584324220414
0.9660441779229783
0.9260282918647258
0.8800224940202817
0.85846672403355
0.8834039014530886
0.9135379160888786
0.9131006626986775
0.931498605375018
0.836960227232439
0.7169824083777683
0.7392662109101438
0.984236741486511
0.07495702465703441
0.004959615961641694
0.002489826347074564
0.002450318910741045
0.0019088694542888638
0.0019265374314202165
0.008683196962533345
0.047080360506721174
0.9860458002047185
0.9821956983573974
0.9902684512531079
0.9951371519974599
0.9992961891652392
0.9872596646604703
0.9800866955872904
0.9833497511018967
0.9787032803013997
0.05804591063670924
0.014170568379212233
5.094287829762178e-05
2.4485084166059322e-05
0.00036637762357064616
0.00013393754354060758
0.0007765627179001755
0.06498170764145443
0.846403118706929
0.7056943173090235
0.7079332079719698
0.9200431374797096
0.9029553224614335
0.840053880683455
0.8339501695196394
0.8737997847186822
0.3469400060793249
0.2783524193405459
0.30224427090917466
0.5612400845780863
0.5476791723848328
0.5271251996634541
0.9243570073915883
0.9307097882644886
0.5214368034531172
0.15660990152324403
0.15468918027548856
0.16387443616315767
0.9752482118048922
0.10122425939482244
0.0963283862968534
0.14262987056083035
0.1685067029541322
0.9389957487284477
0.9465497497517488
0.5570485832395031
0.47960717365248245
0.48305240327249743
0.4722043101114754
0.8639420220495486
0.9583998298184646
0.569819026973116
0.5590748249977489
0.5516543349982624
0.53358038331084
0.5211964152054043
0.9614775958202821
0.9826615626190229
0.00321146304278499
0.001466759861724487
0.0035439714656399055
0.006616459572527045
0.004426894967067607
0.995170428207087
0.9924964978715012
0.0027680391868424746
0.00036607856838809515
7.707611922592727e-05
0.0031844645070227993
0.004598712689051298
0.033314219560015464
0.12005481291076917
0.9999950596549245
0.10267098343850417
0.009796738182115438
0.0005953382030589926
0.006244746624659769
0.011249529952827063
0.020017840357096726
0.08882815561627229
0.9999793490737623
0.9999796389918643
0.9999696768234874
0.9999876027171022
0.9961929043612987
0.09373107683611731
0.023548638260024134
0.01167876510418555
0.0028483876193465484
0.0013379996060380317
0.013508460901311336
0.10349773829065621
0.9976147625435745
0.9384734001417694
0.13376647408906134
0.05591330027539334
0.025254638180601773
0.0031591462610079278
6.524150904515524e-05
0.0003817702440609305
0.0006549242101498764
0.9999755596210107
0.0024756683053530847
0.0020200198075256857
0.0018772358417169066
0.001725630200616368
0.0032573516976298067
0.9810535167010241
0.48941174497815115
0.5096142588742096
0.43884814459740434
0.3331234128705285
0.3752531722453097
0.8241244187598913
0.004705326399384612
0.0014296679816017677
0.014818377097430424
0.998239059318845
0.018730957425044367
0.0030028664125376302
0.0028666225917914675
0.0036792883660202278
0.003052051523985966
0.0814595345046381
0.9865597521005287
0.9799108933351899
0.9968350212957984
0.9969956305370111
0.9973418091698905
0.9676766867144633
0.9973193357252126
0.07610626275844126
0.003708103108125504
0.0017468414234822704
0.0006126344429543295
0.0031402203340999413
0.01566946598143686
0.9928937613945981
0.9913938210555728
0.010052559056139276
0.015724310653396856
0.015219783406054377
0.5894515892650346
0.5257020640474768
0.3404789253390308
0.02819229989511873
0.02768844213657947
0.5153074461274122
0.49029243375067133
0.44441878802035106
0.44766264895286434
0.44813126613038645
0.42368147394683375
0.4136902958893966
0.4402328738400988
0.5712859760323863
0.07589497627161335
0.06969092689074068
0.5964444256664978
0.22749584176573823
0.11185645526194202
0.45522123196966346
0.45826903840405653
0.5747583874897331
0.9816851257824528
0.9849963125743058
0.06887171984393177
0.001970154178764127
0.0014827459096381612
0.0014373365224285227
0.0019434646536441113
0.0014364440300278503
0.00020910418191629753
0.00199201338155256
0.0017046772128801568
0.9861227232318306
0.9637901656158356
0.0279304210168918
0.031579782487900554
0.033189809902721384
0.10968751519270237
0.9735676963779589
0.027441798345513187
0.07578371793123245
0.9839884260935587
0.9886029873620454
0.11910591485747263
0.08273688085410481
0.08189443651078543
0.004269230625821685
0.008988423666076127
0.9190636839846271
0.991809217999436
0.9995520173158285
0.9990966385811706
0.9956409510764586
0.08800036416954796
0.0877028205354361
0.0687082746847655
0.08094105264474859
0.12140777110860822
0.9920368716291987
0.9903739142784269
0.6438980723320513
0.6725427496490948
0.9091932911903251
0.33317774494228597
0.3199318897462174
0.9762665263765582
0.10235347807634414
0.027522101313653954
0.007028151807682414
0.013496774650621456
0.987895277508994
0.9748734579209983
0.01322036744825914
0.0022351148216792293
0.000393364788322903
0.0017162927282319495
0.0022976289044502884
0.0024872752408185757
0.002530542114147449
0.001498054893392553
0.07195157429613697
0.9722898095807508
0.9788169631169656
0.32674615170001015
0.24600135259720077
0.32645749733650176
0.9253635664522166
0.9118442843678232
0.8955879470280204
0.9015296304623266
0.3565549829300768
0.23674375714872944
0.30604326477699223
0.8993512664864602
0.9031169179840606
0.9518178577807204
0.5622260892946547
0.5562869582238872
0.5657999793902183
0.9468945892128129
0.6656341969257311
0.05016770145795606
0.03568304141257242
0.0027269770113341305
0.0030396774177431918
0.010552032097180863
0.006746529432509474
0.04247109868010974
0.6855673895893313
0.9495463578550905
0.9406319066688802
0.8341616645764456
0.7854126001213373
0.9847787746435688
0.06907822000995434
0.002863977665911521
0.03131315891398345
0.31224977487025024
0.9997894660775135
0.005645411915500553
0.0017207339575798452
0.0013811535576383593
0.001652932730231893
0.0024397930980800675
0.197512558990579
0.9980470738842728
0.9962549888593519
0.9958011996509184
0.9961397618732988
0.19767000053455958
0.004249261184941
0.001728621616132464
0.0014218101866675602
0.001897886834327056
0.0068907792665909955
0.9940482113274463
0.31238030394619026
0.0013139441653961413
0.0018195355466548823
0.08077791541732289
0.8692456505343542
0.5401763603456781
0.025075617936298665
0.004490171699016587
0.002424773809553182
0.0006637932920340317
0.0009671022059881795
0.0038794579629022217
0.0070682004118330696
0.3046371428794147
0.20467559234965121
0.08091326242947892
0.43743642810442873
0.43065000276917
0.023780315721465505
0.030627370342428392
0.037845416283139796
0.06706434896876586
0.15356796934186523
0.9301972952379101
0.7160957121056468
0.7883316597424888
0.9701899336467605
0.8751273545923155
0.9222133287199981
0.9055608929053729
0.018110915328450116
0.003594049680264377
0.005400522820041697
0.005492466487470892
0.03348042019367082
0.0398612809667755
0.005529318290327012
0.012628307303580333
0.9609791086629385
0.9596177677642872
0.9616993104677314
0.0424894206335214
0.03319360509285689
0.04035259191379684
0.043571829999680796
0.01180519612809454
0.010069367921248495
0.00794551368449352
0.006810526206405154
0.8810032528612166
0.8836359490752217
0.8503129752224021
0.8286264837288937
0.8337422129794132
0.8958608285919556
0.3408347127454837
0.30828088490012795
0.3426909999431316
0.4162927922748073
0.4160379905826638
0.7719864546979955
0.3769762515065576
0.100841983460116
0.028446001118699025
0.015416475989823963
0.5337380877693819
0.867173046880837
0.4761481407064762
0.1016720528238914
0.04037455275235997
0.0935461938721136
0.22073339401329306
0.1926092784249589
0.21141280570738383
0.5582791494003578
0.627712289777691
0.9406704301231785
0.9347761903981671
0.9273834010643847
0.933692693564246
0.6200183219897127
0.6532824430572839
0.6652806627517748
0.9597166090523395
0.011967418449933487
0.008054908386860571
0.015255642754104414
0.004028362708626298
0.0025210268393396794
0.014502482912395497
0.9848715843435689
0.9888468927964873
0.9939606902693363
0.023693288153128354
0.011145896797033095
0.009743112179413437
0.012705583139239994
0.011363395503210603
0.02457448096059681
0.9202428101395397
0.9159563170140872
0.9441115421785944
0.6223868663028217
0.6193707929883804
0.610428911794245
0.5843626872967425
0.25101468272043864
0.13992169834589874
0.46225770111891484
0.44958161897820603
0.4186568174942107
0.8013920847415061
0.3697413841432452
0.38129785722872245
0.43664216242412274
0.5269265596306855
0.5529165277639387
0.19196742110762754
0.2998560221278455
0.5465243315237674
0.5145960438673931
0.45647274491642337
0.4177644941696488
0.690359233084604
0.7022524139730815
0.723587214456519
0.7805490388984389
0.025173871153683067
0.02348798467455826
0.059408091575773335
0.9536396257051025
0.9429440639451505
0.8810980008581271
0.8755247924688383
0.05119511546309131
0.0013499880366954263
0.001498053561572654
0.0053139178858686124
0.9650868787298408
0.9742131578879747
0.9961219252007909
0.9952262217872052
0.9955007816450758
0.9970600713906306
