0.9673244714524634
0.9804644639119566
0.032234881871426424
0.8710986138193308
0.022697905526955386
0.018608668607310364
0.011086390965528214
0.9954010283992352
0.008573474873059928
0.005629895890177483
0.002912841920694187
0.004418084011081902
0.9963501647476362
0.9964305645300144
0.01703156380090498
0.0056530997723396315
0.9798926054080539
0.03972899215978076
0.13993935328820184
0.9785029615332926
0.15450913961839352
0.0013162960048226369
0.0018789180174667575
0.01407906401958614
0.04051226193891755
0.16849853591751252
0.9876540520206996
0.1550598936229466
0.09627162561251312
0.9630570841736941
0.8360757332237332
0.6588112396495216
0.4138082691238073
0.9720894541346163
0.021208338595235965
0.017095644208012573
0.36529315283327235
0.4262645573052096
0.996280825809402
0.9975951042637473
0.9939959315628746
0.29434721132390385
0.23276650410560662
0.22704660035190471
0.011278654933472243
0.446954632959096
0.3476161711361134
0.9091278787579253
0.7640330561952308
0.7875506657550198
0.8709695840847127
0.583056403954376
0.5636003035573859
0.0853611051452261
0.004037027563035256
0.0016274994513176821
0.0035315949939966895
0.0017623834684770134
0.0015036540201752713
0.0013477335125272605
0.009579967655680366
0.15705732831297226
0.9767613850517949
0.06391025768975911
0.006192403194460017
0.0006968275964169823
0.00029557048600536984
0.0006735784914413401
3.687435699395447e-05
0.002289052668418612
0.006258089050093174
0.9909659232884314
0.19168697460789885
0.9494473501361609
0.9921002937288489
0.9307971153226509
0.9509717295488906
0.07120984715873824
0.00025135817840282737
6.261540922702924e-05
0.002165670433350253
5.814237318368942e-05
3.2319575362982356e-05
0.005872165054760958
0.9999999523803323
0.9999999676781853
0.9999999676430401
0.9999999922877296
0.9999999843658756
0.00575886143382176
0.00018324297423388813
0.00019732145202899787
0.0019888900768137985
0.01840332112072751
0.016937007370267043
0.08836826954694033
0.9483356468065198
0.8224452435554008
0.9906440054121197
0.18901425643751724
0.009446824950093635
0.0019149249663458212
0.0001554024524631492
0.0006940385511745584
0.00029105240135895993
0.0007069231999670134
0.02290766740923844
0.10210383618491792
0.9811039667848281
0.9572270952270595
0.13267089494954487
0.008842584038745716
5.902003859337146e-05
5.3035549927527015e-05
0.0014065639438358701
0.0033478592072188063
0.0022201263435801533
0.001859307935429766
0.1104228492038658
0.9916614163039885
0.12211548490948587
0.17162287748842708
0.9796128769392937
0.155346409280965
0.023752782855712806
0.001933088356943946
0.008925687800338311
0.022042599217660275
0.17464669369623187
0.9981228850215713
0.16742119832300573
0.06545436128763071
0.9858731071118106
0.020857794214277692
0.007660526519139399
0.5067743465485517
0.9808407100110368
0.027084545265360305
0.009345417019104074
0.008890617442980586
0.9825259885160212
0.9999342441390942
0.9999200725493746
0.049423319186434056
0.00398952074913661
2.9393231335883563e-05
1.2596458383140607e-05
4.791904176826289e-05
0.00028337964659785886
0.0014678348128972507
0.0014730277403828262
0.0037361035684332355
0.013078266051674725
0.9999765554484191
0.006878444582368082
0.0054695749490211165
0.013034556470371883
0.9845979784926359
0.9793259501151382
0.9915371270170695
0.9999996238461414
0.9999997327850307
0.9958631239984093
0.9916268696611448
0.9874877954861854
0.0016059001693635722
0.001838125409309721
0.002715378294612658
0.9994888859732722
0.999461465712425
0.013610543378060003
0.0037702103407337706
0.0015978816439158328
0.0015129717575842472
0.00028248827178678493
4.637980378263684e-05
2.234117591226603e-05
6.278129611403394e-05
0.003901939635346796
0.04796022195227889
0.997424686344343
0.9998673696716917
0.9968055595981578
0.022227450539962335
0.027167427830049662
0.010248133582750785
0.49755518130204046
0.9796623672501779
0.993506148904629
0.9345911213849417
0.9369397038624985
0.0709368567041152
0.03282219971188527
0.9938357913175414
0.9887273234480887
0.9883409879829715
0.9681541838390835
0.06003990799259118
0.025321346574924464
0.9504234887031473
0.007340967380340846
0.003390844243490898
0.0030928616476241233
0.003699264911622868
0.9898289855457321
0.001523173130696609
0.00494710488274841
0.12005632581356007
0.9828932022415311
0.1760609763026405
0.8814987560333382
0.8587847584067123
0.866204273432495
0.9835336115165821
0.9762761474264827
0.986913604286884
0.01759154258031237
0.017099420351007866
0.9975769193562718
0.023331651014769417
0.005245339789061831
0.0008923826874112084
0.0001992060184758948
0.013641795135303503
0.9811493891768536
0.9989378076416583
0.32841370289382665
0.9469423117909164
0.9765069795883062
0.9823011410554086
0.9837241587728865
0.25783140172294194
0.977629105545198
0.9967195614864169
0.9908725318260848
0.03046065228624173
0.005316345758276553
0.0036184623250397063
0.004621709018579168
0.0067516448335801504
0.9915817649581626
0.024885236539615718
0.029915080388150272
0.9972092089887808
