0.9733270238415237
0.9881498858026809
0.26957918367643374
0.2677666992599035
0.26649493940942093
0.31059865260761854
0.3536765162248684
0.9942896844056907
0.9976923595187104
0.674727053086536
0.6111316417582134
0.6082708413777677
0.6432920040472374
0.20733059770277307
0.025428056521805686
0.010514083580669076
0.26954435196799487
0.07216355371818473
0.7640580709608332
0.7601024458530922
0.9119442851770952
0.9922280309642848
0.683280203979006
0.030406675972500463
0.03066446958593083
0.08301479358234953
0.3344675580092933
0.533475115374438
0.012431683291620588
0.008411574949484635
0.003012614938349256
8.18502527881737e-05
0.0008376891857950763
0.002827611041535283
0.003923070735128209
0.013159560905683043
0.993938614358759
0.9972680508401328
0.9969186705152758
0.9993910839117125
0.9973638600569303
0.005133638665529516
0.0009143127060086131
0.00014592281782099814
0.0006393279915367645
0.00037210775373797134
0.00038668887042248024
0.006479259127700532
0.010585282644830718
0.3167017731375237
0.30729901633882295
0.06259848280514635
0.701538798150084
0.03603406504704909
0.014436933179005185
0.9672853696285845
0.9527615873224216
0.9593214935208783
0.707857291774803
0.032960598078670356
0.3034564353945992
0.9915146462589233
0.9918634009568769
0.3489791979375072
0.018670624428496763
0.01689322394957371
0.8704828490225562
0.850566424512336
0.9644707038441492
0.9967134484051462
0.9495989663057365
0.8460166363609225
0.7160191909832111
0.11037332127355848
0.011335891583498903
0.007854831840302334
0.002229616809863
0.044983559706764153
0.030392817660135796
0.007110995760577943
0.0042951934728928665
0.025299091512229976
0.9416532833132886
0.9504287046877017
0.9862623661808897
0.6537264610048721
0.06972892670330588
0.048630652462962054
0.09943537317560924
0.957830402049689
0.6075213805295049
0.5863754111279088
0.020847228739698798
0.014027946924392909
0.023610082785302966
0.3778478864806868
0.3872442398594793
0.4146215569193038
0.40759298714510706
0.04347137696675074
0.044830653146587185
0.21146332285144753
0.48954550415628595
0.5686547469940645
0.9626086021705883
0.6361150480054147
0.3329927844997693
0.22520718932714878
0.24006497312294695
0.40688370194744117
0.9938091343970117
0.9868810800931235
0.8089232031766658
0.6763752186855881
0.3046559340707927
0.45986766648030486
0.539522991964791
0.36743630612321065
0.1267395211803899
0.13314277233662974
0.12591778644743934
0.003761964077503399
0.03164417408644127
0.8433189752548425
0.8108634125661462
0.07572397681293863
0.8900516962844605
0.06752316164869743
0.022054595955067535
0.005413156563220722
0.9583975653273378
0.0018188144461352973
0.0006436300882636248
0.021879621417053574
0.02447737283123752
0.9990051113301407
0.9998516951989505
0.9889011788482728
0.9884786490452533
0.960995814903744
0.016730322640013284
0.00795627507523411
0.012210952890819082
0.03230095616177231
0.992202866580246
0.9731623738882822
0.030335838125021053
0.012855835441332175
0.030748167436304708
0.9532201432004046
0.23603908778774463
0.14137909290032302
0.013032812797505788
0.010509784668063293
0.01253894466742489
0.025403658082468805
0.9959763015171023
0.9940654690790189
0.987596748148383
0.9809112488249662
0.026946784173066618
0.018162893629707133
0.02261249990365999
0.020506870556353363
0.17902405004494015
0.6279299599665275
0.9766763953004108
0.9765240076681827
0.1328123885817809
0.21771130446490017
0.015506412395914104
0.018550644707862274
0.3170584279940599
0.6556850287753406
0.9191025469251877
0.7522953116179508
0.6049990206685327
0.4330380913937635
0.22770172231871122
0.18463228341912796
0.7426358887991524
0.23041107439936148
0.1273723707690051
0.2083766198396737
0.6592044878409762
0.8486512354721507
0.9298011452641312
0.5904535399700835
0.07086441969388169
0.18695810474510166
0.29310314702946716
0.5844732348148344
0.6880584186810779
0.4556777814927858
0.2671774577230107
0.4333729753963331
0.37237785314198435
0.4171557158213869
0.9492158916985585
0.5333882265851884
0.5304930540938511
0.635137942013452
0.33548398739883045
0.29954274623537014
0.07703616542854186
0.02420153408063397
0.8276141365278331
0.3834845389448016
0.2820884476687173
0.23195905757000856
0.045761507043757144
0.1298503342610866
0.7037234036055462
0.7528502535876557
0.7150209473032081
0.21275063590748777
0.4526991719366388
0.03154737491617021
0.008377604287760576
0.05120510913253429
0.31058343349698725
0.011540665003622164
0.024182868583672357
0.8367227353909773
0.8557858195189657
0.4097441128457945
0.37890355152988164
0.19650339970205966
0.7359108687136572
0.8773539542946706
0.07947892667662892
0.0325054507303596
0.16126560862767148
0.714406925200618
0.9722914618622902
0.9010393302258777
0.12634828072552073
0.08828931056756584
0.01589844303535337
0.010452720136274407
0.03707768842766712
0.003748749607719204
0.010176677886358232
0.14545818082831086
0.1399661806211151
0.19837077194371
0.13179549293324444
0.07428361306876818
0.0020716498681521145
0.010259093773571482
0.7181597517382992
0.7283007195425644
0.7401085388015904
0.736950775934766
0.7925047026988387
