0.9522214740213546
0.9121932465339424
0.9281177819657813
0.9820555097456592
0.7596065168108852
0.9691658042834489
0.9962076119636658
0.9872129611976443
0.16092845814224732
0.004562937955088109
0.003255964611622697
0.021414718555536227
0.31215944888797953
0.07514223966256917
0.03324679029267408
0.7673746356757586
0.15551900504420035
0.16186091402229186
0.2018811405187414
0.013116901079723298
0.013547755415217355
0.7697518418702907
0.8114368841745319
0.9021343041767055
0.9474241751697786
0.970368980624977
0.8553124530796085
0.8931536499329222
0.10757953061282344
0.2291495037622927
0.15009166992967227
0.08233709909624798
0.15701021545536764
0.9460240305991415
0.9989897036365024
0.024502464890638787
0.07545558564387222
0.013298509779922973
0.5863176765613094
0.367430674855303
0.17273579026347952
0.007238365180216699
0.02787193496974738
0.8532863519091105
0.9915400439459696
0.9980945065671771
0.9733091013901147
0.7746416581200478
0.1248641211417747
0.014420510763478278
0.0030658939503338534
0.10471470138815708
0.8699986148760606
0.5825021746742869
0.5693018416394573
0.5649858413132645
0.09366760125445617
0.08139857044852283
0.18700607020508775
0.15833334975445978
0.38532008416903996
0.3989698488742991
0.2679607646998712
0.2375321456392988
0.20052179200492148
0.8463259206144846
0.6711708876709868
0.36219974545772626
0.3013354439218553
0.46217755365453894
0.456143028046226
0.9508705285022426
0.9777986609579903
0.7336397786728741
0.19017808161522076
0.2073588994226926
0.8355763199031634
0.6052524816072778
0.22049973411092494
0.33821939530801837
0.394428752387478
0.3674616530878778
0.38274146863424474
0.7208107182927568
0.786487573106506
0.6409696240048577
0.9556777192885987
0.04120416342017674
0.06438418053028849
0.024662782987031173
0.3998221803786072
0.2804502375799164
0.039738108188094534
0.5700348211540216
0.9865524375932047
0.9263392560467473
0.1670918409177652
0.18484718552953172
0.5748932143773712
0.5131856255569756
0.2892909283967904
0.05265867422186821
0.09154548546951191
0.49105685347538175
0.5002273626313203
0.36588892284449326
0.33355570117602207
0.33928754947882633
0.09606360378555057
0.010442870592320297
0.014567074227655241
0.020887402511119313
0.0037628033415979534
0.946885396276684
0.8995046037755049
0.2234508758600522
0.22725038904370032
0.30278570172301733
0.9915375993482927
0.02648848543027016
0.0014282573908450669
0.0015131337632191544
0.017481741534456696
0.0031982118753288713
0.9774285229437634
0.9884294589908131
0.998452097919462
0.999222214382458
0.001648744402068525
0.00020193539512558534
0.00017122244173273238
0.00025018987126357306
0.051852884278942524
0.9961739115615402
0.3099615587723654
0.22840055623545485
0.3560609339670274
0.8705440812090056
0.8925718554022858
0.998219675621919
0.004159138987505306
0.002755119525181149
0.00709885757160067
0.008152726008797684
0.41327203987056216
0.9811541376275031
0.9944943208310094
0.6344524369513156
0.5727672006190527
0.056439101389959334
0.2332550494852519
0.21820873379265038
0.56342247629679
0.5588511856044034
0.00014498136701790454
9.809228136536952e-06
1.1473273785811422e-05
8.819304274176876e-05
0.017496779684375352
0.9983733701401715
0.9159269780735674
0.9640506091960909
0.5869054018512254
0.023616964209623448
0.4193614236551244
0.054744402718288065
0.0004269434896213564
0.00031950679408732086
0.9992030136115031
0.5629454348384288
0.0012893754569623939
0.0006418494105399075
0.030875828036103337
0.8031519725849535
0.03482568752649928
0.060844420774134544
0.11251956207971092
0.3744894935861053
0.9819229664148736
0.9825853367867958
0.9942418479315935
0.8910166296565367
0.2923719774604694
0.10017113962920787
0.05221333847963083
0.04976053519907497
0.7024015954496144
0.005092682070935828
0.0007579220417066601
0.012998851211196927
0.010465705710562268
0.43997259797189814
0.0011673182223215228
0.010123118534552167
0.9791252597400437
0.5445814769859759
0.4263054248444791
0.03184452312550168
0.6122066150872961
0.4506164068903966
0.40784872700346697
0.44381374978433685
0.3627834571457462
0.008673159574602574
0.02451857448019723
0.09543202418268681
0.05039624696889344
0.03706403886480225
0.11089033232597778
0.5331559807263992
0.03507403590218172
0.04767785397269386
0.049493655495217115
0.6538968243220816
0.0764720060506946
0.031004181463507918
0.11753786332870231
0.9211227733324281
0.9355422542357775
0.2354572119690268
0.023363904906217425
0.0009560459520345788
0.0008199524030421124
0.002530791267705723
0.007726684285242369
0.004537299759252211
0.005244989594804017
0.9836625321206802
0.610610476442762
0.9993271723920486
0.9995603989025709
0.9991277643297001
0.9894192229495168
0.6214559731619674
0.9699691557546755
0.0004908066355625573
0.00029681999138209125
0.0023452296006049034
0.010480176166712707
0.005663416537150412
0.005359306239620887
0.026152020656505126
0.23087694638596967
0.164983848369605
0.08397754860524442
0.07856208072826276
0.62277273799435
0.6703024536473006
0.4105798421475564
0.4587701458165947
0.4920462550864051
0.7153439786120143
0.10765951841821231
0.04421849468586414
0.0446620408657139
0.08509929914412595
0.945445012814777
