0.5057373389497075
0.44615225951203197
0.4462391342070555
0.44771073544698703
0.3403995470051866
0.9983221607925534
0.9998522584168303
0.9957115910191703
0.01873676518121059
0.001650609884103038
0.0005715314657935844
0.018734544499102723
0.17714869715490278
0.07676663554193908
0.028384323989020133
0.9261528222211867
0.003062553058837292
0.0010360251427219414
0.07219660386643201
0.007202408213463296
0.006585945358008716
0.9254271462656511
0.9713111651235563
0.9935185503691154
0.9992860479089076
0.9978358340334411
0.9890488358000836
0.9666313741931563
0.07833455825446245
0.07862332019942708
0.08116022653641908
0.0036549541177992584
0.006434167320865214
0.9354364914824926
0.9996110805163099
0.02056539312207517
0.0908798277477092
0.01618102890653883
0.7118359214858245
0.2382578857761477
0.0053226040000422525
0.0007738329489038742
0.019357794835844766
0.9795207714108785
0.9873882270487062
0.9930331996267628
0.9985637103993085
0.8872306516548237
0.1365625066238919
0.019204236516286777
0.010933708497970929
0.08173285501267347
0.8883409697901988
0.45216068357826156
0.4360331560233438
0.03661581270545433
0.3820337475550042
0.4461127986750064
0.1857585541159018
0.1585060800904775
0.11716065868170333
0.0760135907950873
0.049382220530799104
0.2913411545907425
0.8847078233825374
0.8941578751360157
0.09817802279812027
0.1230069757895017
0.8842502711081143
0.8644408756337839
0.934450880991416
0.9408259319514644
0.9286849221245658
0.12774857645082194
0.15371375935302733
0.8714796462256069
0.8981434249298061
0.24235581109432947
0.12728223613639345
0.13447280120584137
0.10908325476900549
0.148497348196025
0.605573999549876
0.8160714531327671
0.6102564189861079
0.9883995603379118
0.023806596425818505
0.0011322428448042876
0.0011484745182296363
0.0017107306351427098
0.00232395953263953
0.0034885402811790645
0.7153699589945557
0.9994183884964775
0.999310594904668
0.09839591058883057
0.01108188406984345
0.2172867336859886
0.46207581022829414
0.9911083023149581
0.004997239786896257
0.002951200967515555
0.003006598055240506
0.0007290628404406085
0.0006916472994483724
7.541682517364645e-05
0.0019729085744616404
0.082819749285714
0.01563092722075332
0.00020178294763462112
0.0005433120567468475
0.0004842686984412037
0.0014425056843067052
0.9981257570549343
0.9249670580935125
0.9999862332726285
0.28149401545667685
0.22172170112413658
0.2657567538230682
0.9005345886204854
0.17711352680748083
0.0011394389069780964
0.0009164448719963803
0.007823575199119137
0.0014257227275503714
0.9924673324807325
0.9998671917985326
0.9999994963186956
0.9999978064559087
0.0017489961253255304
0.00016656220270738764
0.010666669020073072
0.003374835710242441
0.08210621711583899
0.9833411822173639
0.25887596890037723
0.2283930129195888
0.28326201987409605
0.9984873417059882
0.9238384145334373
0.9997589302534218
0.0011952812786645284
5.764786065021177e-05
0.0005907775064590837
0.00040834785726162615
0.018215773170259242
0.08775771170267421
0.9940173275797173
0.9121786195498702
0.9927870599431655
0.1796748590589201
0.0031775027585601023
0.004864562472751688
0.0051273053857431306
0.01167872973426387
0.9253299685856342
0.997638275856194
0.6791480520858784
0.6325505447941316
0.021840837701962323
0.3876121850858364
0.3902521412966977
0.9996496120901788
0.999753786805034
0.6336736316959727
0.6328276158404754
0.06696792670191098
0.3833204200078528
0.3851115367299821
0.08288728041623716
0.07921496151800267
0.0063701991402496105
0.004651189398682365
0.04404198284721306
0.07379545706374357
0.006262653141409391
0.17706839057657442
0.44374771493983234
0.9987841317061263
0.9127413464958019
0.916995044024885
0.9997655166574491
0.4430258701233716
0.17571795940202173
0.07093089088025595
0.06789127847645937
0.936721854696174
0.004189051604371885
7.980126282247646e-05
0.0006895849856756175
0.0007130035925227984
2.6927458118386483e-05
2.004403049893355e-05
0.0021458233625867296
0.9969961955025103
0.46296483505921593
0.017182653125718095
0.011676815345682323
0.017268988298662635
0.003295415376238453
0.0007750935926301716
0.0012488356920999921
0.0022042065650698106
0.00297790125004338
0.02735806041721567
0.22853513720165242
0.29461918465627124
0.2680043550654244
0.223367815066155
0.3090924214022037
0.9974210267759576
0.9290831564597711
0.8587521867236565
0.8397929577520611
0.8128762880366951
0.7305466303341608
0.09729856904611167
0.12765369450121533
0.18575271357942613
0.47444962631911436
0.783030320223271
0.33492753417762133
0.04480983134351224
0.0016875319981551895
0.02299684284216197
0.007950402535423895
0.044722958760762266
0.02604287497212754
0.022354070388403202
0.9356549819660118
0.7050455002543287
0.9846609227168017
0.994240945674696
0.9821334541888733
0.7758901628945335
0.9232935309133204
0.007089838319209951
0.006500375286913496
0.006643087848299478
0.02737526826480896
0.02448292852440004
0.02644291211197558
0.10934998504335713
0.27801807056136973
0.3382682231339942
0.15131395726846264
0.213394675129005
0.8184300968661169
0.7927434311957714
0.41293486214899056
0.44494942521693515
0.44948512595844203
0.8844525764006272
0.4629548607149778
0.38589663982920885
0.3087427144202519
0.3377669502059264
0.9997262219950718
