0.31881001828586664
0.2940436111430227
0.2841208159172858
0.2831878271024807
0.3012048904045945
0.30172203546461196
0.0797827898948027
0.048287634665063583
0.04398163620672235
0.6461116501969189
0.6714736649880745
0.7567221928902504
0.8655641647909822
0.904774688666397
0.689009223290838
0.6338456076551184
0.731697640565188
0.7639023160251683
0.67608497714802
0.6791274833810215
0.7836186802938884
0.724154808979248
0.7634735050963816
0.526736192947569
0.54934042259227
0.6295893363105758
0.016977244332376462
0.0021176927121430156
0.004657008637537818
0.11393454026851713
0.03264195194950659
0.0005817495779143478
0.0003478449769503955
0.001920197796154377
0.0015817783197628055
0.6378269644426449
0.6563420045865194
0.9957181904139272
0.9966068219915195
0.9841504940313177
0.9804425799671609
0.9857727380521737
0.9924050947194875
0.6533609413994094
0.62128306009685
0.4161339060067285
0.6308145715393667
0.3064016108969313
0.3044849203036577
0.038997094745425676
0.12322086400753596
0.009038863834678001
0.11019411913648924
0.5611896699704086
0.12659586281309465
0.37503139778523964
0.585130114246569
0.32176969498548524
0.0822627154766884
0.40067202357455645
0.8959389400018329
0.9935729336015261
0.683519477969444
0.37725137412482723
0.05033855931960063
0.17824571532613065
0.136941189967691
0.6006488807749819
0.594408228382393
0.5924796876176126
0.8141443716929028
0.7745776035497146
0.35757422579284315
0.33972441268734677
0.340111674076218
0.28133197154511436
0.8419490117236827
0.5604514216978309
0.13424860090697466
0.13081354027926606
0.06444730808714283
0.5431042224850893
0.518689682008155
0.5067732548863592
0.06159670639510273
0.08887203796944765
0.06114636537277629
0.09798003590457649
0.9994165171135097
0.009944673773345958
0.003616227269570005
0.002535467045055584
0.001815054970804919
0.0043971784810091785
0.9996369410269136
0.9973913539169432
0.999766519790234
0.9979233374671879
0.005143883052296183
0.0009670076552562579
7.458197557197455e-05
0.0026044400716614957
0.008896548544120586
0.9886497800906318
0.963853498400818
0.16604414760035957
0.03692149645338039
0.02985662764303776
0.03420053894698771
0.9528065658052461
0.9708366390162986
0.49187483338233207
0.39146545031308067
0.3897786979846922
0.9263784752428759
0.7858601031666688
0.495833223491531
0.42977743324344275
0.43233194214519666
0.356890599677098
0.26619839767121967
0.3100831715619652
0.6243584483121527
0.25596763157568114
0.40506331617328384
0.37473918877489076
0.054931406606530286
0.378493700719403
0.24626644731427527
0.2681454342207418
0.02381732135366299
0.21359901037394846
0.4264344912736602
0.4294012364136508
0.8603296591708856
0.5570365599105653
0.005582315793793868
0.004097392981355474
0.6029777196801929
0.04300706784767727
0.3849851806025363
0.06515498543543086
0.6315630119795734
0.3660702879233477
0.3283808266351306
0.12117880062687769
0.43483138488397455
0.16984112092640835
0.6122419138991357
0.26454001894204393
0.18327039398863199
0.22584181569505168
0.2381783746356313
0.31540452010507103
0.39628379801006275
0.9966256109563812
0.9952921963560918
0.2510049012562836
0.04777078391050893
0.030491715231168115
0.09833165616072259
0.9237447230445407
0.2342797009698302
0.2875535870270126
0.856536115594151
0.9859562016158133
0.9975222232568738
0.4046765889769637
0.247323058711997
0.07217886545994567
0.059331442274465074
0.12399250588114619
0.29667106932255016
0.15971028882453586
0.15180109806422415
0.25660157706737685
0.11828224964296363
0.08458699824691296
0.8093894459708938
0.9289687846560851
0.8999349032372846
0.5036352021346643
0.5186079656751431
0.5402434507758604
0.37105429241327204
0.4289693362212823
0.3925872945772817
0.5159635610549436
0.7519229607459355
0.699086451168333
0.8682652464330212
0.9151171545622943
0.9476773366924961
0.28262481166044984
0.08114432983769382
0.007406518092579528
0.003735573933467906
0.009193740252342986
0.02148556190854256
0.02112034187277212
0.004565385105319453
0.010683789222173057
0.9833281282957529
0.990899780299627
0.8412272644888126
0.07967290154246576
0.02065484891955749
0.001068046782665144
0.0025467777412326864
0.0006942592414140858
0.03142136298837506
0.9973590831363817
0.9992718142413451
0.9994444196942067
0.9973823187059124
0.03156437992326011
0.00039280638104943755
0.0016440768871717193
0.0029841690129642773
0.022584226434053223
0.24962195628410044
0.8307291671305131
0.8437321242570573
0.16067649293272368
0.0021079315597620774
0.00019958008744280775
0.005363572780741843
0.9964403862458565
0.9965024369397982
0.9973237057748727
0.999840723688484
0.0031293794846010137
0.0010751060261212642
0.002448506732169231
0.16026262154651172
0.019745978840006617
0.010287380707439286
0.016605596092551966
0.01586726069492117
0.01519992932939318
0.013786331108897598
0.019476439058873307
0.08390266034977367
0.11493786223185265
0.33938227809457533
0.595246598407541
0.2994749337157532
0.07299754319952623
0.35046082032364934
0.038802783604902635
0.27482750258792743
0.6239084178339438
0.025825457111570693
0.04853780220065684
0.06610515967005492
0.5804131312934211
0.014274952754241177
0.16114390176722693
0.3713387934462359
0.7169322263616238
0.7019754093018469
0.7367659116515328
0.7103037273555404
0.9095649229854863
