0.9222226291325539
0.7650045150949591
0.7303341972929195
0.6761973265764332
0.598896921650029
0.68387706852092
0.06904773864881963
0.1088389516142152
0.1204079646602425
0.1261958062802142
0.8404686331301103
0.18375484230999184
0.01723609217470501
0.014412902273714279
0.002058069040932864
0.004588894280487588
0.033609849861472196
0.9484016440181089
0.9484599429935712
0.963726472961403
0.049427457784062434
0.031601956545997734
0.04605919205084563
0.04643968998816539
0.05073362840111961
0.05433937961830804
0.5102428116832709
0.07531100257858103
0.1300020079681996
0.3882311353969665
0.54879425391126
0.055617223410417194
0.0845981591462871
0.6944687749254459
0.6854645571648118
0.0914804359434801
0.060464014887197104
0.10582915130001957
0.15759468337050142
0.8946038347159873
0.7851474289049677
0.06393016107789196
0.09998869446788283
0.816232543882506
0.8244202953897206
0.9816610325993177
0.9124605863620425
0.88318907045535
0.9862331060016248
0.8676883506943915
0.8603913063217109
0.8408333381850528
0.1150012777870133
0.12245805551604216
0.9177963969021925
0.9040975286402433
0.06214518212233011
0.059835713531198986
0.08084486997058371
0.31783068337847253
0.9359425723418016
0.32421275061619137
0.14698070454762702
0.26917091768988055
0.5826753018249682
0.5837405597851296
0.9746105118511768
0.08607483037856722
0.010735405173397328
0.0030363873903858085
0.0029447807826331607
0.0021984110743507035
0.003087433095078307
0.9973524607215193
0.9976030991183114
0.9972103887839978
0.9973449975355381
0.004479059381320316
0.0047856109752744125
0.004245774944724112
0.0028534170174204787
0.009589376673292849
0.09486341082502747
0.9772604460745329
0.9046418308508716
0.9766671079833522
0.7029999272974696
0.19100515862076073
0.2084935958067582
0.868555690616699
0.14308304701342112
0.09044853213992676
0.10549893417900724
0.14516324177788664
0.46900185489574997
0.8588971088260551
0.8477117973873955
0.8956986129932247
0.7381211248867982
0.28475815645147295
0.10866365833425429
0.09183971061254592
0.22354871942585886
0.27049953435914176
0.9928057420991445
0.9404230455548878
0.8842487651737072
0.12810084094441188
0.020493832686810598
0.023950975707653588
0.025885844908820954
0.06750384600780979
0.025622028377104034
0.03636207502986233
0.0737044148069157
0.9616425262515941
0.4579142133679114
0.15990182541705988
0.14165036948423881
0.4582483774195456
0.4421820990569659
0.528497031050963
0.12734060161627092
0.5076302808354897
0.4243917929452067
0.4063697250405581
0.393312195068358
0.3518189853195859
0.3558257782465202
0.9466922802154273
0.008988153473600158
0.005901211071231982
0.0020599706990076516
0.002735053658979081
0.959864223247698
0.9099963931063013
0.1965790450218058
0.2014967834385074
0.29809250799696785
0.9916928546614352
0.0035942553407510847
0.0024437747282675115
0.004660957057859849
0.02151980286044819
0.07358371877402581
0.9983896280217802
0.9991836066846966
0.9992006384528409
0.998776111651758
0.07376897528592596
0.0217801544377354
0.003782289025402563
0.0008144983860794985
0.002374185208468882
0.9977896739510239
0.3052268225841023
0.20644413930807437
0.336077855694598
0.8638939394052965
0.8800557180877933
0.9860178359598532
0.003808154453492807
0.002733170242167904
0.005678033587551812
0.009518331097109312
0.9719915781921241
0.8969286789803441
0.9547760856950815
0.8287450492963686
0.8259818349103818
0.20188626704499213
0.06881447351169556
0.00042158415267457006
0.0005355595545050162
4.660757743268906e-05
0.001597475231516099
0.003129498574728662
0.0023341220509957017
0.002163723342556434
0.005546732650341113
0.015951674218969703
0.9995520329670582
0.9995532473495778
0.9995482529916211
0.9995391213851214
0.018501778915529177
0.0029923077886224725
0.0018005282253216182
0.002129608448861009
0.0032375125912532665
0.001579980634298539
0.00028739035800173784
0.00091456180699101
0.0007718143200353689
0.06377307999264581
0.26077269754803756
0.9035879567137912
0.9145158291809831
0.9908070130141341
0.9833137365182306
0.7502836678063673
0.779551767373179
0.9701365561551802
0.9707567235391674
0.9705924338363066
0.9452289528920566
0.7719244418539299
0.8012073114123248
0.5359299303633223
0.07525314274507999
0.0691262664352057
0.35041587392768603
0.5100883764247907
0.5165074939934988
0.23131140961871366
0.015381939765307773
0.41159824215097285
0.3046464278652038
0.6227320357478545
0.6614360652793436
0.04404684897296118
0.0058761741576306425
0.025125776274469436
0.007466717728953354
0.0027612251662074705
0.07298013068696918
0.03616968813285615
0.12797372350116676
0.5999692338535847
0.48654553784080623
0.5162846501796712
0.9842024684375592
0.8824917863815079
0.8426224979659416
0.8915269426291851
0.06221310540994107
0.05117051810646844
0.18407735501701672
0.5864245374076751
0.8358738364496163
0.3714902279853429
0.04115015027870972
0.00035073778150562784
0.0010701707956783935
0.008713231252871934
0.019929157641850215
0.020101059339854066
0.016417875944364613
0.9584762397501632
0.7189789453018929
0.9936033454360046
0.995898235972225
0.9975017391514449
0.7687426140401354
0.9529455259468582
0.007809178756527091
0.004374749779951892
0.0030253371298123444
0.003205646592569833
0.0018097044406021334
0.0005789960230322411
0.048208395861198294
0.09892291327041969
0.30470925790293146
0.2600904364135277
0.25830005806207557
0.9692482670423025
0.9670406574243134
0.9815555572346352
