0.6486651412828784
0.02361162026856367
0.039538973877082384
0.17746380631140268
0.0028366328734721336
0.013909151936083664
0.003300897966068028
0.005104493148350597
0.7948729815146809
0.836761289720946
0.7540210336443502
0.8484406347001754
0.8696230856682949
0.8046276854223502
0.7306276545952273
0.9950131439478163
0.7045516841815832
0.7842222901543796
0.7469556119300087
0.8021716310791243
0.22134706337332166
0.21357113316509868
0.018475175123541132
0.17775354458240655
0.18034058939334474
0.20385400736471615
0.3618714652871309
0.3514505583381764
0.022134507695046435
0.009203275222834262
0.009787591123562978
0.0049779583352000945
0.004403532522894493
0.12466264990916154
0.41519391739627787
0.8445849509219
0.8604277819264169
0.16978613418038868
0.2176827480661777
0.852743651381886
0.006487274222678585
0.0006205627670116121
0.0001813175294848035
0.0007473065917344979
0.04586393703913938
0.9999663440971788
0.9999338980621649
0.9994752069066443
0.9993991328332066
0.9975852531748114
0.048642250324590686
0.00026154581198611915
8.471112334496045e-05
0.00035615661600807424
0.0075654406405119
0.5029765105664802
0.1932778734377092
0.43400119984654695
0.9654240483425798
0.27301035107227445
0.14900791524913448
0.18395280961733118
0.5028090845809577
0.011948279174793686
0.0013465920808910514
0.005026225816163188
0.4283775964392479
0.017815458555179187
0.0015935503554810326
6.021590629656792e-05
0.0006295548401461515
0.001049106176175818
0.00525288406661184
0.997520827029904
0.9999998088360658
0.9999997869258717
0.9999937118216996
0.9959089567031102
0.9982498901527929
0.0037386671398218496
0.001040037318799203
0.0006467227800329711
0.00025169941257230377
0.0032475930308273337
0.017491876757640634
0.9995407539207778
0.006252991156412091
0.0011870898899417615
0.0012330895078346282
0.12309369399759296
0.6901835788202697
0.7406874153543686
0.9092337112543428
0.7802802321236965
0.8518044885816505
0.37595593114238846
0.258244765953317
0.24109048246261722
0.12637209580394015
0.653075881047074
0.10293526729196811
0.04641468881543531
0.05933510193046099
0.9318649120616543
0.32816439793814833
0.28008387141269464
0.9830130063823245
0.9762890604787643
0.9940697991677345
0.9423955060981828
0.19141982057483564
0.2428675014763214
0.042458997562184075
0.029497712698202228
0.11865705377387947
0.9149255134090285
0.7763339134437548
0.9433366881778702
0.9758537035165782
0.981336476124235
0.038444520980613794
0.012390681189198394
0.01643412923967913
0.009321251300354327
0.001554132458516544
0.0018625213527293516
0.03755886697598876
0.9811540803130235
0.980958795790055
0.9366845742516213
0.8424390290803975
0.9984840524477702
0.008547110024350157
0.004791923143168009
0.014844058542503258
0.6640014087572659
0.6595015514168975
0.001768011427593974
0.0016952156763971882
0.9997483488096752
0.9998156596010547
0.0005178390790309129
0.0008023021384077067
0.0004556405421127785
0.0061304736176607255
0.9997680876555024
0.9997983451783663
0.9998511574663714
0.9998941947847192
0.006096457781373021
0.0005746356301603583
0.0008801075958263516
0.00047269214506617807
0.9991494998093122
0.999178472006575
0.0017636022704249354
0.013943936686003688
0.9881874636062352
0.6695088161431655
0.6556295021921293
0.9789524319151979
0.014583313873127834
0.01622286948725904
0.02006748156745175
0.9257920128732134
0.8530708293801783
0.999785912861889
0.9998924591523242
0.9812216230522648
0.03763529578062641
0.0010169458204589699
0.0010808035271313576
0.02198220552151231
0.023717179176327652
0.027901110285080688
0.039521380910923165
0.9334874700071996
0.9090157544809916
0.8515026778274302
0.46749042992542356
0.20438736270703872
0.13575030819639966
0.07595485058896467
0.7763901108319772
0.1919215059528453
0.26804079314155793
0.28188241178863493
0.03592496389550792
0.0011585146097873311
0.001431714863504352
0.0013984017278063643
0.00022041100766367894
0.0014597947167256375
0.0015212561871987829
0.9970542462606421
0.9554907085170204
0.9988027071573305
0.9992328938611299
0.9989549694054127
0.988605110120656
0.9819555429072419
0.9819389743051601
0.0009540515347959966
0.0007380566909015451
0.0011047338280422148
0.0020368268366710574
0.002420589331800449
0.002461393341193663
0.15593133947237459
0.8900975699179169
0.8823456270042362
0.8901072687548975
0.73921742709101
0.23376169543961056
0.10224549578285003
0.04265049023599721
0.7791612018857156
0.0843189585554206
0.25233459064682495
0.4513012337936979
0.08605798759591843
0.01993615300109597
0.004319992843125786
0.007858338608061843
0.18329432007320745
0.17034604543346987
0.19488699029214163
0.9948722092533133
0.8722501265535257
0.9750453548413361
0.6303459580178379
0.6193741582190595
0.03199353057279708
0.034990440857487926
0.43372471987901573
0.5775892958534853
0.6461083877480198
0.9548796005719419
0.6409667662450926
0.487981042990697
0.07157843565822897
0.06866838238658635
0.8012518492076279
0.8099296790556217
0.02629645335000219
0.007624604887844444
0.00437345080798468
0.9742840706550607
0.011094784261805435
0.0005198215099432302
0.001528235274275258
0.9766049732439741
0.03126164710008761
0.07085698375010163
0.4465085047410282
0.9959701493733978
0.9958684215933475
0.9892146158530548
0.9878455734699143
0.43111692821289216
0.06546760770656235
0.03669369494745367
0.01938055766329705
0.018969354395859117
0.02535869797579149
0.035937683087362116
0.019779754439940622
0.058520882625710646
0.990787835212235
0.9744901589587006
0.9980449401641827
