0.9979207479324421
0.8071803859010351
0.7368249738821491
0.7057374167661612
0.9707491769415537
0.931423623427357
0.9712678871761575
0.2154246438732871
0.19853402338646675
0.02600393020430287
0.018249151620004178
0.020071835392358538
0.0020785572340443533
0.03479983129076881
0.06967343590855643
0.19091855562048785
0.1908819642860301
0.9794868285041674
0.7090450680782636
0.03687541433399213
0.004860803040784378
0.005963828981912889
0.0008246998843423392
0.0016626085804096746
0.07541473003951144
0.27058510150250176
0.7970253070169933
0.8723607723345848
0.8742905818358502
0.8755845971893568
0.813694258872554
0.26938831692955334
0.0628654897412328
0.009065879735648963
0.00037979460391175386
0.004016037017894136
0.19646742764102298
0.23787741688141686
0.9700603874721878
0.9799393574583946
0.9880672210645698
0.9645933487286931
0.7939356538252058
0.9236947456791633
0.1740328596556388
0.0009428614926891287
0.007140532128372145
0.0024176909682832367
0.034475930833649054
0.04991707408237593
0.9784611792027726
0.8573561160725671
0.6659596276148607
0.6221174680668747
0.3623854941753517
0.1072711336294257
0.07292541337122835
0.22925422087512995
0.08062537245269846
0.14785381629765076
0.12162762434488275
0.11785041145019595
0.31053960219511706
0.8846288426710942
0.7810198462254154
0.04414331374491678
0.005531465910874355
0.0008538773343673256
0.0010694306140127785
2.8340226131373656e-05
0.00018396619669246438
0.003338980964625493
0.9574168853008891
0.10419577322962799
0.9999948382176609
0.9999908720190944
0.9999964368057774
0.9289614710739078
0.0006726400210482874
4.193516684170007e-05
0.00034401312127121383
2.7527925733838998e-05
0.00022927393007632355
3.546671233739529e-05
0.003993847412005413
0.9999993433456968
0.9999994859779684
0.9999995487775566
0.9999997113004402
0.9999996472985948
0.0038914159587320027
0.0001396207337637123
0.00022737570477953105
2.7374990508055584e-05
0.0003449099042169057
2.2870264798624528e-05
0.0007509272253746978
0.9997528158664286
0.891926588631045
0.958379797678079
0.11719460513981649
0.02256156013241388
0.0008379023375077121
0.002605433311325811
0.0013694773806544268
0.00034314593794780855
0.003875164381576668
0.15068244214468673
0.9800710803543053
0.9068863625061232
0.7061249867572759
0.12119638321515186
0.11271695801350638
0.03214618569764351
0.04465018761561929
0.015481652664703116
0.7488034944967032
0.22431826555508946
0.18091619833302067
0.03344543984527095
0.06690249542567694
0.6257575670224973
0.525615084146287
0.8787706626671643
0.48586741285334684
0.33877400328548546
0.23369534681798754
0.007046883206314746
0.07427594210722714
0.4224665666587469
0.04888841842266547
0.07471180136793391
0.5801957751314373
0.456519232828399
0.07205488425874965
0.08575658544479126
0.988194357473217
0.8669714315865646
0.9494690012950564
0.18231909315252584
0.05661615668364181
0.4001693917674507
0.9779172930183546
0.9996622336828327
0.9998198427365419
0.07628627128636674
0.007364909687654941
4.445481476751389e-05
1.0852503125702295e-05
3.516239350063177e-05
0.00019818535593790765
0.001023989567604766
0.0010257991924826015
0.002586169922992165
0.00898218268129951
0.9999892724288129
0.0032480116273842395
0.002436777099238452
0.008619665733092752
0.9921763577345946
0.34374901526854523
0.9982408840184129
0.9999996540929699
0.9999999140142453
0.9997665587365367
0.35695524751702024
0.9885441562897108
0.0005863011394439232
0.001068235261154493
0.0016751014538642472
0.9996712401466137
0.9997895049445327
0.009310079267692804
0.00257020442101612
0.001088592442818048
0.0010546392179903163
0.00019740737529579943
3.248229140385694e-05
1.3618274641824523e-05
6.985847599116912e-05
0.00719636701853149
0.044015619756735756
0.9666978744809744
0.9996052407523157
0.6238544000241164
0.07076671167327571
0.4833192530706328
0.017596144173615356
0.14098364983555062
0.6107770136217027
0.5800420735971865
0.08056460682521088
0.13115211594134382
0.37417590483439545
0.007244969643303056
0.4251217374530367
0.5257063508259764
0.5759874386985393
0.8407593532507878
0.8761865785075873
0.5050388259039463
0.6541740360419322
0.5558402873276942
0.41554681020251627
0.03430235103140262
0.33392123529189444
0.011645818393666463
0.004961202347243265
0.009438023438628328
0.1256443941909489
0.7786800817981225
0.014185634315407945
0.00169644939627126
0.012648715089315886
0.5775375770470154
0.5610137436775126
0.421045781366517
0.4143588806011825
0.03195744317506496
0.042828648971281025
0.41390115910453373
0.447342203213139
0.15057706444590013
0.5355920284918194
0.3873714505626614
0.4110409341803246
0.7132274264684118
0.8117695323102585
0.8214058721722386
0.9253017891874038
0.8171248132978084
0.8411871145357632
0.11066299239584436
0.1747924358200008
0.9064488828941291
0.9987358297772579
0.50580840128582
0.09019411891150426
0.5491662065296135
0.16829023707482682
0.277382696133482
0.4413769969984615
0.4394659840464604
0.8273966691398662
0.12661685351943266
0.1800928098457356
0.016728004961666487
0.00398450720973369
0.5683487503818834
0.6124170610361237
0.7991543365921924
0.10634046260606375
0.13049088385689706
0.7259757038750687
0.7627969690293948
0.9196528135419848
0.7428954235407514
0.749111924701455
0.8950566031967426
0.8904651955387628
0.9974612333382538
0.9916399731626491
0.9862487923838903
0.197336483665896
0.004063796595083713
0.004042700548019284
0.019226689805333083
0.7427961956435414
0.5523571902539732
0.5560599723706661
0.6027949530740504
0.7397989898574586
0.7414250844895738
0.7897070243108324
0.8089876040193729
