0.9958978093174682
0.9953465052904473
0.9943550624945733
0.8942564024132513
0.8854203703104262
0.7063446695372824
0.7327183200965977
0.6572894574665149
0.9818463041653732
0.5246926076201847
0.023135434001256394
0.03591863576517473
0.05892001773863187
0.6009303153102687
0.11547107564338377
0.970046271279746
0.47530994334506904
0.4569630693384381
0.4542119325999624
0.10382982406848063
0.09112433030599287
0.15319661438161658
0.1251996443969946
0.18904632196573634
0.04355688378038436
0.105412891656816
0.2118083850489153
0.3643922036428624
0.9305963613132926
0.5921844728479906
0.5420996660450753
0.5600933603481802
0.9626134708990153
0.05937325945320726
0.0707844429851402
0.4394860339553103
0.022251712009297542
0.10938476775590678
0.21126313331330082
0.5157247642260624
0.5655561753656477
0.9487513606037764
0.9835295771329484
0.9885816792306321
0.936611686936225
0.9610523503781225
0.46958609932807915
0.4115655977326338
0.07305714142286623
0.0389807962503943
0.9824250472594285
0.6492440623666011
0.9563024904962496
0.5013944966466892
0.02226229096371246
0.015911522913369613
0.060317893463649686
0.004382095344147685
0.0010583146922300557
0.0006840132215657491
0.0027419720241572687
0.009610605791668947
0.005451048572547079
0.010492466291731839
0.11016845824356558
0.9772679428655529
0.0645936693859549
0.006282657276078241
0.00015551738587504804
7.467928702276083e-05
0.001508465982551499
0.0005097598834982175
2.9172421553647077e-05
0.00011051155647145983
0.021742559107349235
0.47754615157595437
0.9796072257842593
0.9804600900028946
0.9966464401478039
0.797551966066345
0.9981876968653256
0.04825416443469355
0.0007216974758170736
0.00024127959105679775
7.951790058147168e-05
0.0007722269977910035
0.007832794816162947
0.9999998597311123
0.9999998566095836
0.9999997460965064
0.9999999993094796
0.9999999996961834
0.007838851724679574
0.0007657224105862559
8.010153539161902e-05
6.740499735857775e-05
0.00016540795073549663
0.04794025546782499
0.9672034125930621
0.8308256038653791
0.976649817959792
0.45886452078521744
0.021723536072737915
8.32968500135145e-05
2.6192685952497463e-05
0.0005104644849169837
0.0015092962363396634
7.510265517063353e-05
0.00015521249783922997
0.022694167365227336
0.10101837996490681
0.9776895660705719
0.9538396465941998
0.08563704603405409
0.016394131325779826
0.011022213565611727
0.014406219172240387
0.0023620014621985597
0.00017764208447235141
0.0008983019232773337
0.00411667799791382
0.4112227881940014
0.7250345812243448
0.7272297802292351
0.5230827443359691
0.771564531088129
0.45624463046524477
0.03983115026104156
0.0004565207872011534
0.0008222747557123933
0.0001181211709770924
0.001189293451404616
0.01042451688416568
0.9938992567472745
0.5523469895790842
0.23221416664690797
0.23424163303326717
0.017717833539777628
0.00016949066706040128
0.0005617531336952197
0.00031819216252670923
0.005762331160804823
0.17467434535004123
0.4426575476664225
0.9999470706177218
0.9999275916939874
0.0372398841647833
0.006575508637813976
0.0018902592617776603
5.677666513581592e-05
0.0002939848382980115
4.746019799284351e-05
0.001196404996446132
0.0037722662967466514
0.01705794302309993
0.03356287102847377
0.09931072338097957
0.08009360799170961
0.08032672518571016
0.1576746137702706
0.9194807299638066
0.9205540625461182
0.9811604983967401
0.9999799726562494
0.9999963158214235
0.9970964003545627
0.21287704998640578
0.00402550567604576
0.0009615757274814563
0.03267130458395129
0.9908635537551451
0.9916506907433975
0.9980584294765485
0.04070031573698896
0.017053617751534023
0.006676917637118418
0.001532850610425962
4.8746467955940176e-05
0.00030113009917698275
6.093239293614161e-05
0.0019048822474986293
0.006523807754261313
0.039508876895991585
0.9895534541139311
0.9991969153819777
0.998310279673252
0.6965042123680478
0.9993163517672997
0.44760167277979857
0.45904030593700496
0.9999801503178007
0.9999600602028618
0.994385847105565
0.1523991818815541
0.004961136071291783
0.005377618713791721
0.9997157572756592
0.9999698196440422
0.9998641510851382
0.9975609423960288
0.003415893202648901
0.0041112457314983475
0.15180078318448653
0.0026381885675355043
0.00014002678917701683
0.0003634130155437676
0.00034714022168658154
0.017911812213707967
0.000553571312506107
0.018181616870178496
0.9996976455539589
0.004095769904490121
0.0014597233053731395
9.214803713519792e-05
0.00080885702564093
0.0018128636510713614
0.040653641784659356
0.6208723794963109
0.8244579216143479
0.5023489663181919
0.3674035998551173
0.35941442519028155
0.2877335070201439
0.05170578855532226
0.0019325942758928738
0.00026431366240908805
0.041490403415508914
0.9975905253654558
0.7024354332098582
0.5225438924926296
0.4911182655515679
0.0009105841013351545
0.018918292942273762
0.018031778804431187
0.8613074760126218
0.9087585461793509
0.6412093900854917
0.5905435340298684
0.18907633146064673
0.014171400321042471
0.11571095524838548
0.7282089665802707
0.43315826938614976
0.42189498426156646
0.5700187972602171
0.559074601933597
0.30394640370142245
0.5586311310611034
0.318776533790625
0.7474682897049715
0.9447481130716473
0.9354108829714343
0.8386025721237784
0.9216518813717149
0.20779967448810488
0.19481638881431185
0.28956981921813507
0.2560382304279719
0.31557925485991356
0.3520767526879506
0.8764217532282725
0.3765258373083753
0.8951273013695038
0.8455645542697836
0.7000743804504727
0.6804187201707282
0.7407892098847098
0.707600332841752
0.179686851217147
0.6550414540590603
0.06119545950249439
0.2326689671894534
0.2923946911034395
0.15924457265564151
0.1599526276502018
0.26571145431000287
