0.7118353822392434
0.4655255341793474
0.7033467913821283
0.09906919055418428
0.12294036737642
0.39381266284736804
0.09328731626094977
0.06942172082272846
0.6566808840460592
0.25732229891303626
0.28073338878584975
0.2727444268158078
0.6553590817482444
0.13775050015849477
0.06845778913824785
0.10717644948043525
0.18271295206733007
0.8125019545966378
0.6572249104533661
0.4408401016295628
0.7476490024417841
0.04940687570758573
0.2945441471987771
0.10120518191666061
0.10655901230320752
0.073174306535018
0.04207007627459092
0.07193720612698706
0.2749147739542105
0.7952636548571681
0.8080540375801539
0.9932856060765508
0.9996904108088895
0.2967242205168229
0.24726609067792493
0.08810271584826035
0.1545237972564929
0.417181970658546
0.7488731320597146
0.34947361024068524
0.10927524779859321
0.038736795740999086
0.3095060339254677
0.737238786856484
0.9902110969846588
0.631266286091543
0.38186638849127685
0.697532343300909
0.4465282860704156
0.10332699956712843
0.12563394842895426
0.18893557527745175
0.08031931614966914
0.059756240239507985
0.006229536074592867
0.440552718801436
0.5318538312344776
0.9992190069333454
0.9998858377366922
0.9986870019954115
0.79143475527852
0.7422534300564692
0.007523267847381554
0.006301383939699812
0.0004274384181388591
0.005580406284833028
0.8276381047526526
0.45808869378765626
0.9963927901572631
0.06935105616389314
0.016188424545244606
0.013570776690072228
0.013283173550193705
0.003441976887863074
0.000301451667777064
0.0311513361392477
0.0631257811755912
0.028333644696001747
0.046423725204827404
0.49811618290769655
0.999736364149059
0.057144409739534496
0.1256260705992467
0.06951542192056215
0.012704329948004522
0.008924813079884797
0.0024465738096349776
0.0018716207116362682
0.005862447307194207
0.0008584736335763843
0.017637461296418744
0.28172206459441684
0.30973635086887075
0.8010073306966312
0.8223351636186502
0.24818833868546541
0.436570436646048
0.07950459541067734
0.5361333182744149
0.9142378486596648
0.04875614126339067
0.0014252139763790694
0.017357734766288102
0.9997180089225659
0.9996459342255419
0.9996475333615176
0.9999931813354812
0.9999910576449469
0.006621021624402368
0.012015148029162925
0.00960452193853556
0.999738803099442
0.002733505794025537
0.0023590014758846367
0.439078588835759
0.810173025574404
0.11716600984688652
0.1028816137316122
0.022613781510589903
0.0007296558970654177
0.0009545325302582341
7.673687813869456e-05
0.006860915354698904
0.005570946660417908
0.008313827723430367
0.5197378945878737
0.9866374053648654
0.5613931704943267
0.057259932792361856
0.12251256422589474
0.48064578004046243
0.02419435829953709
0.006461028990148887
0.04547198063403357
0.018092133650146502
0.0017236718318109912
0.005073710034897649
0.8436058982411332
0.4854210340022955
0.8306588286409692
0.20517395927469018
0.11398577165677914
0.07863951515047785
0.031536761259649104
0.0016236467392796161
0.001522732278295913
0.00811483762180798
0.03907713735199736
0.9993654399084372
0.9991076813133654
0.9971165424738996
0.0225345278468162
0.002535020856611947
0.001536857695833893
0.0035774154445261663
0.011143428038212666
0.039053408753264796
0.020461684913069433
0.5071268574206333
0.47024270876272
0.9992253169348375
0.9999826431617077
0.011913583489176371
0.0029158049317022927
0.016684584414863757
0.01730963465905766
0.0015703223550023182
0.0005721879907761851
0.002956157496939227
0.010576527574354233
0.07174532632936648
0.9867524038756095
0.26884562212432594
0.026968647319239758
0.010584247222735876
0.022358258387107144
0.968466441006747
0.9635634366265373
0.9786512859867394
0.9843383784017632
0.999950134872366
0.9819948987728979
0.9301592660204925
0.928423469657222
0.01778059257708453
0.07857696139107573
0.09935694515133686
0.23556440523590794
0.9987874500680345
0.9837648847888498
0.07507859235896541
0.028504737326042973
0.004597966932506914
0.0006059244345190118
0.0010785621150321
0.0008613683182184806
0.0007251049867812442
0.01876892569914934
0.009303661220789627
0.9638428683884053
0.9998860181871813
0.9998664695120261
0.7150042254027797
0.96222446499905
0.5701490647661851
0.3858075688118171
0.7282531877671845
0.983487194219424
0.9943714471979671
0.8862185027319418
0.2694307861163413
0.11650090217084463
0.750887962625793
0.9996719241594659
0.9999684755345872
0.9995288475468406
0.3417798457008169
0.06616585385113771
0.931055312129928
0.05148000215442916
0.018257373667187826
0.0007078878994682958
0.0005949506837650276
0.014228426403956496
0.002288144670774428
0.022514926758237408
0.9888104119083897
0.9886993212837639
0.0376400820773819
0.006156425469649562
0.007546955116649934
0.003515848889770079
0.23021697028600774
0.24802700244678388
0.284055309090695
0.17717450180008543
0.28284251503035973
0.9341238970153429
0.4891393965025852
0.3666334120297968
0.017793245222387677
0.012326127021394129
0.08514273313010212
0.978124216080777
0.5439371418692559
0.7544285669796293
0.010364430338401065
0.2337730346207858
0.012025748032560846
0.010588446414605102
0.9824538972019883
0.9964675848024106
0.7397881856360243
0.6995102250722901
0.11562083591845995
0.08773026564121178
0.12068185816254984
0.6619640342509754
0.2747846191954233
0.1626141270098509
0.23330395928019576
0.3354018626171724
0.618241278362168
0.7116338590965221
0.3238073166563811
0.6516938289674687
0.7272189508783317
0.3415561793793387
0.44540658273977907
0.11789732419908194
0.0994865124341654
0.14207650628807222
0.998222811159038
0.9649871635166539
0.9498021899974386
0.9985260154250342
0.9659580916330329
0.998305081123093
0.9767570031708882
0.9508797765623508
0.6091774417129211
0.560184300030858
0.009536411491919305
0.04754797883560691
0.011003357468616803
0.1770426330954371
0.049437188794372644
0.6185769761287027
0.5531232231879342
0.3777534802998681
0.5456774538994461
0.5867037843250189
