0.9855451776577984
0.9705459687300723
0.9895810667022483
0.9981664942268021
0.996520947675991
0.9957215808632337
0.9936876014023756
0.9773648748475827
0.19464229102479025
0.11268805154230943
0.06019280917057013
0.026744714853455642
0.06970191859040253
0.7123631931463975
0.14666024997605032
0.005313710120145809
0.00504057895658061
0.006557990657782065
0.009684896919057717
0.013613550100625926
0.9855240937024152
0.9972643200263397
0.028930213820443584
0.004905047338199187
0.0018047983345338414
0.007446133483387629
0.02226141800372461
0.04417545187882643
0.22872681089046487
0.9973879265475292
0.9217134300070837
0.9867098784674394
0.0616947539739825
0.0018523526662806988
0.0007813959521316693
0.0004214057280430561
0.0010840844063962907
0.0015365208827069488
0.0723514278780949
0.9980109851472571
0.1875315673302307
0.11289861035924453
0.11233190888201694
0.1760642958440154
0.0023316220700413393
0.057248624140965654
0.12918890662580984
0.10600371267828912
0.9925307973828245
0.02655076336960238
0.008833520499459846
0.00565034453141422
0.5035796640498551
0.49939139455685355
0.0016079013039397294
0.0004599097174147193
0.0003758228430623678
0.002529692451854193
0.00633825751648065
0.064779098579134
0.0015136209706471115
3.864903907124795e-05
1.3061602269992534e-05
0.00012159396722577487
0.0018562638681999255
0.992420475841066
0.009196198937125644
0.0016762354603515606
0.02378518135335106
0.290358109097134
0.7775769797632242
0.9999756286579844
0.9999943496330709
0.9999684074196283
0.9998460957515248
0.9999749427889432
0.9985128367029048
0.9993874373290647
0.9922171893081198
0.06221942462360763
0.018179841368167193
0.007496261535392734
0.016083375089499974
0.0029252945893099014
0.00022181803775145337
3.4436416171290674e-05
6.515413559460281e-05
0.0059027117938117435
0.6980814831775211
0.9969114396720444
0.12654473232876362
0.10734392084590905
0.9638653192652349
0.9607337494294828
0.9927511053512207
0.9953673913180942
0.6600436244083336
0.14373055752703812
0.46447263813762096
0.9916022656104658
0.9915505391130055
0.9868961292866781
0.9668334765865264
0.9676140152890066
0.9651254708730644
0.36539617989791784
0.005341809763155014
0.001505844279664048
0.00023996101761825095
0.00047952095322645327
0.0016901347562101598
0.004859485432607724
0.00707874557442989
0.007078153100165352
0.0246493378802356
0.9037818276577534
0.022109415655935938
0.12469895135759501
0.3670409543223696
0.4950952844225216
0.9523339351591715
0.8839213124091339
0.8851425220449499
0.006532068041797401
0.004865106908055639
0.005628255459048548
0.007430561523064316
0.06035335454652491
0.08658702336931301
0.3989591736768051
0.8916602392435015
0.8785055538585304
0.7939078353742026
0.9349044300780475
0.9826952307591433
0.9287926983984741
0.9952889638257241
0.2720616991151755
0.08079341831914078
0.04966073366695256
0.11690097606837746
0.26998669135235887
0.39899554527021797
0.01835034306848382
0.015815841775165707
0.2071070241361549
0.2159588600727258
0.9599748188378285
0.9981464763140487
0.03337534785141616
0.027783837169115033
0.05824577691003141
0.23421675105777695
0.9997338055272607
0.9993673167241022
0.9995218069215434
0.46510115842421773
0.13589389430973664
0.12264923315056053
0.4912375967110211
0.8025090967225356
0.7999366260891085
0.927408541926256
0.3881229572139705
0.4030977842082635
0.05766801299184787
0.488496690257762
0.5456014187021336
0.9154453056765683
0.2643826963859772
0.15998137634722853
0.01538644979125059
0.03428081861034571
0.8973468275757819
0.828221582878981
0.02616978671167569
0.045735784662670476
0.16806507478414678
0.17332294242077118
0.995588150502183
0.9771666022622012
0.891804435382182
0.8565323987850009
0.7781968862835938
0.8563670983151903
0.6508544857821035
0.7908613599790251
0.45097351189394963
0.4485668533539915
0.6651010545292968
0.6765220857406827
0.5083825516444691
0.686935737413622
0.5843343118584292
0.8580930155784635
0.2769086503080501
0.017268683543846364
0.04696900436861362
0.026386978904711644
0.22636065119688753
0.23425738837300292
0.2370236023992951
0.9768082469848115
0.8414678916176217
0.7254924114002747
0.7907591006187789
0.5627806638978301
0.7901247316941565
0.8976434559071871
0.9899791611734315
0.7918093104458521
0.37887951611266457
0.08105118433137115
0.011328410228578556
0.012691876077405406
0.3218497504789295
0.447188322486886
0.9771384584721565
0.9765329388093433
0.09776503070756304
0.010948088859544569
0.00042912793309235475
0.0003585555038192467
0.015036405312239931
0.9997576332526543
0.9995737695504907
0.9955658995110426
0.9978247765399489
0.01129511721609544
0.00035545260322455974
0.001392210432950125
0.0012324148485607367
0.00023633944712520005
0.0024306068679172954
0.3340524264806515
0.6442973188709528
0.4250190445471129
0.4826197421263456
0.4897372329254569
0.9999831944423553
0.9999958236954796
0.997048987955329
0.6828736729945464
0.1408647307453037
0.48249021727509145
0.07200010464809958
0.002391339265028103
0.00023106247190152196
0.001078636846222003
0.0011911192786711045
0.00041661952569516103
0.006441225967091069
0.9998076670278734
0.999903655351078
0.013308565404622996
0.0002796244001406212
0.0003297293450534866
0.01313311287318486
0.10944567631129043
0.9958728540397357
0.9968156430632854
0.9651596059431584
0.9536060204522739
0.8112151816532106
0.8584643762739078
0.9981939487269589
0.9965906413181741
0.9730404546296633
0.9678656000630297
0.8335158988092755
0.5665637644504158
0.5833092821796393
0.006926350160178396
0.003719187251061351
0.0055676118865950475
0.008081177194610434
0.0020606085933503326
0.0020269506895800316
0.9937261459971244
0.05711789732131811
0.02720593678195915
0.9993491453873211
0.09218940500553885
0.003132280055493153
0.00032995662107837553
0.015470807183148194
0.1753915371165079
0.9976794315361277
0.9966130469692036
0.9963876534630702
0.9961140678069835
0.17799368255946846
0.024729850408097387
0.010756358850544046
0.007644102547814446
0.09028608123721293
0.9864502393613583
0.020525206651520023
0.05472907307273145
0.9959131733482778
0.0036921729385245294
0.0045558621552489464
0.5028163372469986
0.505298991825378
0.0049397015423288115
0.005810650993495758
0.009051553475758145
0.07446051681695276
0.015501413006778875
0.17719463909116107
0.1592517510312429
0.21478240467411547
0.43844258662222724
0.8701379077563949
0.7856015272006548
0.695341010453239
0.008892731808124443
0.003219548625072677
0.0014956232743358333
0.004486828244400054
0.261204260042451
0.1812308765743038
0.365612158891257
0.9741499114295283
0.36818258984382934
0.2917238723136121
0.30484089681045845
0.05663688397912425
0.015350188574255186
0.004544867533467278
0.0005367412613159761
0.0011144371119102825
0.0006772426243377705
0.0012960545264388834
0.18399101420740716
0.13133345617760173
0.8954856785171516
0.9233483259254595
0.912768782398998
0.994279884348182
0.9986640651029841
0.9884512703570505
0.8296817076489544
0.9592153726046582
0.8613831850356511
0.06307136004006364
0.025997418524634774
0.005641843209678754
0.029682826644986893
0.06682960821344641
0.18240188510180966
0.18530784113110454
0.16426986915559494
0.22289238586816462
0.9901342472434969
0.011179357934022471
0.006174837251426313
0.019751283817358578
0.29024544310202915
0.23728201951987882
0.13601007755033656
0.48303680420687534
0.8754411069243978
0.8892165112515974
0.6409985010728955
0.4270619633027075
0.39193153791592417
0.5693775598355235
0.011341959700336246
0.007272844105498333
0.0112270595153946
0.5189546413652243
0.03837991520793094
0.3673400331383698
0.2507282613410817
0.6276798702407171
0.383783218331713
0.4437911006617069
0.7937578471721789
0.8879456321719744
0.859706304286014
0.9801710294346446
0.8635109978059633
0.9224429718909102
0.8738752845197706
0.847528178853104
0.8759973280268951
0.9014993566580972
0.9212212261905085
0.8951015878377067
0.7555683122437306
0.939643438102455
0.8573851851047707
0.8426258559710128
0.8670625332460689
0.7833303525771051
0.7945980669335476
0.7494907040418942
0.5647762700299628
0.011287403043116373
0.07826058579838435
0.1312568765925497
0.6471708872948689
0.3120322403762086
0.4890050231054526
0.49151827585328267
0.21478342501079561
0.14212197958066874
0.20950540578065935
0.7037482625771612
0.6356056037793523
0.6433821651415649
0.6237769881606419
0.4731602095444082
0.23439527256436032
0.30391272057326524
0.8241683248210727
0.8628307071125326
0.9478828347247328
0.8495819329173282
0.8630416049650667
0.7761881603868175
0.514797926140397
0.2224026387571889
0.5922753720880444
0.5685441744117923
0.06242812153479216
0.18241189981917016
0.5447677836044738
0.9254844579238897
0.9042896231534957
0.9222951147965368
0.585133536158148
0.18264926104047863
0.1618147138308318
0.2542871358086689
0.7534439804209007
0.8091092572448944
0.6185018724281584
0.6768513944091293
0.8258318325962551
0.5875083889122329
0.3602559898185955
0.11812337614157586
0.08650659393846616
0.09016364468472604
0.5422006761002431
0.5310628698691455
0.7866776410769674
0.6983204062601864
0.06930363884827817
0.303651362838558
0.42143124044771985
0.6247994085083898
0.7476507540537908
0.7827630023592731
0.7926782846949401
0.7698270848564187
0.9825457208562882
0.5702923938303022
0.2857352753366337
0.026146038890860757
0.036549198928422455
0.048907155811996894
0.35944319660302737
0.9093371070104879
0.9711030528661583
0.9494129352150019
0.6982185048005792
0.010236971753958546
0.008987537952749203
0.9564019487454465
0.9613023621292308
0.0139104495526845
0.01185702915518716
0.02806013563410925
0.022779239257893935
0.03558470074395059
0.9979693408468941
0.9775404006017898
0.52892081745443
0.5682000352245411
0.9642556914093418
0.05246542469895987
0.001910002734340055
0.0014451574238804055
0.001796406120420202
0.026243538818400802
0.027217661486345968
0.014566344220411476
0.00012828363269834497
0.0013156559836506876
0.001810952403831445
0.0008848541943505817
0.9935315909015137
0.007159811408529504
0.006240419712491452
0.008340140979493316
0.9999983752839219
0.9999895111435884
0.9999403508404137
0.999692595236387
0.9999993996445665
0.9999994226596826
0.0018708098274402563
2.556579203771836e-05
0.0008041591636223089
0.9921405364993933
0.002426302991206608
0.004433672652303766
0.008664295909726838
0.005968062327062484
0.018090568886513614
0.9963892484491893
0.02700892358125373
0.0018380139005496066
0.0019532351083211275
0.0018122396874293845
0.0019607860207464523
0.23505913454391958
0.8013331100805072
0.9998471802089819
0.5528631032341134
0.5674181094839896
0.9990800669777905
0.031992728828261874
0.014721172443549535
0.008102186832230629
0.008563182519497281
0.010953326818152753
0.9590205147791382
0.9786295072952451
0.1176209132613375
0.11939130905884354
0.9190420840834947
0.9266842228863976
0.8419845935182686
0.8577464273879623
0.4929362065368752
0.47377747656509084
0.46739478274352264
0.5220690656154249
0.46424011289186007
0.4526968465727321
0.608979360895954
0.9324273089636836
0.9899053851386823
0.9877107777247311
0.4640033397559431
0.20146635657476764
0.21073253091454525
0.25758169739251313
0.28809949084189435
0.3792595811924683
0.25145809141066977
0.8480633188862531
0.03699327447996137
0.01810330553201711
0.004978701527176055
0.0009476453800194573
3.840287527390185e-05
0.0006061476189661574
0.0005007097338524114
0.0023054063356737764
0.05632919123501168
0.0008019265428688138
0.013052197390166942
0.022839446271748054
0.010476258207537836
0.002892640531126145
0.0016026338596207834
0.009057175492142022
0.2606732341960504
0.9965411102875605
0.9999056227140131
0.9999005667392252
0.29216324439183483
0.04130725020918913
0.013217789164227889
0.0060440612740753075
0.008613242339860494
0.1271712920090874
0.006807713114238112
0.005150484447235759
0.09774674174673381
0.7697262896002071
0.9791919465410476
0.9997985702135437
0.9996234251745391
0.7882338293076272
0.11328956481401575
0.03225496382323512
0.01366302450669632
0.9796670727421362
0.06063939107919136
0.0006246144817955157
0.0004429045914619012
0.008200811964412469
0.09121898386995297
0.9995873708242672
0.03890362717880824
0.0003058007899976456
0.00024647726600313113
0.0021257176156143087
0.003171743228837398
0.1242166544028287
0.9994421272426914
0.999470478829067
0.9984483670758999
0.12263028006630505
0.0013604560696290902
0.00242771671483899
0.0005350307688378741
0.0010607880420621107
0.059767367555005446
0.9802241411713535
0.08785929751001587
0.015257080911722287
0.016203392537615713
0.010994654121012415
0.08151421021813277
0.9611527254368208
0.8518059239588949
0.019856332960181078
0.004093797315102621
0.05595422905387082
0.0018169119899777986
0.00011483182034488504
0.00057770964029491
0.0010839472526440463
0.0025268772953280783
0.0023879590430769815
0.0049643985593210704
0.008750345058073372
0.9566609139731759
0.99148019388381
0.45247451970127583
0.2408023461058969
0.8301714799455763
0.10418638490995702
0.0493247647309315
0.03956711700960158
0.08297181256351838
0.25732993513455993
0.5026364713898361
0.707835629260331
0.6666200834660199
0.5242719760354387
0.5193505795350737
0.5419502134157345
0.13159912562734566
0.020634801501280498
0.03083984675846385
0.035065246202228506
0.03867904939381095
0.03126256316620424
0.02941906923897797
0.9871895047947398
0.9939429479298492
0.9919796159212338
0.9812566431968581
0.960926195083846
0.9463668099897451
0.6413755692751463
0.45863867941400016
0.1348965608736291
0.05811921130436226
0.05633196349676728
0.12536569655463792
0.9975389144709232
0.9961131033978787
0.9984282715467798
0.017821703241550413
0.0011280637864702348
0.00041138332263068733
0.0025002021435786004
0.9851487198325175
0.9896420774700125
0.9890967412865593
0.991435246876402
0.9970036715987272
0.9964367573501368
0.9975461825790531
0.9998328986231193
0.9995393638867087
0.9998069385891649
0.9996041689381812
0.0071112911432844594
0.005515989623610884
0.015679738254620768
0.018404419356266577
0.9995755138685438
0.997827279091974
0.07784586039578534
0.0014578765830423057
0.000990593821764696
0.0004126581561021414
0.0018258575785611297
0.0023818999391672646
0.06922169424821767
0.9992372113425172
0.9189110833847997
0.9995069660100218
0.9924325887340372
0.2125831289518596
0.48008109749993066
0.31128000510344334
0.27858494876619067
0.007448802617800232
0.001793370187506138
0.004513892546852638
0.02869535667094003
0.9997614691415829
0.14773181102306454
0.00035797065207643364
2.83689353092198e-05
0.0013661059434217915
0.00011586329838131348
0.0003238677132041401
2.2366660541450756e-05
8.973411426360656e-06
2.295323936118976e-05
0.001381627652274342
0.003907593118906316
0.02193322593679381
0.9999932782183921
0.9999998983203923
0.9999926620835137
0.021754092484313037
0.003998352811974137
0.0014712993843283284
2.2373081657312e-05
8.979061591918303e-06
2.237253445824816e-05
0.0003238452108594858
0.00011542553482923879
0.001362847629579278
2.6208334810706724e-05
0.00039583884207561315
0.1497855775559911
0.9981026099129156
0.9995236083514583
0.9975481782901852
0.0703888329545872
0.006697960777267253
0.0012598847685620918
0.008546283428083168
0.9998655172833116
0.005171279598158218
0.0006172262436326958
2.2779183701637784e-05
0.0001311548529564499
0.0022408268868001624
0.9977648891184789
0.9988543654723948
0.9999386763229134
0.06643970529866994
0.013081114639615365
0.0030509805433659443
0.0004289801057029141
0.0024528078377572538
0.9919428103579988
0.8994425038628808
0.9709841354260627
0.9758706972835979
0.9998672295461599
0.9991873793009958
0.9122891110601251
0.8851073063049001
0.9108645161057423
0.9795083332383648
0.9984469136912119
0.9869426834994119
0.9284076228371968
0.9296727479010481
0.9030539398069701
0.9584694599522279
0.002664101912793093
0.0006676255408637477
0.002467695990468588
0.012627257546420467
0.0652195334934016
0.9999866643713019
0.001241640378908948
2.3890382099156504e-05
2.3323933685093223e-05
0.0006187450139916173
0.005166393954729953
0.008704926129195378
0.0011253744438582958
0.0033428853595661723
0.06728755170510614
0.006772404885706296
0.00044028448797595043
0.0005762661222816767
0.00026939382030788384
0.0037472231997259797
0.36588676199496484
0.9451202046339008
0.944117851525211
0.9335793886453322
0.8850052239392411
0.9766482415514693
0.977845075922248
0.9828433987867923
0.008459370868523775
0.0028348639705899625
0.004068355103650445
0.012112059022700628
0.02966504816391269
0.14668753903549958
0.6550888678761713
0.9989423153243441
0.999961381777764
0.9999834029505671
0.6492837935486138
0.14615421206750412
0.02765689491769141
0.009318126028615592
0.004942240143465559
0.001861946277489368
0.014251330204684165
0.9724536180929774
0.7850826516808217
0.7191251073578578
0.7157965033072258
0.7441870992653019
0.7718473170098883
0.8694271257081658
0.9490111653273318
0.9292977517810145
0.9027558683210151
0.16699743632354858
0.040485649397611345
0.011744810142629403
0.005055348200733278
0.0034413015731903362
0.004237586614196265
0.006120579967650475
0.9990045676981232
0.9942997470622612
0.9998995874626719
0.9976270978893111
0.9971525246806754
0.9949112704014395
0.9999240378104453
0.9999477032046409
0.003821759115432699
0.001800103989809343
0.0010768531363649636
0.006204296344838323
0.011907238520863284
0.04065339408755975
0.17614830001883264
0.35711950352585187
0.3586989384961048
0.35793400886022253
0.3565830806057715
0.32656274365490645
0.9984443972394201
0.9940267738050177
