0.8742918190642326
0.8742612802808517
0.043308017439900204
0.007189597289233962
0.0007729059263842375
0.0003961335088260576
0.0014521375768103972
0.0008924377888597235
0.0045556516141275205
0.11449716638482532
0.9538678166054679
0.9973066064017382
0.9892847481810793
0.9882301876494318
0.9550045589336474
0.9637866643446678
0.13788512000823128
0.02284387917319297
0.0043115444439210115
0.01220611314231812
0.011373250088839049
0.00814269052316785
0.015168843027407508
0.0664378678268579
0.9223922124140074
0.9964813075343123
0.9702727163628061
0.13799481087908283
0.002749395330588711
0.007257747583482743
0.0010139845137198122
0.06385697915861732
0.4797925936972167
0.988050725712425
0.9990531587098228
0.988597553485334
0.9636702237261718
0.49237165115531234
0.07646855455116064
0.0008571819004750125
0.0006414079652716786
0.012729827242740632
0.1548661085149824
0.9413515791402648
0.922807450467593
0.053875841464616436
0.017958452741221098
0.00010030353727508157
0.0003324589719653215
2.241712771500204e-05
8.96646211145935e-06
2.441343478176705e-05
0.0012558024452796746
0.0011801244278063505
3.9433640468988784e-05
0.0003227531563766428
3.990365202344304e-05
0.0008889618357764695
0.0022731154647566143
0.0006609959765605522
7.189036184029884e-05
4.036214266212035e-05
2.099697246982224e-05
0.001695372540273521
0.0028193533681316607
0.0019658265925912577
0.0012088466507897966
2.1941925623880643e-05
0.00039691647732686963
0.0017250626478941822
0.9992401976255418
0.9999879261270697
0.026725654659669362
0.0001602925354048379
0.00033093560647712295
4.068075341812083e-05
0.004189746091698865
0.08459044857479281
0.996660598165935
0.003725685859993333
0.0004120705542236536
2.269324338421974e-05
2.196920089048149e-05
0.0010683642400951543
0.0012536426079184926
2.4444105142906736e-05
1.9797817540245788e-05
0.0004898613671537877
4.835621260579348e-05
0.0004452571156451368
3.86383946907598e-05
0.00032158570417673005
2.0090571790198908e-05
1.980095173526042e-05
0.000489872416089443
4.8482645328973284e-05
0.0004577847608920882
0.00024399868821955994
0.030569947817729703
0.9986337857329897
0.695375891496703
0.25635958725085717
0.9991220821581631
0.005910584430058097
7.732592285492057e-05
0.0004919443301869553
1.979540147922787e-05
2.1578456848247995e-05
0.00047002787820982217
0.0003722058802312356
0.011464617690276624
0.01646769654899638
0.011078749560812007
0.00020469348582186075
0.006335339449531241
0.008964005044887147
0.0008690712336323347
2.2735542936191955e-05
1.0575041436311494e-05
0.000257433016546571
0.9999999346280304
0.0012230825710182192
0.0003106155918883857
0.0001608043315781682
0.03071194167512492
0.9999998921354586
0.08851886727944758
0.00014901206744410977
0.0004522027620432745
3.871599725202568e-05
0.00032288243377376347
4.765388912819635e-05
0.0013502418700996888
0.007267920450598986
0.9994393269262764
0.4325862084489178
0.050306705708635935
0.053894468917727534
0.007043187676628482
0.07370265907977847
0.9336804456974346
0.810533698996125
0.09553262710492705
0.02394083183050122
0.009611507766455918
0.006295958625125886
0.005695434821260559
0.005637188473043397
0.0058438167705260335
0.006868119918548965
0.010036706756155866
0.024456849829245675
0.08710225401736804
0.22221864202673702
0.18662183276016486
0.6821426622801052
0.9513174103500049
0.9054138989404339
0.5874712317793392
0.5752325202242718
0.615866827986512
0.9807728239550072
0.5788692333568732
0.5242801841491256
0.5326910753627669
0.6652418277398477
0.9976123458723216
0.9989576045113362
0.9953868723319443
0.5400930808855169
0.1895361253849186
0.05651066137552896
0.06248830077487644
0.2346791007285769
0.9767816288279221
0.6183991023994001
0.5727316378750977
0.24331249433390034
0.5160028462298021
0.523021399145424
0.4699308422108738
0.23485084381109045
0.763537752440002
0.4058490639867681
0.0810788335896323
0.02763759541005284
0.01048301012864905
0.006004521485031722
0.004865073209849857
0.004669224423141882
0.004640036101797085
0.004713319741056599
0.005153582473086393
0.0076005083454985245
0.021916897444183903
0.11985058254575842
0.9999252378917042
0.9443074935304984
0.06417565844779494
0.0536739986424305
0.010915482360281947
0.29293820761322553
0.9999953714580196
0.7683378534619223
0.4844665372624002
0.9979631388984466
0.008065090251123896
0.0007887167835179953
4.777414565604321e-05
0.0003228568638194984
3.874025480643528e-05
0.0004523214906039241
0.00015537983289148904
0.08871394677409772
0.9996031991529714
0.030907200408736513
0.00016063164182322787
0.00031029343280530863
0.0012234877213213036
0.9999999999666804
0.0002563468278239389
1.1399394752809044e-05
2.3577056836865395e-05
0.0008725233086573914
0.008960790540935348
0.006327356089564584
0.00021707576491947211
0.011077940431684308
0.3999288384395051
0.3706152794439852
0.25735740290045217
0.0003985957012705432
0.00047002645723681624
2.158302663368694e-05
1.981046576515766e-05
0.0004926590407052789
7.941593949167824e-05
0.005557505265128326
0.9989000214251638
0.25668020766956445
0.6945223350711134
0.9994109842182284
0.030896733218373384
0.0002451312105344883
0.0004577919443018441
4.850446100224115e-05
0.0004898972231475174
1.9788861699288063e-05
2.0099578813659313e-05
0.00032156123078841414
3.865386045909247e-05
0.00044525711576537397
4.83562133127835e-05
0.0004898734547617023
1.9785723245679954e-05
2.44441048943278e-05
0.0012536455965985738
0.0010683612579694968
2.2023874479581984e-05
2.2767797814959856e-05
0.0004109580735532914
0.00627248310061701
0.997454167301398
0.08292058949103576
0.002520203359281048
4.156775542363267e-05
0.0003317596453406013
0.00016742947083092652
0.027094026050032305
0.999622799366841
0.9999999999490282
0.0013364637973686255
1.363914383722964e-05
2.2002678561339195e-05
0.0012086646772726528
0.00196594782041859
0.0028168669009791536
0.0016945418381250077
2.4314132047398296e-05
4.0362142900707276e-05
7.185179580992962e-05
0.0006610345521025351
0.0022731435310727743
0.0008889000958095528
3.994368036153162e-05
0.0003227368203142511
3.947688230732105e-05
0.0011801103971020854
0.0012557831382785656
2.44122638132227e-05
8.972251893224481e-06
2.2427619431386603e-05
0.0003322727288813665
0.00013940642752774401
0.020817632018813037
0.12111981152229734
