0.10069119058276521
0.004096635792624759
0.0069198803658256924
0.008645746552707445
0.0055361079465658936
0.0526073387158833
0.026872019475155495
0.02611214499448422
0.9312633685001862
0.007520243944160621
0.001907678725996953
0.0275278585692047
0.9340147398583989
0.9861539090114882
0.9384691971864029
0.9428708040428109
0.9377380368991545
0.9297159640123346
0.01556155472840004
0.010806896690781387
0.017424769384975947
0.9332347053537664
0.012550136942926726
0.023029950877724747
0.01669461664887517
0.023961692793488587
0.06603958941300925
0.07245649312183189
0.07534114679930193
0.17967886690627644
0.8470524594560381
0.8686589708411253
0.8788113308762738
0.9566716271611185
0.9589552668611744
0.9443600386012581
0.9364255641240434
0.9401772749409838
0.3157183834837213
0.23938441148804623
0.19707228894986617
0.12563494537937514
0.2401045807517952
0.1838481399516606
0.029850945735966805
0.008044573001940947
0.01181499946472131
0.014952315027352614
0.033072671407900045
0.06963569046818574
0.7301159226243974
0.8221204960504347
0.7724840420271554
0.9741078758936096
0.6967198451532373
0.6940761609813721
0.2615387736809136
0.261619976326562
0.25784798847189005
0.2565802637579919
0.037944930302145186
0.0639812965184563
0.3108830327151534
0.42532131057658684
0.353885573652886
0.6747287060014782
0.23435894135171986
0.017265563099263748
0.012854102337767737
0.48648722202583494
0.3526985664125881
0.08946330676255954
0.17560065953795212
0.535727437258811
0.8050911979960808
0.598462710492771
0.06639999202339975
0.007437427585432421
0.7505053790248024
0.01686232185725267
0.021686504220120306
0.9184386357991257
0.4079205734972283
0.9279584157387898
0.9723982791558223
0.96947525750843
0.9654986847632094
0.9824521353561945
0.9243662608192973
0.9700956806004358
0.6611086139568436
0.5762352695667508
0.9225029871113772
0.7229443956270127
0.3799757051337491
0.48335337988356064
0.7372893282416462
0.6163209268228816
0.6023835521802603
0.5403028278058155
0.517562536785555
0.20588924930143893
0.3748497756535455
0.6249589830322768
0.40623458967519577
0.408581620001504
0.4630665027135783
0.8895860661172239
0.3465901481093595
0.5038388665803494
0.5770201551086238
0.7395124018034851
0.7791581156122807
0.8438479429958098
0.7806381781343394
0.880753060038924
0.9429845348697876
0.970359529629046
0.9913899574169753
0.9870399954373146
0.9809055538161469
0.37943598869531037
0.4622649238758797
0.5505562570554101
0.006386343002898642
0.008138768488577197
0.3680971129948706
0.0044508159466203345
0.006982824389033082
0.5590194855783749
0.6297298183718811
0.9983840802260878
0.6783083405113179
0.5345264308045679
0.041695592354691224
0.009320837246211466
0.0012790036942519345
0.0010456517285398759
0.00020756410629307886
0.0024173760382663056
0.9995202667574645
0.9994419596954389
0.1896003136229728
0.9993329112490408
0.003601988046546656
0.005538822469274951
0.9992281414078091
0.9996342812085057
0.9998461440494928
0.9982243439544687
0.9610790024923458
0.8931032236911212
0.3139395669695091
0.19059998846548998
0.6753781620287499
0.28005169591875945
0.9194795855542557
0.9613850894258559
0.005499395752594061
0.0033895118264593016
0.0016562067150952542
0.0021064326449514725
0.04941424932293692
0.11582785396164641
0.1478953905910516
0.24423695015007452
0.1468633015924461
0.06198442086241185
0.5690501199981909
0.3536957521394317
0.47508321094367034
0.15459933014503413
0.2728723405014847
0.25280597637698987
0.38987953691041255
0.4829309819906713
0.8668153238819309
0.9514602788109999
0.8471285128142766
0.8142429753231799
0.8390681421857231
0.765805817376484
0.6998058257889901
0.5753510426990807
0.8095577627736152
0.32288524914690797
0.045398191235477614
0.03240741266108971
0.32510244807294353
0.903142375184721
0.9252432877966644
0.9321138366162633
0.4205130581093135
0.21644871967844248
0.22112419626130486
0.28876535614205856
0.7074977884748763
0.6888715022632925
0.5247322290229888
0.7336374502358991
0.6920467309577003
0.21258204791998658
0.30960091762445496
0.8267075916845587
0.5788977770508625
0.5787571525505693
0.5987820960375598
0.25180896234035166
0.0036948422063892705
2.549004125385057e-05
3.696473797909494e-05
0.0004334648155960297
0.007139544358683136
0.03539724305013903
0.040798013956441004
0.7085253591616917
0.4134260907519035
0.5419856397883707
0.9694349898717669
0.9772476567773982
0.9803622966623847
0.532072270115894
0.1711437861449815
0.8540238507008617
0.32461938212356234
0.19242305082355826
0.08316008500820316
0.10177103328922976
0.17685146158173815
0.1586538803605716
0.1495209688927186
0.207911381091197
0.9296390080475316
0.9183310465684105
0.9009768659829814
0.9250686612290699
0.4702008411387294
0.06426927155729101
0.08572656184819949
0.11989917912298476
0.09778593251085643
0.11336621013657633
0.7348203079090173
0.7812674978340187
0.951682176054675
0.9658743459057403
0.48152536171069826
0.23728632682047013
0.18313503795570873
0.2325318057218252
0.3114630090957332
0.9251041463967019
0.9632643708348398
0.9492691414042519
0.9013958614500986
0.9291139659217162
0.8871223125643446
0.9658200346343275
0.7822413321336918
0.7211081497795925
0.7691691036550523
0.7574219700467097
0.7538904720757973
0.7341462741260288
0.22134283799632715
0.19452154725802828
0.2242513547389844
0.2545129676816982
0.5835518529863726
0.9815765854318929
0.9376863195196002
0.9618298051533347
0.9699730529592908
0.38685924403659244
0.251142002841243
0.03587441481926368
0.01971693498904603
0.12929174172901858
0.7643862766993802
0.9870813457981865
0.6877647583343228
0.6576249362253064
0.6446475246438685
0.6383078036617248
0.6569926221507763
0.7690474310041634
0.9614604331192439
0.943578358346154
0.9804446640960686
0.9803820024850236
0.9854206924130005
0.9908226510934209
0.8822454077863867
0.7751157809988044
0.7799613201485802
0.7964911793183531
0.8099148375736429
0.8617595075307987
0.93301593257834
0.9547375788857559
0.9942493170232645
0.9961285419739587
