0.9578577173105403
0.8986298493747917
0.5767124436341562
0.3846236820584361
0.34999964755860635
0.23750479348034492
0.3088554694845652
0.3556277363544442
0.4459959688905406
0.9117892406964964
0.7241059717677456
0.6704557969496046
0.27522076496946457
0.24348328690272236
0.6620033660172016
0.23243050314439884
0.03721504129087594
0.00021626846214495288
6.536544167823344e-05
6.91888807889951e-05
0.0007308558250065378
0.002439289439279735
0.00028368340263695835
0.012826674792066783
0.9987845244216268
0.9987176704168633
0.9987738711426482
0.9996010653293745
0.013219967180272296
0.0009544741282635494
0.0016263620936888268
0.0016833114735888
0.0013038983479460864
0.0009359251310259165
0.0011051649721740553
0.03627562093432424
0.267208272600267
0.008916418475563126
0.007636022099900219
0.05835774142673844
0.023196533606992142
0.06367502920413382
0.09178933373274145
0.9637063216433827
0.9600400418864425
0.6924233034495835
0.9504839171986643
0.9982171424356553
0.9981254838672783
0.9985307957076117
0.7465187540602811
0.9741880287645834
0.9555162554299051
0.05619039198291975
0.024540380096127468
0.47809742917514886
0.5117511324268755
0.056442466837468785
0.05998479002359103
0.030772685191748916
0.9348711323773841
0.932233825708834
0.24458204294036834
0.2426163627069815
0.24355131689340825
0.2441882830884181
0.9964917919249099
0.9966431742301524
0.0026004856539569854
0.0019293870876415653
0.0009827410177971618
0.00011483486798224973
0.008255158956380404
0.0005215333597290428
2.407689164773963e-05
4.2420489292926966e-05
0.0081216133444183
0.1818284165950248
0.9983066388083772
0.9999890834149253
0.9999895694862692
0.9999976091077194
0.9999980946636796
0.9999995340206984
0.18104568945614663
0.007236441083904976
0.00012264925084359835
2.7882643458210232e-05
0.00041364917495756437
0.99999048866
0.008236285375828656
0.00010514553377694025
0.001048290404789154
0.0022227004702376485
0.0031093496827353517
0.7889446126480474
0.7554818316871403
0.0022912630399596345
0.0018907635982494675
0.0034787699365763647
0.006766879285314165
0.9895174418950364
0.8450003337190053
0.7534798592593027
0.6704025893695954
0.7810977873915347
0.7426108008263661
0.8494047514876087
0.8578571709747307
0.9289945678318099
0.8957337148482044
0.9740055146493957
0.9782925017188197
0.9415698144202836
0.37734109568932206
0.22467358097146795
0.18053287929837947
0.4406221451969007
0.13059538950840455
0.3069771812822948
0.5108827620826948
0.4350687532983182
0.4066711173456512
0.6421342934176439
0.9161118940680946
0.033109804446215585
0.029687374773040176
0.9971981741122183
0.9978347325544261
0.008600229701800854
0.002373062460839792
0.001468368935002351
0.001320286348532318
0.0006313851644779156
7.4081414733973e-05
0.00013163229691670608
0.0016308812369013603
0.999998494380377
0.02940715719023046
0.0028668284225218388
0.0020849179604209844
0.002001940828901261
0.006738960539423466
0.06962033765057729
0.28419549666252986
0.9999892154291792
0.9999847083254229
0.9995727569300646
0.2838239263371456
0.07020915598782163
0.0059418100478499936
0.0023679286956292955
0.001095675004720964
0.0003569043771587399
0.03357049794318434
0.0016666684511290608
7.635768903935247e-05
7.372913991054997e-05
0.0006308548634945677
0.0013202512159318225
0.0014638746283521797
0.00236360625332499
0.008513509390935647
0.9988160075319363
0.9978208397073937
0.03192637934470832
0.03969730656832704
0.9852428228407057
0.7851796263712875
0.6229592992735151
0.7630432977336847
0.7902334691684807
0.9600803272497237
0.8895531577959294
0.9046196427931734
0.9051139148034258
0.9821422444641472
0.8961140266198848
0.9134970104383302
0.9276835863343268
0.9620629050061991
0.9766933398433818
0.957485893538719
0.9432341220943565
0.9344954123003957
0.9688181030046359
0.9859387203821863
0.9792880065839659
0.9691189764963877
0.9764279606818421
0.9794015251777599
0.9839418754641959
0.9813241196907421
0.9586539919419081
0.9592246821323239
0.9799238398772893
0.9862446542619663
0.9880688110459657
0.9765003748228184
0.9610823666188945
0.9342451347836422
0.9466637012740202
0.962706080811386
0.05738217887069008
0.033265312097391475
0.031325391465775954
0.06520508078886222
0.9863151775315965
0.9878013815267618
0.02746422110169766
0.018792740417550968
0.01978714476848864
0.017960029279911915
0.019353389615275884
0.9708850668617591
0.5490311564258521
0.4152030190502545
0.6962879389898263
0.5762742743804399
0.9822230646768695
0.5935430626109515
0.571854796782259
0.4302905713572641
0.5002327236448453
0.9300655480843564
0.9534086417325921
0.7943094262914838
0.631578114903418
0.7753316028245432
0.8794989310684367
0.9829026280588085
0.460224365794331
0.1032057331263797
0.01333331212526001
0.0030598350304326116
0.00092489272406171
4.493032489516491e-05
0.0012821989648574839
0.0034722681265564326
0.0038146569091251914
0.0035548821813189413
0.0012468694640664912
0.0030049618710169534
0.9984346497162103
0.9718624522922608
0.9992984649126688
0.9999968118056798
0.9999955673480833
0.9993358115144262
0.9718593330124405
0.999999664708132
0.0013855877423478713
0.0012444770431329077
0.0035626211880142034
0.0038194404742963872
0.003475196252159418
0.0012829816148318685
5.414636229206238e-05
0.0009550928035826356
0.0031517328135287626
0.014005829897551725
0.1046194968084786
0.16461049801973882
0.49844795193790803
0.4114292753037483
0.9202642300260925
0.3881026773736759
0.38721977961540344
0.4662281269253876
0.9273697618462273
0.9803134426652795
0.984476267036343
0.9754993923140685
0.5196029856898812
0.42992176174935126
0.39591716962587853
0.8514772932599213
0.035568497318213654
0.06822729997104038
0.26568639383523973
0.6446002351111629
0.660273649877827
0.9856694884008137
0.9796510722679642
0.9267188545783848
0.8759639354049804
0.9224996353880001
0.9039889492868335
0.8151000589816696
0.8985529157930782
0.3350723898251182
0.27198098324621034
0.264522716659788
0.24110782083520643
0.3516897966101822
0.6782719548049791
0.670472930510047
0.9866701453162212
0.01850373456120713
0.014531495284317852
0.02306113997120085
0.031100747050575417
0.019851273647044643
0.9736556160530335
0.9718047725376051
0.041227322415127166
0.011293363307995241
0.004400511727993606
0.0380386236509167
0.9652902611680425
0.9621097050212521
0.9732798145485314
0.9839348622716931
0.99802319211322
