0.9470596802890016
0.9181880093499495
0.8741417211992285
0.9273394106229886
0.9264444774991247
0.8872849987638527
0.8323565337807438
0.8334504781281952
0.9549064644068248
0.1617019800251367
0.15081812430553365
0.09790846277693688
0.07961226647166086
0.08980094350250656
0.5147233245527736
0.3312620011556813
0.06889730764062241
0.12566197664798306
0.18546203935590289
0.12550923922026513
0.13707892828994273
0.19740929937048168
0.18551338394332761
0.13159794428799898
0.6617019128933672
0.20488549554278102
0.26162269769760693
0.2862749994745515
0.5041566650701742
0.737335469822854
0.9137664923986942
0.10820842439158895
0.1184820398433134
0.1715153802683942
0.8490743951500821
0.0036455009897671253
0.0028551405499676052
0.0016200709766560628
7.490010365507338e-05
0.00012149936050287469
0.005326586932966948
0.05971077606515185
0.06202747959313237
0.0965573138846807
0.10595809916494492
0.18193782924738233
0.9611959391441917
0.0702190663238288
0.015481926643369226
0.018767032255858296
0.9955133920007314
0.17142523432421775
0.1284698449055509
0.145692040501624
0.9937547856113789
0.040856027940232575
0.001921781357876573
0.002446565250907695
0.048776515935663345
0.9982720263506714
0.018475521723498423
0.0006205519821542715
0.0014913550230269967
0.0022133645403935587
0.9991456240751171
0.9983080384441917
0.9990761335032018
0.9979237521254958
0.0008616826425356106
4.783910446393147e-05
0.0001595497163101589
0.017343218176788078
0.9976713974693083
0.02822993229268478
0.0002639208455222919
0.01595653539826214
0.039998054529062466
0.15881831930689305
0.11791220416050041
0.16959273806208286
0.05847192038841598
0.05699251394654703
0.08008765747408397
0.1557745909663799
0.04786159650478827
0.057577951096501434
0.2579767567870045
0.8450600323674048
0.8042496002233916
0.21458062806949185
0.006529685074430858
0.0009228148376144718
0.00014158426246024813
0.0013933188668343588
0.0014540512345413426
0.002671699292558838
0.025906341315948045
0.06570303969537494
0.05034231517816323
0.8130664986801899
0.5277826790626968
0.05712105069466755
0.030306216167096722
0.05366737507452535
0.0462755238036745
0.10697232933770029
0.3106492545148041
0.20973550846145028
0.019299843797746408
0.01569923392716055
0.029642571050348843
0.0850124326584637
0.09012784013244801
0.9539116623476607
0.6311394682097391
0.7053401814392841
0.9973429643803127
0.9947258544669471
0.971865371374373
0.9704585336276578
0.7036261286609907
0.5578981232566229
0.9236086540501229
0.06721010135787886
0.08878708695829729
0.02064863569156239
0.009619712996384089
0.013477310133900078
0.13493996215658366
0.7539825128640324
0.7434761242633621
0.9345495431197126
0.4907015592505326
0.41326255544269797
0.8877226527299
0.1762788073450574
0.02257199291502765
0.022804526890170873
0.9545844717288008
0.9752052974802631
0.9744745849846204
0.9905152781116267
0.12835749786044193
0.14828587662932935
0.14829428663114064
0.7964137729611731
0.13902315587904157
0.18140916266702578
0.8498616210680057
0.07446524547818845
0.0013188522180554996
0.0012621307206452936
0.0011187803879791902
0.0010706227004327884
0.002549200322729317
0.06583793869809773
0.00921813017543549
0.11418642822053648
0.932023553367354
0.9384041232132357
0.9310857439655791
0.9304141406017035
0.9294418296736359
0.03791551256456471
0.00041948430023175387
0.06976532980729666
0.069511672399997
0.06950858275786587
0.07020137257168246
0.00018843483484021206
0.0004018516635597713
0.0908406002510802
0.8808401113688185
0.7028478963289027
0.6687164852665783
0.6318837004523885
0.6471904488613494
0.7356168351714094
0.23749689804360508
0.22430452441371718
0.2574245552580129
0.24596136576862615
0.27021596170995965
0.2916100716312353
0.5986303632327856
0.765656839295041
0.869100364402829
0.8556567393358288
0.702961812247887
0.6376651935341188
0.5651505093006473
0.37957146827128474
0.47226266908280035
0.6381593672722013
0.9201876475797679
0.9542521724600255
0.8507760284429526
0.8519077129166368
0.9185332376941042
0.8961895801065967
0.8451689602276895
0.04354245440557458
0.026211221927217032
0.013210943811011733
0.017895234562010698
0.8011113828345386
0.7956010100775688
0.02288747466076957
0.03502347022851959
0.19955299582374486
0.8001324718936206
0.5045937979214745
0.47533287700767946
0.24041977261239755
0.05511124524743716
0.05892469339897366
0.20954121325289543
0.39185902949748497
0.25026188595471555
0.4142530615852964
0.7563460104543533
0.7711195595887778
0.7951835875538806
0.7778318481626558
0.39649394336257937
0.18213134590482583
0.17944171987212554
0.6751268529020789
0.5130479840849167
0.0024098832145683646
0.0019732260605798135
0.040760066037448306
0.2616051272153095
0.9654084964898879
0.08366582703272163
0.007436569178331909
0.010752898852495085
0.8031461966106237
0.9915721599258766
0.21071267094698276
0.030718488423296275
0.10492655965401021
0.2237591344409361
0.9866491801214338
0.7435332650489874
0.44028136613741475
0.1402402408827732
0.1663398108018015
0.20218054138611652
0.6784632268500722
0.7561808641821376
0.5639462324849176
0.1348418613244874
0.15215436238209845
0.9427081919058765
0.9699226645817028
0.30382047781857324
0.20585292758238904
0.2058162766264161
0.0008471298185028786
0.0013670302439161564
0.012928839397910785
0.21636689179186386
0.9987798729608013
0.061576187431413354
0.7823983808022197
0.010695368183257559
0.719695023665583
0.08959455338198452
0.19633455095050867
0.198396859798187
0.20039265917931492
0.03568323047794264
0.852329327059067
0.5595167112848262
0.007592142918899647
0.0025917263445695005
0.0003502531721887303
0.031508458181709775
0.9984939941828173
0.9983010541049124
0.00681653231615853
0.00019969331533764567
0.00047520837482817324
0.19748850595647116
0.23726524584906428
0.808894946225296
0.005883316416019468
0.02397151110125262
0.8052703548113702
0.7658082739668954
0.8049291638031404
0.8058109847742625
0.8091040990913503
0.7775929537388431
0.9526168556163344
0.006358904501945761
0.04095561007505133
0.20274332794386496
0.06925508489109622
0.009970890318145131
0.002331240102778631
0.0905052674462784
0.8605519076387834
0.9751052872152425
0.08551155472057526
0.03386810180047606
0.07779429639106095
0.05944982079648742
0.49272176397262335
0.8806513311017264
0.9529986707421271
0.9762317530718376
0.9704240426077667
0.9863672921954801
