0.8730269225924082
0.058523046921930666
0.1577053938893863
0.13796381383352008
0.9988267537506273
0.9897539842288555
0.9866724518097012
0.9912565111545713
0.960809914045028
0.01942317957559614
0.02108145748795076
0.17488643516382352
0.12072744907816324
0.07205428821995308
0.08296994017103998
0.1503245343852443
0.9866240614077008
0.9703066782912627
0.9824470792596814
0.07554078260956942
0.008157281643232928
0.003798524928092184
0.016663761814415867
0.016976254422708337
0.9668397952207086
0.9344665189820041
0.3418842043528466
0.009183616074560086
0.0014116442974630994
0.0001713241753698025
0.0009616841374053831
0.9981557460289701
0.9997942696469527
0.999477591588441
0.9990345140931445
0.0029946741085795647
0.0013605302502774919
0.0018871737786291254
0.0026622045395973126
0.34171956386575764
0.5551023734901558
0.47962552921746504
0.9227669328336388
0.9920322744736632
0.028041630603267143
0.008698835050244158
0.09192043001418726
0.9995726486602586
0.9943103244776619
0.9906360206441184
0.05297299494302021
0.01194475323173394
0.021653435625894613
0.9597555617999372
0.9774674236143145
0.5453649723024027
0.5640054407679158
0.004374978756689796
0.0003002623540584448
0.0013619236110259392
0.003118513914701637
0.0007294233382113546
4.541269232261058e-05
0.0007801846362879283
0.0014549848763767415
0.9997040432249393
0.9999116009262948
0.9999867920997098
0.9996106767845414
0.0015302258485196951
0.0008505143736297072
0.0004136413351482071
0.001113623372672179
0.0038111726314650207
0.0023286720933750615
0.0004362277389926561
0.00410385553413628
0.8935860331182088
0.9051777134731264
0.189504094809974
0.06323976713441526
0.008851110620400782
0.00011231462190797181
0.00033893850740607245
0.00028439734158114405
0.0006226583566748545
0.0008731462985621663
0.04682849543442347
0.9805266197365688
0.9575685115874881
0.9999998825080354
0.9999802483993802
0.9969554732523439
0.9451798091716709
0.9989754647930247
0.04307895544159601
0.0018930939270208613
0.0010424967897941784
0.0004676134101428975
0.00039006747141290266
0.0003225064746751327
0.00978372010690487
0.06983783757494044
0.20216871689947613
0.9226688424295945
0.8303599885802346
0.911095665936917
0.9901637284281003
0.07385969174494667
0.004407967979021654
0.002814285935559435
3.692091379103868e-05
0.003687420541113706
0.9879753756109607
0.016621825087903996
0.01228266084272922
0.008408552731127283
0.01666721159888629
0.10394335042398328
0.2583919751578938
0.019587127871953824
0.005795395440607254
0.006592857884238468
0.00567666797161237
0.9915134596974178
0.8832329350528355
0.00865208950129992
0.005668286662688482
0.005895008256158407
0.035775360584673344
0.9694439390303906
0.9531211889067694
0.9873431385488701
0.011417042424967883
0.012301576045242402
0.9910037219048077
0.0021052952574208694
0.00016132274074398545
0.001378842232589661
4.98368819344952e-05
0.002091221851387104
0.19513725945742888
0.9999663374495382
0.9999977191856404
0.9998855881379372
0.19527664359853925
0.0013509535748144064
0.00030821857025364885
0.002567777681465655
0.00043869978413613175
0.002271341338626276
0.9996657023679514
0.005579070179171475
0.01957556212853262
0.9778341969862056
0.9818887838194457
0.9947693808845518
0.9949042709708527
0.9513248433941892
0.018143781364537204
0.000938159290416074
0.0005794992489535078
0.006317865444004367
0.8838218872551644
0.9896941928799933
0.007847182323331148
0.007611788174456069
0.008933897503879074
0.020638224988453135
0.2532549130470455
0.9912272617540295
0.09161574079094437
0.01638154806929404
0.006194745063581308
0.006659554463386619
0.016299066393328232
0.9873493386634706
0.0035685620853438405
0.0007789931509104564
0.0002534873615696043
0.01201600709132078
0.07242467745499293
0.9945074536419927
0.9871107186308226
0.9687582499670697
0.974040343025033
0.8998061371949451
0.846932163632935
0.8828897079753327
0.9579025227388571
0.10520350222049113
0.10830854986699756
0.15080619360939718
0.966159962453318
0.986337471272868
0.9609153163038046
0.9640328690173492
0.09523727582122476
0.03833588839516633
0.0727409198241411
0.9076195371953507
0.3239025223521157
0.09108838163305455
0.0330280893141226
0.02614146561228392
0.0248079741656404
0.03344904532420834
0.1766300641547749
0.9986922396048787
0.9994491240998897
0.03858456374008956
0.0019164179501741652
2.0609712338193198e-05
2.2820872952133975e-05
0.001422067931265869
0.0003787781323507655
0.0003450484007448962
0.0104078004042637
0.0174870904493738
0.035856489467981256
0.9977437824665302
0.9954269625378959
0.9989654167553594
0.015116626665865662
0.00035404141910089226
9.478511919192023e-05
0.0010692375593366332
0.0012290656077864615
0.000719481636638486
0.001073472183021229
0.0078023712277977
0.9999999915488033
0.9999997992945842
0.9999993461244424
0.9999996543347149
0.9999933909479173
0.007810479291981642
0.0010595075836501433
0.0007260571589839948
0.0012353914771597863
0.00106932098007817
9.484406057014283e-05
0.0003327130285758484
0.015709106707448295
0.035289645115760715
0.012611466874225985
0.00799605422097216
8.09024978376538e-05
7.377971808597561e-05
0.0014131860861451573
2.2294430097602458e-05
2.962086454905144e-05
0.0019058389763320083
0.036264876776755495
0.9918933177137461
0.9915577608745543
0.9916764836729316
0.168233774966717
0.025714074944144127
0.0197128098199586
0.022585757883183732
0.03358926486875924
0.10987371397084589
0.36718220339890395
0.04182841653275671
0.019495707861809985
0.01485632464323594
0.9640784015179705
0.7310903958215005
0.9913245911371925
0.9983821279831416
0.0012091647135846761
0.00024795378002628876
0.0018509013434204746
6.235923842912161e-05
0.0006193103848110004
0.003509222403603851
0.01019212993605556
0.9831331871428955
0.43651941181576936
0.992687474335875
0.736606055139556
0.9689452882939497
0.9796748939490689
0.9993254093652298
0.9933344472117587
0.7505017668967293
0.9869793913004952
0.39898189551714003
0.9734197008298456
0.006132856025907629
0.0013125218644861603
0.00012114391382345158
0.00020540063356533356
0.001717955845996877
0.0018373047044817348
0.0028111225893544534
0.9919885341176422
0.9830169636481604
0.710544466822306
0.9870024130794873
0.03552469578448869
0.015476437709730062
0.018380063664778956
0.01933064563147524
0.013060883051905559
0.019603338394364123
0.028668289704280148
0.0953687729183581
0.9978132161452906
0.12550793123351722
0.06622082241567717
0.0677812924932244
0.11251429945282942
0.9762656668349277
0.9790404956015432
