0.9672367917922567
0.9503567081021822
0.8870347334060602
0.9140173208595873
0.9131707103623493
0.8538637870174387
0.7052051062301447
0.7387468032656745
0.7691042982327081
0.7909063475878101
0.8534070055405579
0.798595195682203
0.7949153584401578
0.4557904774367729
0.01659387270812862
0.005028340949400856
0.006755068634580974
0.09019068112135697
0.7016571298733273
0.15514693341546737
0.18980197053223224
0.3989085856344201
0.4675400154353664
0.2683001238601559
0.3192671171183836
0.21908161974624663
0.22693475108291283
0.08134451968626866
0.47623871462537437
0.7811244467446409
0.9521495716697616
0.7531053899010611
0.7362375896034492
0.7750512447620685
0.7899640309512339
0.1439753115552196
0.13924484833707818
0.3984378376138763
0.22566054950900438
0.19652022075848208
0.129778753487658
0.25113753651438897
0.9452054826171925
0.9482782318847828
0.9459391418278594
0.5577445065419121
0.5104538436914072
0.391349125041469
0.40457470901769166
0.32391634593553886
0.592959110167327
0.6952982942934971
0.6718743274123326
0.08375612714142755
0.13576925527325778
0.22510084956751142
0.406690471638507
0.8721644195859851
0.25905010487531155
0.01702159705540307
0.0182172638172734
0.4022649531031196
0.478422805982466
0.14954921870332838
0.2506744097024083
0.3298523517479758
0.5087683304674742
0.7189330110315958
0.9710748358442115
0.9877562904512398
0.8419655546563989
0.6058449767824408
0.10746957612830743
0.13727416829526118
0.14457068561274522
0.1074925127940759
0.3629890166474795
0.03301432745517541
0.13811719604252692
0.1537103042332848
0.8528686702538585
0.2787400352850937
0.10708141793826753
0.24136461352850147
0.21658402016125566
0.930784898181595
0.898316337282365
0.7663333199353
0.7554414381828596
0.6515185108909829
0.7335526921717388
0.7181842021232976
0.5259032685595249
0.15865260771730882
0.1465837428531226
0.5235059882629741
0.6251118366975321
0.4649172910361079
0.002165833089388114
0.04447467414365991
0.050546039863236136
0.10556573847494655
0.016638900744765373
0.21128590242892364
0.9897003815250743
0.9238010935577842
0.02938290365103824
0.0797115167000072
0.008725707807541339
0.06849080692013121
0.22552537270908057
0.10915071119369124
0.013981530546845145
0.028794573863637263
0.0360938393869058
0.06344957724148825
0.10258230993303696
0.9482951506608119
0.9538885202184114
0.9007054390436264
0.9891118140774036
0.9950688491017928
0.9910680783184775
0.9913393318403986
0.9419268269708576
0.990709066287717
0.9737962590998265
0.11262050416670022
0.05636326363613209
0.04595960122456555
0.05786273719495649
0.06218530942260336
0.10614546835481875
0.9114313873726905
0.9144835915730086
0.9916611435914002
0.08331316508082653
0.006975080933890876
0.003195115210096078
0.0011392159981702399
0.0005430381697381081
0.0070497516077077105
0.9996402921156148
0.9996567949379146
0.9996085171442609
0.9990719454268834
0.007373801081044129
0.0008446109397376445
0.0015295325001752902
0.0034078089696842895
0.002827277234378478
0.07390633439667649
0.9904669895257219
0.22948442803277924
0.08789925138080767
0.018283944759583726
0.0008180369499805051
0.0012400159418015644
0.002529788647120612
0.0025115631448545672
0.0013456876790909345
0.07311486769010223
0.9997087112142113
0.9996370368432671
0.9996195642651813
0.999270564986918
0.9973738969424567
0.07496674272916792
0.002502706921690079
0.002343685141157126
0.0019817605429524043
3.534748733013959e-05
7.009595809914781e-05
0.01621388413707825
0.0726261286002482
0.21347406974419458
0.8935484437184453
0.9481123933472767
0.9673591412220177
0.9699577493837568
0.9899358308562151
0.9616540169585054
0.9299317048031597
0.16032191652763284
0.07904649772997696
0.09069547260570743
0.10125284355239683
0.10717541329960056
0.45765832809940743
0.18086354705137753
0.19090105169280158
0.9781297680149069
0.9089061170262303
0.9432245960819078
0.9509069755022095
0.9206574391355394
0.20074651177589842
0.25743598555195135
0.4581621365383951
0.973437173759865
0.964825142113815
0.9371574114098198
0.9371272792417618
0.9048696359958931
0.9239947202836695
0.03266366495242201
0.03366644051780654
0.08710085040165494
0.014836165337764662
0.33779521908992394
0.8250208688966747
0.7425756444758567
0.886787455993799
0.016834363323813606
0.005011322579871469
0.001986545079336044
0.0014832346950577335
0.027949344820951905
0.9996783183751398
0.00318914482818744
0.0008580420339794337
0.9994601378889871
0.9995039685919416
0.08219496604692467
0.025388309100652484
0.0037340221374070337
0.000791222390407631
4.48375836391568e-05
0.0012992446537839486
0.001483954006971544
0.0026244295409429963
0.9999337346704876
0.999981689704674
0.03662677575706075
0.00013945225447242748
5.201074290206442e-05
0.006338697893163658
0.9997285997503227
0.9974963009010345
0.09286866374718095
0.022110229733454445
0.010830209957485404
0.012882979352604296
0.9986556952105916
0.9933950247975956
0.7450669276062741
0.9296339057732999
0.9809315691817372
0.9942935511520743
0.01196459714335496
0.002178685605312425
0.06831756985291781
0.9713606949461092
0.15110677437831166
0.006482566251657884
0.0045105400971543474
0.05914680476023504
0.9965797869609174
0.9969022515036552
0.9998786481553129
0.00443695892963758
0.007152147178779544
0.009071684729952567
0.00047989220412791855
0.0017083137796248815
0.999766035129254
0.999941017998146
0.9998965771656547
0.9991440489778127
0.0017858895219546866
0.0007620089371868088
0.009070382829136303
0.9999927079689633
0.006547887352832404
0.006037311395729161
0.9990902903855866
0.9998651412124308
0.9998706832429154
0.05916558394089688
0.001426609985798244
0.0035637020374033046
0.1526720755852946
0.9982411265260517
0.0979136461766853
0.006114383488180719
0.011982523859287997
0.9673197734261207
0.9705021010993021
0.9974877926953563
0.7337980684089149
0.9324112925378264
0.9844623195375216
0.007423446922409149
0.00992907190932557
0.0213794029111829
0.09186272923439942
0.9999204992935246
0.9994231338502344
0.006939774694898593
6.268980568702176e-05
0.00014737566343692166
0.03653611394550138
0.9998704615979913
0.9998753625896147
0.0027414961169986984
0.0015719233298370217
0.0013896453412897136
0.00015409150897960355
0.0008835202177108759
0.0038904282234668575
0.017653177361293015
0.09009322049071267
0.9990414195330573
0.0008621296750760399
0.0022664148542417273
0.9982785240451119
0.02835802443856228
0.00024549084526181986
0.00017481424858567518
0.00668789528846947
0.02102564761085668
0.9554990518419972
0.9448708279487473
0.723747292401113
0.8744808188225394
0.7331511751497863
0.8612296583845191
0.95419051927474
0.870351729162779
0.8274237566111566
0.8309895150888256
0.926207287471665
