0.9729156478225298
0.9521176169706989
0.9598835758011472
0.3168709999621158
0.13385940127574023
0.12564931318008316
0.10188957443515828
0.17007540282167521
0.5099150009906837
0.49314450975350316
0.5245083041538137
0.5250234445193298
0.6230047948364379
0.09012244909973578
0.06466298901915131
0.35900694149546436
0.30427337656284065
0.3381681701722532
0.34118027475073026
0.981416954255593
0.06761614859755326
0.028785413491562616
0.9572241524873286
0.0072673050903906515
0.006197849490375517
0.009956665268734642
0.16561073908144988
0.9310247457415923
0.2442466996100158
0.881548967048758
0.04444933397754427
0.06852044190460133
0.2715691662894319
0.9704960201469739
0.9763227201327818
0.9919711303921974
0.28840358559874163
0.06575623662059181
0.11836325278374926
0.9280846838422898
0.17640408848633646
0.9747220294678449
0.2071877642573698
0.024299604377366533
0.007598200936028165
0.008136331439729416
0.9359103372036801
0.02907406923132567
0.030032839206016446
0.942704048612923
0.9005870021443934
0.8763676006329022
0.8686880730154998
0.5846262577990309
0.6295713604867484
0.618914412435612
0.5889246706075972
0.5873050958827936
0.6296768645950388
0.6401669107611688
0.7001078733533559
0.758733925646486
0.7926058889018672
0.7136211355127555
0.656023129525949
0.8325332093916284
0.21252278658580132
0.1348189918512554
0.12941767149847325
0.1494970624347518
0.9093294917558228
0.10063051888598734
0.0471679255397027
0.04470441913248362
0.13077328264697077
0.8755035707840577
0.8698051628482382
0.9693292995805474
0.20614924694423922
0.007427056860742031
0.013287684191174853
0.03437840650754623
0.013115408015516104
0.00796599036134461
0.025969737684105387
0.11448771642304247
0.7604502340582269
0.09475423356931167
0.06811264855810126
0.05596834975304061
0.008748848064462722
0.032812744669457224
0.11721761687305594
0.8351043453895886
0.8215047122254657
0.816530797048338
0.9101072988824113
0.9180762542866394
0.9324451882794793
0.8750131640679848
0.854053127544024
0.08584794294561893
0.0819146123545244
0.19508536520065023
0.16330046820893018
0.33250854455011497
0.17052380195473107
0.3769463589256813
0.15739463709731952
0.10109547170585176
0.7490871173592049
0.7824526059979484
0.08592037408021973
0.07870171169175022
0.17036551548795736
0.9473956446473837
0.9314939523253687
0.6476115863641536
0.6247444595313
0.634306888025499
0.7711465840400522
0.9481719853315731
0.9717770981283538
0.43135772649132387
0.4182926764941533
0.25337768833341784
0.6415380670795943
0.573367810913362
0.11514176585725659
0.4261781634853755
0.4029373324661595
0.349133288160315
0.1621547578440256
0.6560959154401504
0.682613483049284
0.8984686817876566
0.8109683049351628
0.9163678141145077
0.7677691165289616
0.6868571259959939
0.8562028185220578
0.92354719288734
0.7877635351429076
0.8836193748829402
0.09424729021598122
0.019982371113629004
0.04127798047752183
0.044617491864445136
0.7589221079882315
0.8015507673744058
0.15150715083936328
0.022944019103156375
0.028541406129946288
0.016205645908832566
0.006933524671941171
0.9151230051536241
0.10997490912035042
0.1294900366509057
0.23852377874692046
0.20374382861959706
0.029538402864803467
0.019354954516028387
0.01828009880466944
0.18270650940432118
0.8389742259388941
0.7710141029961111
0.612880259709085
0.5462465630678914
0.6491488996263044
0.8950896668890738
0.09345834226481284
0.11694515369357165
0.08403124148351443
0.2154332773804093
0.854972696583755
0.8899189097630811
0.896042006058154
0.8672176414278374
0.8512848301773832
0.798388233352154
0.8068237529541606
0.11857784768688888
0.18130295838814495
0.16205455433753757
0.09810763166572511
0.8739564804737554
0.7765269583257794
0.587041592311167
0.5711949068071818
0.6223502842477204
0.04170261740526205
0.13578400252068354
0.1775193262441652
0.159820991619055
0.2767810776878805
0.8785973110221663
0.875615741664487
0.16919178170557572
0.18020040372724574
0.1719252806603632
0.1867174812501153
0.16471687661818057
0.19342046547034192
0.4004538375909902
0.9435172352149193
0.966212555130296
0.8640871023987007
0.30454346749259403
0.09912442179993075
0.1308322607520107
0.1274631898628968
0.10336655333820573
0.1038239246485676
0.024321711712553484
0.16462116761631368
0.026209576153202463
0.09615222824716546
0.8580293630239391
0.20135666540282798
0.20667097139357765
0.1437803022259628
0.10893834263468788
0.25499303374280136
0.8751407601180674
0.8367489587728398
0.7528711714959415
0.7731666776610809
0.8432251527602292
0.737147987323904
0.6712958838231939
0.74064711572095
0.7006617454537473
0.8039600159454474
0.8793825751941367
0.9180793961776506
0.3012183625942079
0.18827740739959536
0.1558399532863028
0.12673626844740138
0.27502651790440985
0.2716606355087802
0.27329913307495673
0.8378028714696439
0.6546062472556846
0.6561500140472016
0.7217428365630087
0.8040370014283826
0.9775399867594257
0.09964377756160553
0.030442074746512737
0.015457792193926545
0.021702710331108988
0.021160380168005685
0.0309455565871676
0.031290042594312215
0.04451940977115378
0.9723914356165235
0.9478378527430289
0.010580466942358535
0.016303586778164035
0.027891743945848965
0.019337110207844864
0.017682647671521844
0.3872068547241859
0.4921325564166164
0.7522867291421884
0.764741106268505
0.8511504276129449
0.8642520375992861
0.9405057242097281
0.8056811989858428
0.812900274377802
0.8139951992333503
0.7415371372679697
0.7216778795056751
0.18208335135386738
0.4225055435975883
0.5123628534106417
0.4144106094889842
0.6966366286164134
0.6945596617244172
0.6741005484483265
0.6762259429751459
0.8917977131789081
0.9200819970092531
0.48936252754842885
0.44288538472375255
0.8977320748153783
0.6901860109806703
0.6881647789654473
0.6490685419190729
0.6403073267293347
0.25174213055869576
0.4955634072815374
0.8585975285769465
0.6017677063531405
0.6781396094130949
0.6791703426245743
0.9175060277418539
0.7708082645022867
0.42008639498977757
0.26884234699397025
0.261309781351934
0.10568375527921654
0.07394709834553967
0.07134769995756945
0.06222105197974571
0.057735452485031265
0.053396776935412914
0.9809411105248904
0.9612103950201643
0.03632948665865488
0.035184961515566236
0.04133790599103012
0.03717222149683643
0.017424491996407485
0.016682055594152832
0.0177545261262795
0.06574710539135581
0.2971858428317136
0.24022387636624482
0.2170557475668811
0.13279947066599548
0.16134654593671435
0.19983655559706365
0.20277707547914903
0.6713626025315038
0.6808046839103465
0.7339470481514466
0.8532469531385154
0.3209910828149802
0.29043104302302236
0.04788573572086777
0.04509405732129463
0.07994211260573914
0.7408898708273367
0.9040093316286584
