0.9324590944987735
0.9252425934787346
0.9202623541200634
0.9291868511201687
0.998381269720034
0.9385563387908976
0.0526234047204126
0.015141328468407655
0.012598044259356733
0.07047654534919912
0.43212066618960066
0.17504959127976993
0.08147416141956976
0.8279009929178742
0.8079624494926826
0.9180151575690677
0.9492434959401231
0.8546338730111187
0.07236872798606764
0.019243028260700568
0.1432210143642979
0.7280731187164856
0.8873145701678335
0.9244464240511571
0.5887591760790888
0.6140625367515129
0.3272628320914681
0.7863210499477085
0.23713228617270599
0.156697602959202
0.14376332299153982
0.9104028865109909
0.8833159708163214
0.11376208472349891
0.08009922866701968
0.41358184039380674
0.4747151089101771
0.975653213436178
0.47945784880560127
0.0532729004703385
0.698731341129037
0.24492663394955239
0.26736868992660867
0.910994040058471
0.797219598240268
0.017408412512473714
0.012445802870344913
0.005084869557940297
0.004263926049069999
0.9523724312489035
0.9588358526456471
0.9591171561394163
0.9815218524962753
0.017783047702964905
0.042139782452919494
0.08086292148119978
0.08552076729901581
0.6329556365910747
0.47360332739354605
0.7097708669763092
0.5182373732567278
0.6888973483110341
0.32522754205267757
0.13570483393109378
0.73804959739111
0.08787714248933087
0.033991601582276876
0.4350727068132354
0.5282716948942376
0.19215554228675313
0.16156429912507564
0.4337563445988615
0.8346429859947508
0.12663615730896616
0.049372809994739475
0.563575691638583
0.8987370786411176
0.4764780463233862
0.4889931584655106
0.6809693384501052
0.6545216075331184
0.5683014167995296
0.3834922349098333
0.007245494085785564
0.020233971035033105
0.025949717635404213
0.3229445568580712
0.016023863117680892
0.009203506201944323
0.010015235382047738
0.97662722269503
0.952848611206846
0.3712308719466646
0.3064042969108829
0.7956574608315095
0.75786282742828
0.9101995268727663
0.20630592934013647
0.2082414564181031
0.2186792224602616
0.21932564210052885
0.1902981767969838
0.20262604402989348
0.0159825712999091
0.022757421860440497
0.011500802518438658
0.5021238414685596
0.009003748520686528
0.006115239145464191
0.3674938042741249
0.3815970799411069
0.13304770776499508
0.5724599191194502
0.6108548935355957
0.774579662226053
0.006800716861281142
0.005766438351522241
0.22811095890026134
0.04719790037871474
0.0997194345496929
0.997186278991481
0.9997504658317867
0.99973586399966
0.9996739605068804
0.02846794072792913
0.1165702903995014
0.005908497444501393
0.0002686215549131399
0.004719702885883192
0.8886168317152847
0.4903468625266789
0.45100528051202826
0.5499237424323493
0.8909034374005312
0.6995908867267076
0.9913131411816197
0.4997034402059872
0.49384518622003326
0.4968310675285974
0.5179775452710511
0.7105632834214881
0.6199416496747634
0.8243689925235892
0.8246624911779497
0.820586714556556
0.25640575444737335
0.10359833883840719
0.016324325576480447
0.00797847574415178
0.0049667269199751285
0.002593642599850954
0.0013640168731847702
0.001852009248392239
0.002199933337390103
0.006246681642878005
0.01641243473511711
0.9981507830786519
0.9981371090797759
0.9999759333386207
0.999492114060891
0.018301012225371838
0.002628748303211692
0.002742099104489526
0.0007730395541643009
8.787997489256849e-05
0.0008469993982842539
0.003497709953678152
0.008325113012971452
0.01868847363399595
0.09176860499471029
0.25154962558255345
0.9180237685276348
0.9222316352669906
0.9875603576897101
0.9789223223001069
0.26507991792571084
0.23871121271991647
0.29554770109389317
0.29787862588600045
0.2908739181360046
0.7855629534117142
0.719025634148698
0.3653138295045525
0.05751229478784925
0.010289554489697261
0.006562553428597684
0.03303835625151075
0.21312577817025413
0.22020934114758572
0.21231915740124785
0.03356555638655889
0.7510304261746437
0.6741914175466737
0.44463454597820706
0.4202953048325567
0.031722204660938
0.02904687791209959
0.04636474230490617
0.03683406318128368
0.11312355040844768
0.21312076581357808
0.2177088336734927
0.2861531991693963
0.10509484718328721
0.03901854989333564
0.01418908588071821
0.018479890431747248
0.10279009419032525
0.0705483341074492
0.06362725087944432
0.009401966520536265
0.0152319054552853
0.08285529881715892
0.9871141772752666
0.9870809528577094
0.21612498568803773
0.007899829758450494
5.740151678734762e-05
2.370671798357371e-05
0.0008243005985958396
0.00940957348438698
0.013799741836783785
0.014178206436452734
0.9635897981148575
0.7220973986466266
0.9999995345854951
0.9999997632940347
0.9993608887073521
0.7689996712845771
0.9530937538006148
0.0006828903002225051
5.078395208435449e-05
0.0008785631902789026
0.0008256720306260013
2.4495379892908176e-05
5.933013744352511e-05
0.009138063645887429
0.22699618431409507
0.09407458506875599
0.0047282722123137555
0.0022385728624457757
0.050602266014332486
0.5111631725560546
0.9910942827326229
0.5385698130374106
0.10782831697948103
0.009704699362463876
0.006321262016836582
0.03989122575334325
0.04222890946011959
0.8265441270184647
0.9774398411157639
0.006537189573147306
0.0002101405751281371
0.0003809163234458346
0.0142490126874113
0.015086612994262616
0.6573351459754473
0.01670969614657325
0.036846306295841735
0.9001944680858128
0.44866647995189535
0.989336391740331
0.9900081955779361
0.7732351321939149
0.6695350979613953
0.680206760291697
0.31148235260926127
0.8874903685177461
0.35222749242236495
0.12070604231420579
0.02660210388324269
0.013463580055851354
0.014210275489364599
0.03244381499923832
0.2397950005156504
0.8506346124582008
0.8205896000686157
0.9783050187335172
0.41128172766386006
0.07447652912180203
0.08456883907375567
0.5240740240637647
0.97808636560124
0.12298954271008844
0.12650750510729014
0.15271267793520094
0.980763283007271
0.9840352290317366
0.9354512731867826
0.9081649265732332
0.9467682195613947
0.049940908430400666
0.06977994514458918
0.14838663899492854
0.5162057909526365
0.47736192940322164
0.02967124178606051
0.31463129984082927
0.2824697738032691
0.9965877252359302
0.012307920360293378
0.0020219823638862877
0.0010867512297005888
0.0015767144146475731
0.9946768841935629
0.9965685329530753
0.9956396129536094
0.997686603449611
0.0035421882698345453
0.004171062824472771
0.007342504048236775
0.013930780114027375
0.8306768065826453
0.7330762065255219
0.9391129842044706
0.9098035088127738
0.10212382805094922
0.12701805953795742
0.08522216269983507
0.05932834091573347
0.1761868560451627
0.9400568307633634
0.9298188396802104
0.954284466557704
0.9822159317530531
0.9863663920490691
0.18338960842515717
0.14673273215838212
0.11021363621495006
0.10541391279641965
0.09637451869018332
0.14140537514730134
0.011015126608021841
0.00978100703323248
0.13694556196053442
0.9957073583329075
0.9918079169061232
0.9906798170726364
