0.9989071147386674
0.1717444793003553
0.004290086006599081
0.0038795503560423716
0.006196672026404948
0.021030018281449125
0.9680742040376846
0.9575063591948563
0.9222177408439929
0.8520457574843243
0.524463324865297
0.45962577654233083
0.04264600606802027
0.004772125826257079
0.006134356794601725
0.008103969575152914
0.012388018209081642
0.03681712917779434
0.5079391997897853
0.3117144195595398
0.879293999774204
0.586600321677555
0.12908741666910084
0.1348442514155369
0.5453089743128561
0.6179466277593098
0.7377191818410446
0.23383135069376682
0.3418157011267382
0.1401948787197328
0.16668394581896584
0.19645217077715527
0.1440483760591924
0.1258714877058339
0.10316093142562277
0.008651488862966739
0.040258585084014475
0.03747726415397712
0.039023465363898224
0.8997717508309849
0.8935380046650061
0.19051954402769256
0.16539043578308232
0.2695038906427676
0.9596500278103175
0.005793153210882918
0.002184003195402573
0.003134095604950038
0.010485131351715138
0.08210177127176388
0.998761427494036
0.9991489686687504
0.9984101180621822
0.9954316432115629
0.10957439204294295
0.03278851263265192
0.032593062898991554
0.02137818780603995
0.012533083417429092
0.9738152917746268
0.2773330563892662
0.17963721743897954
0.2705463315720762
0.8323757021441175
0.7977867859919074
0.24238583287102766
0.043177359382956415
0.06533852290923803
0.11619427335762933
0.3649406577712144
0.8807636028615047
0.8559762361796291
0.9135949541487252
0.8659643915883903
0.9030604629007633
0.05752138367125825
0.0300452988131773
0.03816683936451659
0.19153020117560904
0.8030618570034798
0.6343073175879892
0.02583643356907639
0.008151687598155877
0.01330607643001469
0.02363592667987857
0.024722307453910908
0.9781861766857501
0.9831948014605382
0.9987558780118828
0.9982943678820428
0.04634385542507269
0.011674232085350789
0.0017172632796224052
0.17949926539008776
0.19905287639692992
0.625531457221697
0.6372586493597483
0.019727700539429627
0.016158590901966807
0.03381669077796923
0.04739433335062837
0.828786756885093
0.869383251743176
0.8434015090281566
0.8074525453991923
0.34801820522247207
0.3888830616198953
0.8056244262035496
0.8472465373083782
0.8276807558078345
0.4313235770007038
0.12714466648133027
0.08484609654133757
0.09669515784058968
0.20974261057614052
0.2689154006725628
0.2757195455416287
0.07733557552645265
0.015476782242378473
0.49256791629903185
0.3474359690761528
0.38394340110106584
0.6243687027007794
0.03683262392016684
0.00521283678104445
0.005214440743017912
0.0032558100970242476
0.0009697123332306212
0.0017747557740909192
0.010328845113535934
0.09777199086479116
0.1224725357248938
0.009706149263613573
0.01048733802787749
0.01404687114831571
0.08525448292594984
0.10000098159459914
0.26072664360823994
0.06397600072528786
0.08625113075896018
0.2958019269827139
0.6070375209498806
0.995270218760699
0.3678578701711871
0.034819803807725425
0.00035493445330625484
3.200455811358527e-05
0.0004487565674653471
5.4572456906321065e-05
0.0015953731984010844
0.01578878034215936
0.9843635578069786
0.7367692956910443
0.9999999811551614
0.9999937241775422
0.9990080144649929
0.764018013934578
0.9725311554802357
0.000979471770235496
0.001664800799193178
7.252071587104947e-05
0.0005932146203339039
0.00015570667017228423
0.0003406176782074777
0.03429476176253632
0.11966218287919728
0.2921406174633847
0.10227420232717466
0.21805981032233823
0.2603559187186989
0.46808428968471716
0.840330717258221
0.47158828214952686
0.08903906682285756
0.015917001842360334
0.013189175469297987
0.012628280262330649
0.2594028960304353
0.979405110059383
0.9943471486512839
0.010410983157684184
0.007243098918236712
0.008759102956269804
0.01695858383996196
0.02504635161948987
0.0006701344306428991
0.0005389550291423628
0.031207264910606214
0.9941258699951555
0.9956780658206908
0.9942267327563425
0.9825585605874193
0.7262979043888806
0.027477534215463284
0.0020674905817720246
0.02189378496239902
0.28394353994699206
0.9999953777808086
0.8309142398396643
0.44359117763448386
0.004846819480194164
0.004791184668773152
0.16636090215489208
0.5398738084226278
0.9768708489869955
0.9871904656721516
0.9980133213977275
0.016139582888085924
0.0029130155814196534
4.7887356870224274e-05
0.00018704697552496263
0.016996099421202726
0.9999971140936543
0.008557271544374467
0.023230342591837205
0.0375885498417009
0.999997422787095
0.9997113268224467
0.9999716667082508
0.9946573760969871
0.9948328162671211
0.04270363842194891
0.006341652580322821
0.030707327532301543
0.017125844914653854
0.00020729691032461695
0.00017452267072159966
0.003198023200784994
0.014395763047865384
0.9998285588134772
0.010743053975717287
0.0018899467283531868
0.0001230437829838893
0.000510180844230268
0.9961635305774371
0.9998015609518076
0.9988393902564368
0.9985338795879529
0.0020909150773137375
0.0006868971417369751
0.002558322714723893
0.007175054879457465
0.3785326274268155
0.35598868261962235
0.7700792878484941
0.03889325993723192
0.0378718039362711
0.702984488791049
0.22755371383410827
0.16989456835497385
0.32116296650179066
0.9883938082855759
0.11349572819606946
0.25477139668149873
0.9221264862313051
0.9373439800804061
0.9330464632776562
0.9980224005152094
0.15204562504436148
0.030036209269158842
0.0040827769115557855
0.004276336525679603
0.029301234921062735
0.877593359896259
0.9412825344023116
0.992143635237533
0.351148116578602
0.07816760672071954
0.004739934338179763
0.005993438347405067
0.006070635517188339
0.99833966488522
0.9970590799709894
0.9973486983841279
0.9999324428682561
0.005356134526241729
0.003869450796803453
0.0032880698543481524
0.019162476968406117
0.23478706372024594
0.9932459820844775
0.022634860704015103
0.002584270359279217
0.001686604936081193
0.030562800456370054
0.13373390124345463
0.11444220518007864
0.1211111561647159
0.8306040320348904
0.14948002713367414
0.09108079510295364
0.08039585953895545
0.924749599640566
0.08137795851006746
0.09773777014249185
0.6692511157811281
0.6052322902170124
0.024709973635372973
0.00458905909263585
0.11819697586608802
0.09475374872688391
0.9637310751935028
0.9965107217768925
0.9940036661076231
0.9900817884777382
0.17633718991691516
0.0455919357389204
0.881511558055565
0.054310023014754405
0.0034280636330072944
0.04441335118457257
0.048944751816204946
0.9355529422286133
0.9284603168137675
0.9207350916781757
0.033355434247098525
0.015017626419704166
0.018720069970662223
0.0707413096446663
0.9087086272383258
0.138395760872298
0.10224513675228664
0.9919069083116541
0.996345865641776
0.9070453752873433
0.048022506328267656
0.049748723649658544
0.10515479757321966
0.09510871389614861
0.5105855560993322
0.49017188400136424
0.4897960673092573
0.5409354828260388
0.9903813963723104
0.9675527188839391
0.9776281190123176
0.8967878237063365
0.8714714318505911
0.7071608951809419
0.6211269769530471
0.6236127327975272
0.588212244623524
0.6314281284639957
0.8089007643785654
0.8959692759867193
0.9667357125287117
0.019660203363113027
0.01705350008881512
0.0020009703076548924
0.002750953947741497
0.18324229228928246
