0.878808874955881
0.8185728194687834
0.6889221302431486
0.7971036495914052
0.7938593261492688
0.6883209571045801
0.5202098687874733
0.649086274862688
0.6847560273249009
0.7171415768473401
0.7164321026592018
0.6463628377545192
0.5937293269139934
0.49112298418117506
0.0895808461093035
0.05699140833096317
0.02399960606309326
0.347858464543078
0.3501712705866761
0.13088989191943345
0.2626643226044586
0.8523333038575076
0.874325761914025
0.7836008871481419
0.8796810498628468
0.08453913904664168
0.11164298915465265
0.18457952546786027
0.4896829510583667
0.41709526854893275
0.5316403823030497
0.24495097583357217
0.2650766433153605
0.3206929972294257
0.7498946338390821
0.00540242187725315
0.0045291119590417095
0.012935467174787108
0.01062833787158679
0.010696799159757742
0.030964585607295647
0.12344964291753169
0.964982183031802
0.9739691488821696
0.866651292507352
0.8010634949220915
0.857118706008148
0.2963768325226729
0.24501869273439802
0.2739381848664114
0.5945517941900775
0.5849340289918702
0.6465511796698922
0.34357642016765255
0.5390982349155671
0.2786266809665766
0.24038138543495025
0.2874860998774068
0.9460054682603063
0.5952219002108364
0.5232754940120088
0.42421612100882955
0.3725267552825613
0.3681988254373022
0.7548079440262272
0.7617999416555751
0.5593457098856464
0.639632035800894
0.6212567030938363
0.7940309158736885
0.19126822398537968
0.16627725252722514
0.23947108060100186
0.2548742057464257
0.3054417800392447
0.2911659316161276
0.27101592428683297
0.5236121255501756
0.5375988167743002
0.6143959714716706
0.16490833352903111
0.023117199376573194
0.008923387878973732
0.002674174208903146
0.0036510697034422
0.9901716744827269
0.9802832045249914
0.04798359381422157
0.0007138593371213142
0.0021551514447193387
0.005169475035887272
0.9987241930659536
0.9981617707422271
0.9982210750584221
0.9993243711929106
0.005244199542446926
0.0011385922760107636
0.0006546435709282594
0.02814743884719928
0.999958725124581
0.002378802508277711
0.0001557688542019875
0.00040492228359079174
0.022533074718724566
0.13147806071463852
0.8544531262240797
0.9044606316104162
0.7445279582240145
0.6681839819302899
0.6475254343609916
0.8468146545681289
0.845928600251637
0.9028823858251772
0.9058200179610868
0.9057013565307513
0.9087598420700895
0.10372992864544273
0.03078782458857754
0.014017646440307785
0.008942359558069546
0.009562596363627662
0.010434904358402441
0.013332849713388661
0.09122032735416186
0.09079305208564392
0.02039528544045255
0.5234463620778247
0.2619356539495936
0.062231656843441785
0.03718090178372346
0.13650735239564038
0.012759741606275021
0.013661998380101403
0.35828413772675016
0.8099679079775792
0.07024383761067265
0.1323030848734419
0.15920491078126142
0.7836247702899866
0.26021810116830446
0.254297988561331
0.1422642571875239
0.20924001958930627
0.2640020664469602
0.9370023454161347
0.9320521259012509
0.3749974343803756
0.24462228407105047
0.2091934965809501
0.31878113202910696
0.32955018237920786
0.27718076090915467
0.589535009877571
0.7348425175045195
0.7990695931990305
0.19544802388308347
0.2652242207967076
0.3339234477797468
0.9940519246831637
0.8856696998245353
0.8583366145981377
0.8899564577442287
0.6974718976675625
0.009950542354750125
0.028872988669794486
0.28321759877430386
0.8415372986662135
0.8464267268513577
0.7443272773350518
0.815366368242509
0.7782823678615717
0.19181742254204448
0.23761725510837728
0.06915229548161927
0.08073194430930741
0.2960064140295676
0.35547039355476595
0.9431723925400021
0.9811007657924912
0.008407193042766159
0.006181872400418564
0.014149418362153221
0.01345314726306901
0.009465344752716875
0.6914961337155141
0.9631751756458948
0.40492520563609213
0.3706369085744079
0.3695925654486871
0.39078803322250577
0.0446470802544251
0.05249400494215184
0.4171096594556932
0.5621427584360423
0.09404988347027166
0.06435676870174567
0.4015156778864297
0.8660473061923857
0.8407545888255268
0.26754467955308037
0.368032876163083
0.4202929567623841
0.8306118907905548
0.854046492182324
0.8216985689604787
0.25614007013596707
0.2543411353853594
0.31551471449962665
0.8690139858258057
0.8510671039003993
0.42377653233783774
0.14066735513423168
0.15465979546044573
0.6899778286825118
0.6675862787154698
0.8621520017366315
0.9869733437102031
0.8193910181212409
0.6360073796901726
0.7727178237073618
0.7861719665091169
0.8297046128881131
0.8551512212205457
0.7958598957999473
0.8413554368129383
0.9177887365907542
0.9116773674012082
0.5048716321236884
0.17588747831575668
0.22543025188927457
0.04331620041220818
0.16806288214909182
0.4723145548708676
0.4009326755386313
0.5932883109048942
0.009893962824849667
0.0392615184001992
0.010731846519396737
0.006810277447264479
0.03319288067824844
0.9995813246788874
0.006173480361592265
0.003419746178886629
0.9985028116307334
0.9996134680206343
0.08533837106082898
0.028337936353139415
0.006318310277365291
0.005770832834504858
0.006176871853136312
0.003899124957684852
7.458614163247113e-05
8.527583369866143e-05
0.020665950213557438
0.996183226221124
0.9961630376989568
0.0013290674733233976
0.000272388104813448
0.016835808770048866
0.9987276334731267
0.9964180474663964
0.9646959943006338
0.9761402280401291
0.4172152267781848
0.017939314781757365
0.5984671271106634
0.6124027618420531
0.0585319710012735
0.4591925746792518
0.6268720462667634
0.999959007349463
0.02738287401927819
0.009566116029852023
0.004181279563893137
0.003186727379488774
0.000760942147829291
0.0007870851340222584
0.0026413112441863174
0.003021385000139598
0.004066249831209401
0.011904200342233828
0.9981635383396741
0.9795662891566783
0.08745707709200101
0.006875298252744688
0.0009503248269920883
0.04581157632066668
0.9998626272029234
0.9999952122644121
0.9999947485755522
0.9999940530291233
0.9999722182510579
0.9987169451299874
0.04722273398079502
0.0008668251426323659
0.006865757453127896
0.06638248252927559
0.9998632006418876
0.012429574135051635
0.004683312579898513
0.003186749546930212
0.0025891698094105964
0.0006897472138790439
0.00027633249801950477
0.008571114581933048
0.01150819437209083
0.020582282656051443
0.03745140690308202
0.9835645447608253
0.9833310932528815
0.9968416680531691
0.04885587223358501
0.4762434500173306
0.628627028694432
0.02588135421029014
0.023841973693586316
0.6009480600878887
0.9386447289858795
0.9994108037763362
0.9988582006739746
0.01420842117526433
0.0003622925256643317
0.0013319037339736273
0.9958079364865711
0.9962985529652014
0.024519536355019467
0.00012995541748495043
0.00016272459495159097
0.004841478337964444
0.0059851509946694526
0.0059676879087376955
0.008044778323187396
0.021447991597655203
0.09353237932525271
0.999479380799954
0.0009067619041296382
0.002393042278212465
0.9945894002371576
0.03096446491014393
0.0006282103809586159
0.00040845933959421377
0.02716508552352015
0.18911418161563565
0.904033720615561
0.7423279375420355
0.520938828265657
0.6707273223937288
0.6034282116345148
0.5774519645239299
0.7489406665408397
0.7420934976147261
0.8558742255581866
0.8567250011348463
0.9345384354466952
