0.9855430748127081
0.9705146799991453
0.9895688554301256
0.9981885451458073
0.9965378130930009
0.9957066087895285
0.9936672424417952
0.9773075137574648
0.1948863516214986
0.11297999445662699
0.06053332710683157
0.02708261040091975
0.06967411945733404
0.7120935896229686
0.14660299424776457
0.005313332132708459
0.0050457659533156285
0.006564300135231682
0.009677355574548296
0.01360884870606649
0.9854684361240145
0.9972157294084818
0.029239172444739947
0.005183002731863673
0.0020800533585283443
0.007843863142507623
0.02261970528027346
0.04455310745024854
0.22901283376779658
0.9972603398420173
0.9217634198254033
0.9862263378698745
0.06174588430076311
0.0019122766145157621
0.0008099684822915343
0.0010979933567133449
0.0018563993879953111
0.002667078781410148
0.07252495515504531
0.9979548761538329
0.3655687353954402
0.24179730805335742
0.24113249537092707
0.4166400452964747
0.006409666407260373
0.0065528369070771975
0.007962881544413825
0.009216982817559782
0.9976883311235092
0.009265974954066225
0.0020386631183987314
0.0013662155650777663
0.5019789548149547
0.5018403586981475
0.0013454907658256854
0.0001609679113244722
0.00012436502370349878
0.0020599464905042275
0.005862420153459613
0.06479219436461814
0.0015142685431739356
3.8654862587250705e-05
1.3061572549877276e-05
0.00012162916030367121
0.001856382455761807
0.9924204612130093
0.009196195471891988
0.0016762341380223145
0.023785180029815556
0.2903581054791575
0.7775769778509898
0.9999756301511133
0.9999943505210451
0.9999684078166536
0.9998460959914867
0.9999749431532565
0.9985128324372033
0.9993874371846942
0.9922171578493096
0.06221941849081247
0.018179870122732367
0.007496223133328095
0.01608338347389271
0.0029254287920150723
0.00022191806240756673
3.44464214175888e-05
6.513666224394754e-05
0.005905513831857001
0.6984098838605963
0.9969213604524824
0.12619529425797182
0.10737931398971501
0.9643054746312125
0.9610296611495885
0.9930803935135942
0.9953835473798212
0.6600986532693685
0.14377335846283612
0.4645866346004113
0.9918846140326061
0.9915543670965402
0.9869024692456239
0.9668228168323248
0.9676086229818297
0.9650538104447534
0.36509020325207175
0.0048885590733587225
0.0012653723089145474
4.2098699420733965e-05
9.484040784268899e-05
0.001296174702410502
0.0039188028892600535
0.0014020726798212868
0.0014171786804212383
0.009840891597113544
0.9948869058195342
0.005407764612730626
0.005267308694649753
0.01198727000885702
0.018057544828787964
0.9481424304296855
0.9393037394838165
0.9412858942232778
0.01523203030991993
0.014524990405472282
0.017014168151684772
0.021557472513146103
0.0660904553782613
0.09521905409887554
0.39686590278260625
0.9036509580799894
0.8929282228780113
0.8098821299345719
0.9484516701561354
0.9805987073039676
0.9265043747701316
0.9923271623895428
0.2658644058356462
0.06572520880482546
0.050091223487722436
0.11944752724317098
0.2752995857981213
0.4005953738570689
0.01857204914140398
0.016174274116959486
0.21379411985059038
0.2225170122579716
0.9601054039366573
0.9980650882620515
0.03404777287813243
0.02829481812045409
0.05901096822266816
0.23540598103457056
0.9997271221258606
0.9993565158032812
0.9995064962496677
0.46785429432728054
0.13973903801470544
0.12678885845967924
0.48732397616136647
0.7966348438936977
0.7936420805470764
0.9261035463382792
0.38577206667163666
0.4009405670715861
0.057909354056646545
0.4855375870540434
0.5435323661494827
0.9131025631234446
0.2679765323549733
0.1646300870724715
0.015718289657608242
0.0353775346471108
0.8950203044351609
0.8231117687830601
0.02665111372964757
0.04705657486446424
0.17309941375621096
0.17841731612471567
0.9954339472029259
0.9776731094929042
0.8908200234064058
0.854950361232956
0.7731516403996878
0.8523527894397136
0.6433941912893193
0.7862468626423956
0.44231424234501515
0.439915988914776
0.6625063362787653
0.674464232552239
0.5033049989829299
0.6807519227958136
0.5769657775882735
0.8544741106633155
0.27645169844601525
0.017313956056130175
0.04734646885302174
0.02663581548270355
0.2267390595447144
0.2346754523394191
0.237410187345528
0.9767465617312777
0.8413474184674233
0.7252598711610979
0.7905647658066111
0.5625649062356013
0.7900311038206198
0.8975418831272288
0.9899101072739344
0.7916186123461169
0.3788657316613465
0.08111137084778586
0.01136455658479718
0.012710452615372403
0.32211477129903743
0.44740594840307335
0.9771116486182123
0.9764944743046865
0.09774837108315804
0.010930090646027235
0.000395980251786332
0.00032520191576046464
0.015024415784541834
0.9997690741027833
0.9996003814947396
0.9956020605864344
0.9978617578467323
0.011296079366821532
0.0003553760051312471
0.001390031053564278
0.0012334002327446525
0.00023711939135717675
0.0024314643311278417
0.3340654731661983
0.6443221091004532
0.42503556413175647
0.4826381591653597
0.4897388135581322
0.9999925137436154
0.9999971873217742
0.9970557263315547
0.6828713371812323
0.14085300651099086
0.4825010757849988
0.07199775864904989
0.002372878200041617
0.00022210893520935304
0.001072633088405106
0.0011841549580663413
0.0003982613190062212
0.00642226467454976
0.9998146070393292
0.9999148698795972
0.013294172082912836
0.0002659879483102312
0.00030846032572018345
0.013120305706729285
0.10944433899957318
0.995873440283207
0.9968142291449613
0.965161326922546
0.9536006645784901
0.8112018183944686
0.8584633944212553
0.9981995452879469
0.9965909424752316
0.9730310327565529
0.967861479346621
0.8335181263745015
0.5665636835982131
0.583076284461712
0.00692716446699182
0.0037204155607875045
0.005570151646207555
0.008084925689596623
0.0020615288194021364
0.0020276155524588946
0.9937230956915469
0.05711733656936613
0.027209504226986425
0.9993491707311508
0.09218936200985894
0.003132178184708345
0.0003298987568198797
0.015471011453119687
0.17539313180754934
0.9976784762373251
0.9966124485299249
0.9963854160844968
0.9961127072503465
0.1779948725426288
0.02473108727653517
0.010759090797322401
0.007646938099153511
0.09028904927945924
0.9864484094265036
0.020526767165247484
0.0547290653300585
0.9959096976141307
0.003692308759177365
0.004558085459426597
0.5028162031923282
0.5053012390340756
0.004938575840787718
0.0058087479454892454
0.009047180261896326
0.07458630406182765
0.01549653022517683
0.17724603424111263
0.1592785177509205
0.21491296323407216
0.43883982840957625
0.8696773877232659
0.7849181100459304
0.6946961500994846
0.00890400983573092
0.0032559562065617165
0.0015207950419213745
0.004513963892194606
0.26185928194718566
0.1810340884316347
0.36690150039019576
0.9747029138007685
0.3750825899708875
0.297977964911612
0.3094615623161121
0.05671566519561999
0.015563282022307945
0.004607530842890117
0.0005433969317083509
0.0011104392019050113
0.0006798155007068374
0.0013181864153924971
0.18733068405551967
0.132416444850472
0.893449780872577
0.921813769442543
0.9129869865849638
0.9942151887841909
0.9987558110519442
0.9883787545261272
0.8280702249828664
0.9581472214117522
0.8587777714702465
0.0631066951221303
0.02685266396572694
0.00584300998579701
0.03075547012116564
0.06846632065889746
0.18587109564594473
0.18882372341483955
0.16738940848705364
0.22599464378263567
0.9899867866001446
0.011370487389626205
0.006266592650456038
0.019097066803983487
0.2901946739096978
0.24076511969406633
0.1387245734156859
0.49027930227842353
0.8746078990385934
0.8895586250755103
0.6365354714501952
0.4351858272435788
0.4006070011732604
0.5804071919725102
0.011378983732684311
0.006454279348599212
0.0114238053206982
0.5292734885901079
0.038738989880176766
0.3718521776184137
0.2515255913637737
0.634870343612687
0.39733288165966996
0.4608201395635203
0.8210301039879778
0.9114593584348526
0.8798431400435626
0.98007394222866
0.8620200514084349
0.9214571938687475
0.8738955952402907
0.8459920730380441
0.8718741155552578
0.8967190462785398
0.9151968069159145
0.8907220263159151
0.7514303186420811
0.9389682158678598
0.8545185810784197
0.8399139510273
0.8638942883013581
0.7808408889079387
0.7907845024547334
0.7601156748222136
0.5752054215464999
0.011475487136961782
0.07949055495753299
0.1326687383842804
0.6554797163176258
0.29645790007054984
0.47905737425546935
0.4817768927542906
0.2080712211176451
0.13339403761649749
0.20048324783905758
0.6976881708540593
0.6386141926763692
0.646970500146718
0.626873156542955
0.4818898725204315
0.2301835245302486
0.2990835215747125
0.8206814209698545
0.8595731715064113
0.946680605788579
0.846824034769976
0.8608677521040721
0.7732581184033382
0.517705493867267
0.2209878658918596
0.5847920700539078
0.559819454312874
0.06324259168385948
0.1850179484637322
0.5514978803774845
0.9249205134619249
0.9034731562386744
0.9216685191947888
0.5768557337946048
0.18170999564050883
0.1638624053601807
0.2575088998098678
0.7468058550691383
0.8041319281579503
0.6248516544345188
0.6824709406328401
0.8235518043153376
0.5818752391420832
0.356556995604999
0.11012631927828787
0.07731433760393369
0.0810035886153333
0.5320273449878519
0.5227763257592359
0.784274972638904
0.700130650140357
0.07010821322615479
0.3079848447536129
0.42940280253190555
0.6238254450090812
0.7443111549414803
0.7786691855478328
0.7886735034618777
0.7662847712023051
0.9818526410287066
0.5568145466471531
0.2829622694207118
0.025859922870002938
0.036138099830413495
0.04876500323308797
0.3603026547916415
0.9119059207324383
0.9642469212285797
0.9488553155995464
0.6991702407466504
0.010214196122486197
0.008982717761836234
0.955360704745968
0.9605064713522844
0.013903953816750914
0.011881132223977908
0.02807600805432786
0.022735677158059575
0.0355412366667367
0.99798323641831
0.9776762067960558
0.5289875310281011
0.5682560893525006
0.96436454994904
0.052461318050816
0.0019103831120417247
0.0014453144894115422
0.001796513760602081
0.02624777734331718
0.0272222988509504
0.014566358440680216
0.00012831112545974577
0.001315663455275673
0.001810917012350588
0.0008848498488756018
0.9935312340804504
0.0071602042188425585
0.0062408048759357015
0.008340516454047653
0.9999983929840859
0.9999895075894467
0.9999403424847425
0.9996925726131679
0.999999424909747
0.9999994536738772
0.0018708001933545049
2.5554235554059446e-05
0.0008041217771054265
0.992140159502715
0.002426284418385216
0.004433661652698873
0.008664585732290786
0.005967965294853217
0.018090498088844553
0.9963888016856914
0.02701340373805805
0.0018380235972118575
0.0019532999965730102
0.0018124286690405222
0.00196054898847986
0.23506504279535856
0.8013316278306242
0.9998792951654157
0.5528146020923871
0.5673782220460792
0.9991581262593028
0.03195776344933077
0.014895674764521916
0.008127651509810652
0.008547611204728134
0.010954602617433529
0.9587511058605269
0.9787118815853477
0.1171369811091888
0.11881637980757187
0.9176275237749535
0.9250026338036822
0.8399928139476678
0.8572438118986272
0.5094304870891845
0.4829759398490905
0.4693712663328653
0.5229234402958126
0.46545021095727757
0.45372450081671256
0.6080494435140988
0.9322788363139266
0.9899114718746284
0.9877248809760104
0.44883918656978194
0.19762698653339672
0.2078459392572959
0.2554019315879541
0.2859860980854486
0.3762730944124134
0.24780561288263336
0.8477255748522075
0.03586737630838588
0.01682842292810638
0.004476369679603076
0.00012515421499526003
4.093054219500569e-05
0.0004897423195158179
2.0163447822296732e-05
4.355489340712726e-05
0.0005461374554247556
0.00011594513447621413
0.001990124267463589
0.020868294401105714
0.1090154671901028
0.4608605636010207
0.7160488157574565
0.5107131601214392
0.6000632687679046
0.9731229148291561
0.9613036599291718
0.9393177275072876
0.8772405692067835
0.8511008262803148
0.8292332046277103
0.836411695694706
0.8404825796417703
0.6801376911940251
0.08611321767150604
0.0835856893948348
0.09557231000815403
0.22675838135720372
0.5643709743775482
0.9339671154975252
0.9468067096345977
0.6482946428625294
0.42002702402020375
0.4374294675499608
0.0801522317076816
0.6131716762964967
0.14258774078768544
0.0032136460954423907
0.007303729259993452
0.062351639035894246
0.40831487659917176
0.9981600751293835
0.06718275628716752
0.0013491041148415706
0.005497276277380725
0.004983501272232571
0.014202236163843973
0.1347968667045123
0.9981934360585968
0.9983607902236485
0.9897208790265993
0.1246968072606438
0.006172471886149
0.009171483724729201
0.0055759920556839315
0.008112486641495664
0.12539827002102188
0.9607729801252675
0.18344692657552764
0.1049747556121553
0.09969797507854228
0.36825367811098386
0.13713369538736186
0.10887389057422758
0.02067879397051431
0.0017701741765661083
6.37278811513875e-05
0.0005248436583362714
2.469488394774011e-05
2.4080163019246648e-05
0.0004934577348518765
3.736845055823945e-05
9.143097351438367e-05
0.0019905632952542662
0.004806513666752443
0.008508365237537285
0.9588338497004354
0.9923134733011078
0.44987528969920887
0.23751006591713286
0.8304379592235807
0.10188625304131271
0.04768212794361726
0.03807074867065052
0.07993214497030099
0.2585618725236817
0.5212930083537028
0.7259212178126289
0.6838447911956831
0.5433908017273545
0.5155479696416951
0.5328515883742693
0.12243780907299695
0.005750270939727353
0.01348323176988464
0.021252964468165714
0.028501976089577274
0.01811085625642761
0.019048675908667545
0.9735548754876039
0.9824460964213498
0.9872679102170578
0.9863619880532611
0.8868054396944949
0.8624969234732807
0.8574678280587738
0.8369641528380201
0.2752918127918499
0.11843737958670675
0.11638563747219677
0.17536447501608188
0.9826322813635323
0.979405070934186
0.9925805132872851
0.11894303837847264
0.007964878376049755
0.0023702218619384707
0.0038794782197841826
0.8874896443829734
0.9156254730646162
0.9436514144461549
0.9346302632094294
0.956464794665175
0.9520866647768265
0.9607985785563047
0.9946759371006453
0.992235885547796
0.9948399636209362
0.9987977258394888
0.04337118867434275
0.03969359414364004
0.11419771975390558
0.11745172606059529
0.9968480466678727
0.9954349526442929
0.07689525172441602
0.0018785237821503653
0.001669606117764344
0.0009074652123697291
0.002251518320525836
0.002940546383742859
0.06995039361902755
0.9991271843060952
0.9188894035824252
0.9994655666721665
0.9922791748041655
0.21276553195793668
0.4802938023370025
0.31159584883265645
0.27889364091718916
0.007920126768234281
0.0020826583457888015
0.004763489848790159
0.029009914448431817
0.9996021891351712
0.14772460675510135
0.0003581212075906004
2.8475520081783223e-05
0.0013662182341487306
0.00011587757989339753
0.00032386818903984427
2.236666410848631e-05
8.973412248591828e-06
2.2953240464196334e-05
0.001381627653822659
0.003907593121738273
0.021933225939085976
0.9999932782161887
0.9999998983200901
0.9999926620798771
0.021754092484740917
0.003998352812677575
0.0014712993850362066
2.2373081714821552e-05
8.979061754010864e-06
2.2372537480830346e-05
0.00032384562754406154
0.00011542596525715432
0.001362891001153943
2.6301851779764185e-05
0.0003961727516657021
0.14981254989288628
0.9981062126205297
0.9994809910853361
0.9974889254981678
0.07046999012126465
0.006717485338680218
0.0012771866726823955
0.008563489868996021
0.999824331558443
0.005172255470155873
0.0006174010780372052
2.2798274936897123e-05
0.0001311773785863668
0.0022411448766288533
0.997764828723994
0.9988542227775664
0.9999386095495114
0.06643991333604204
0.01308130800034979
0.0030511663286082458
0.0004290269768525423
0.0024528540196162574
0.991942678824633
0.8994424094159734
0.9709840738755057
0.9758706346115952
0.9998672267997459
0.9991873130061389
0.9122890167292158
0.8851071911523182
0.9108644083399965
0.9795083294880632
0.998446911082015
0.9869426792929239
0.9284076099587324
0.9296727270477021
0.9030539328296325
0.9584694474347227
0.002664173891874233
0.0006677093373054221
0.0024678030903177994
0.012627414497042633
0.06521969786761062
0.999986599104718
0.0012417464215145335
2.4054394072048346e-05
2.3528055985044816e-05
0.0006191635626852099
0.005167235614880861
0.008770979119190225
0.001127781881059442
0.003412630037606723
0.06727850793201151
0.006697993803267632
0.00036796946673822717
0.0004964006557706124
0.00020473071449256253
0.0039203112098782356
0.3661874871419374
0.9451842826873267
0.9441593744249087
0.9336085814199838
0.8850890497244936
0.9766809845832293
0.9778505506855456
0.9828474415944705
0.008666472640965206
0.0028398053126196254
0.004099315038940787
0.012138965656100065
0.029691744811967236
0.14668978771257823
0.6550753209373211
0.9989419996132384
0.9999616369369081
0.9999836131437073
0.6492876722446458
0.14616350372325582
0.02766606363233126
0.0093300952823131
0.0049664249312033615
0.0018896128841484616
0.01424806547313584
0.972023972218331
0.7847981556365409
0.7188727503978879
0.7155400486135575
0.7442123203039551
0.7719721841192823
0.8694330463136222
0.9490203381195382
0.9292992158110133
0.9027573079901324
0.16697084870944112
0.040447275700688956
0.011742117322039669
0.005052901169784629
0.0034402198125301764
0.004236591266710499
0.00611948889813807
0.9990506092687019
0.9943455862947362
0.9999364418885847
0.9976290277096811
0.997159603581142
0.9949401613510943
0.9999541737829399
0.9999749288129716
0.0038075876551925125
0.0017797595008809397
0.001056972170192072
0.006176488512436018
0.01187706454006765
0.04061536738589089
0.17611766845028054
0.3569746546782191
0.3585558597638919
0.357790493759235
0.35644041103034363
0.3264279663279276
0.9980812887473285
0.9937490093440196
