0.8836228371173334
0.8060847780911771
0.668038413089835
0.7434468348095056
0.6420869054090768
0.9055105984011677
0.12746313585493751
0.1582217872102062
0.14754038883973186
0.09883244382303091
0.7854116031462512
0.2156254388841623
0.7953555330007862
0.105971134903169
0.14095146893133392
0.24199977699087138
0.14066301400451564
0.7731820149588644
0.14713770400086046
0.09763510624501315
0.06310853879425915
0.46343103676289954
0.6251596544547298
0.6470754268674874
0.6519364289834575
0.6337200910936301
0.23584722101949518
0.2570321462192203
0.2303974243691025
0.0705316399684266
0.05306235223119826
0.003589705212843186
0.004531417202980226
0.7993757963393535
0.014137911809216308
0.6299098804778684
0.088266584993545
0.08172492157116995
0.09462483057435422
0.15161879597857442
0.2461916765073473
0.2518434579083979
0.28928491156033265
0.4229828322012864
0.3439030202783544
0.9145773218731179
0.7585803015604271
0.682121459508385
0.7004171780100678
0.6140965402668179
0.07069563518941946
0.18359445469558333
0.07196783761519843
0.36248655101188787
0.40662297093227295
0.9592968328722544
0.9937053772611214
0.36828190008545625
0.4139416997985491
0.5118579902388871
0.4427972900497754
0.4355232218584161
0.5664689143934931
0.9666618705965437
0.9558094017015527
0.671446588373551
0.43209060764880514
0.30893432313404356
0.6258421300316721
0.1582875953549775
0.18009909965546922
0.7378003612649474
0.6710003998033586
0.3725401194048523
0.34430555441033894
0.2282949954846628
0.3181329254659998
0.22361986399061973
0.7724918365108591
0.2587424057791069
0.838737641841044
0.059065770172115895
0.012459790636545898
0.0059241797127422835
0.012433728755931406
0.06549086269134241
0.9890259684517277
0.04547332450280894
0.0021085535924578735
0.004195552459263174
0.027192916975202763
0.9897094278083981
0.0009739832952638805
0.007054194142096293
0.0890373427253468
0.9886623936678244
0.3929602196406331
0.9909356613941335
0.9780007724518385
0.9881063219224767
0.9888830088291967
0.9880149264432432
0.8790187615677136
0.49817208854953987
0.9911834051892966
0.08630862856031762
0.004074084563335467
0.003807786539171909
0.991194550273786
0.03408966092579757
0.012811525284225245
0.0049810628198538875
0.040654315132999996
0.984193016291086
0.9909109539335206
0.06979135706198003
0.026949805233190127
0.015509474728853778
0.008326605664555897
0.11942820952679978
0.9716926682350059
0.43453078737039075
0.020359198537762024
0.014344448088294492
0.999104858065094
0.003478349728211594
7.511975610263733e-05
8.938830892890604e-05
0.0001159721192132146
0.009306366520075882
0.999921922263785
0.9999731443658033
0.9999398119091247
0.9999677909106645
0.9975009449100023
0.011786286268506307
0.00010479790557660351
0.0001399135466586543
0.0001907112793800847
0.003595975419889319
0.9984273005111417
0.014574765875435491
0.017126310208695483
0.9358903836272265
0.9285747406227669
0.0921943062842141
0.08393435428624496
0.1165217182443955
0.8987507182899406
0.3339001611367045
0.9081734623758645
0.02406622875649178
0.05804801970982665
0.011633299779707174
0.0001401534678195926
0.00047772626289421805
0.0005988082315657728
0.9429141467213754
0.99937947947533
0.950231794149528
0.9750023132876586
0.9674714443905101
0.0006568354468740045
0.0005534741730983672
0.00025160366435883486
0.0017397593699963743
0.006363812591318463
0.04317534253763122
0.9834297318207283
0.3855887155688772
0.9167098689905275
0.026457848319953015
0.023646210753809127
0.0227758461617672
0.13441267882162977
0.15455769587814638
0.23317933121790646
0.48424523115861406
0.5225526033924952
0.027576410370972138
0.021724760402427656
0.02208144185352634
0.09786492272800607
0.029795435768017797
0.002986259566596705
0.008642772314453318
0.02101707615623749
0.8294954489150441
0.7897347903781469
0.479715932958071
0.44407012164455717
0.8714759987704481
0.8461913643818983
0.8057488985376828
0.4385407802026845
0.35920397477486066
0.65271984638939
0.20419963046181155
0.05672929785391456
0.09383891095661623
0.061094006896378006
0.05604165515368986
0.899627834830736
0.8535179692149385
0.06869962285479492
0.0017934004904419654
0.0006498006059182382
0.001092060909549386
0.018778924664656582
0.8573330356347347
0.1299052244016894
0.13625032506126755
0.33118386238664643
0.9964112142404843
0.9499065378249937
0.23256458045675654
0.3135020010742805
0.09717059404646311
0.06558382384152439
0.010849350480996
0.055141883831312466
0.09358716369528364
0.9381977635082538
0.7947423408851412
0.9301140345484308
0.9983562240434329
0.9945719009755368
0.09685881701481402
0.005929135906743044
0.0067192838736549465
0.9932193462896812
0.9932157879422324
0.9983833380700042
0.9956293571144041
0.0069315327769905455
0.0036488193143746628
0.016276156537289865
0.8520815784382485
0.9996159268523377
0.1014437067280115
0.004309182588712157
0.004337560062328549
0.11050247672451852
0.4630777396460247
0.6351130874803761
0.2736639755164548
0.27833606132973454
0.9119520713486262
0.28268418769034087
0.2683350079021062
0.26137469427303517
0.9982122940801621
0.9949344855751313
0.161617094662295
0.006303793941078495
0.0004828402888515937
0.0009781768336052377
0.041484929493849076
0.8271023333664093
0.7152442524778544
0.8602773015605734
0.01293494916910154
0.01265070719457917
0.08981606698870725
0.07507402883592496
0.0773683016699026
0.3136707895525732
0.00976450600204426
0.03839443554411048
0.25154101875703694
0.8515769077878483
0.7984314550814331
0.06803181569585004
0.0007911354060846643
0.0004918599162461179
0.0007631938021817053
0.00035809129241304305
0.0007165399504029946
0.002001665889012627
0.9988853220172618
0.9564379817351589
0.999615350882104
0.9999025571684726
0.9993538955661885
0.9892565388132631
0.9826565823475394
0.9826812721255439
0.0009021269248163932
0.00040009686816233625
0.0002956049184998921
0.00041566982131191477
0.0006991709830098669
0.0010269442693646713
0.0947864677752025
0.9674776703847802
0.9515816719379724
0.9695886033137505
0.8286595513769013
0.7379922341142435
0.22215401211900654
0.10024487664480264
0.09691143857183504
0.17118226577730022
0.4755960634416446
0.8465008288651084
0.83569152971419
0.5112163970728345
0.4360936382260484
0.6826472011932727
0.5990170272547516
0.6859967131927247
0.7804830413346583
0.7741356648724966
0.8475223977775551
0.18797757673121374
0.15102632237787694
0.11570695492453664
0.0029427042716512197
0.0026943593393954357
0.005246999263930796
0.14228241527415086
0.8626147971552739
0.8280754437604272
0.8096046762933822
0.8870957999000116
0.9792599108493957
0.9814921655605083
0.912285707534043
0.7580388964638581
0.723577781512777
0.15186987624296888
0.05114708723459749
0.01369097813391662
0.01069621405878829
0.01789021532218449
0.04025265795096011
0.06059405003360574
0.8638638299382502
0.9474081799226282
0.9562828216360333
0.4197712511331747
0.38947581252962216
0.41736938688653236
0.165793439513385
0.3071902010976889
0.810264069265375
0.018383885709655545
0.007349755504406419
0.013076796995048712
0.005297522382822661
0.00860699268348264
0.09516968365809297
0.09711589558754707
0.10525939175258714
0.9669077332196074
0.9698800433271992
