0.9990511374872717
0.8484145377873696
0.7383719426552793
0.9232979022803609
0.9529275306056765
0.7260103103584205
0.03382799635649181
0.12298022021290789
0.06439934218440801
0.3422385447124121
0.7993265894331554
0.01415848132908637
0.006231105441208973
0.09208317316472159
0.01350072283229209
0.013425395010511765
0.05306899182597402
0.05359675218418258
0.31588659257978413
0.15834296907677126
0.36175556348182214
0.4112299034379848
0.9447228373061222
0.9258154619886542
0.23030807648293994
0.31329844046563804
0.16627466273971703
0.8572008476024862
0.043284031550456015
0.028527631756867455
0.03180119301984796
0.9550181612531422
0.9597299642258272
0.6009322856875221
0.6033055544937269
0.649519401767024
0.7882662329645411
0.8765054708389651
0.47337174132417736
0.4522805417505864
0.9455915376729979
0.3635505130639043
0.15424769995331034
0.12282355889448549
0.03659287592279015
0.11103907271458258
0.8639156131811307
0.8611199428477572
0.8742966916388125
0.8738086404261229
0.010207547854916732
0.01307413733936369
0.1070880642920985
0.12354597898068176
0.3519935535443257
0.9902642320456515
0.16659928885450548
0.133644717842473
0.8139267994375736
0.10306428224168773
0.010480989506132188
0.10314461571819566
0.02475955741772229
0.3468303012424564
0.8864547271662029
0.9657791479096233
0.9229179055952759
0.8990884120494752
0.2749662872001266
0.03464727733516004
0.015352488331713654
0.19513812852235501
0.24684578482816688
0.9977983722798585
0.6325406167265226
0.6128219939457602
0.06965645044324509
0.0030836847556272584
0.002866785598974575
0.014021113806804819
0.0007934025879750006
0.0022790649939381513
0.020539207854834096
0.9998424180283187
0.9999416807713141
0.010653759490230064
0.012538561133723314
0.09457864776516478
0.3934667912978216
0.9938082590082419
0.0034177723271786586
0.0019526443164332719
0.0019829436475106155
0.00034925886655945426
7.79681030943502e-05
0.00044195187379325596
0.0028338114838204476
0.09365774865014753
0.39248362851397434
0.15471017181051583
0.11176181825151321
0.03286470158839472
0.7398032596730943
0.5955445734961617
0.30024271295633465
0.5644232256679073
0.8884908615229735
0.006180117077263403
0.0010296143904192645
8.177167570078137e-05
0.0008726311800905107
0.008609335052218614
0.07916277995157195
0.9996171125362655
0.9999841182124021
0.9999817573517229
0.999971056850189
0.07939053719056843
0.008831624439310182
0.0011531753323446026
0.0002384420852792335
0.0010187775350238848
0.00609213055101443
0.9803694223633206
0.43871239704851983
0.6339935297642643
0.7398993640864877
0.5024196275017818
0.913553963700473
0.024456348882913148
0.022505451351464312
0.010084167210024919
0.18060623241633178
0.5628265344747897
0.7166886188054922
0.15582363072947825
0.19655423617041634
0.28588729159402004
0.21319897774994578
0.23820603948360186
0.8201288232529477
0.8591101348000871
0.2007342830801232
0.21778559665290753
0.8470235682834945
0.7059188659297951
0.6922238324422583
0.7821042494247563
0.9152380621357887
0.9756290693500566
0.9615132863014131
0.9410517307047819
0.23721690448758082
0.23345006480660302
0.8659863554366688
0.21533080767210788
0.18857362144502454
0.2526624517810736
0.2174431264999881
0.20954255714906178
0.17817990638180203
0.016352429535324786
0.0004197593562221824
7.210916589306393e-05
0.00034031785285115745
2.4854237439808635e-05
1.6514425794644794e-05
0.001512334291570494
0.9976157253335146
0.39354157949867796
0.01117454162413134
0.01229872030855883
0.09596252147590001
0.014112101557831935
0.0006800709025158724
0.0014452273048924935
0.0010203620945550274
0.0004129047347140036
0.013830951520726775
0.07105611623576169
0.13995034086972757
0.0014615958889390157
0.0011839231978747478
0.002578098298387399
0.017559660458794535
0.13687288940078912
0.9998754941774496
0.12200471852234884
0.03480967407334801
0.19547983662629642
0.9997427166518202
0.9973481852872544
0.19565009160906544
0.006801128831144143
8.023798415712768e-05
0.00010172836565680576
0.0032112177633341066
0.016948486013719122
0.013869360550971543
0.014806330197714712
0.9571883885689451
0.7172547793395254
0.9999692943764829
0.9999998954447442
0.9999999185068088
0.770695858450066
0.9465885760676526
0.0006489157802640477
8.161470987222419e-05
0.0021624152819749165
0.003213726428498598
7.386961532773739e-05
9.563064221951301e-05
0.006981600713179104
0.1976853696652051
0.19694474070952683
0.1230887065968671
0.12463029979069518
0.9062742601673196
0.9933959177829028
0.9937067732112972
0.1408563323662485
0.018784813658341393
0.0018021278034491273
0.00042217367810948314
0.0011470913476493427
0.1428560013272825
0.9597642842114167
0.9968971892789436
0.04113992235594921
0.04695792855405623
0.010765936463614345
0.00137000470196047
0.00236494523648223
0.054556775967946836
0.002937158316085764
0.8317983720270266
0.9427399053958295
0.9428122613674588
0.9988993115660789
0.9987436617961662
0.9918580077410941
0.9902615591699486
0.8902502670785978
0.9902302417528346
0.06302150773720683
0.061513156633494326
0.005704600813008387
0.0006370344167023756
0.002300125487950888
0.0004432431987438923
0.00913213037559224
0.8817940034576022
0.8625373348142074
0.9218111845775924
0.9951124822102644
0.017454147889771288
0.003181335444245037
8.857629319425353e-05
4.369519605385008e-05
0.000565398246154647
0.9999892212848673
0.0026120907398641258
0.010508695628112075
0.025766440565707427
0.9995783191893859
0.9996445431050582
0.9999849017295339
0.997670677579748
0.9978751997565296
0.027805847167495568
0.004901106951719858
0.010674272751079017
0.0007697670556738867
0.00038342864167928425
0.0005441141049121745
0.004736662695731919
0.015710393334738004
0.9996533819139864
0.04887000360355076
0.009289924588989806
0.0007280736120615083
0.0012284420466538437
0.9878389335444111
0.9877311016382702
0.9872838977305067
0.996430412721137
0.00894145022164683
0.011919829866469556
0.01756447721267751
0.01895210857169305
0.6081610774258698
0.5862466494081263
0.7215958713672761
0.3436552645141404
0.259813201742356
0.356687404857403
0.11466204769517829
0.04349321060232425
0.11092837021483015
0.5600386243943879
0.2785099204175676
0.44116429929459156
0.9555731900398361
0.9896223767768405
0.9596807187200835
0.9966718929356277
0.7034507057091561
0.10851581504735575
0.002490832412358035
0.0032514234562792677
0.026892724697033743
0.8792366148683899
0.9428309404021005
0.9932917509308546
0.35096469842570344
0.07769091445780674
0.0008408454849700986
0.0013327998359453641
0.0014281277367201861
0.9998830774227033
0.9999264172708238
0.9997774506966283
0.9997748782202106
0.001442670811845792
5.3963241838816955e-05
0.00023190006712814348
0.01909806630944555
0.23562590776209413
0.9947222504095035
0.022905634604399094
0.002467719249665934
0.0026953491538495022
0.10760418425220841
0.2131597825970285
0.4338924742434406
0.7001036167967667
0.477170278425336
0.0931955886232102
0.06078516466303252
0.0017750729050206582
0.006703959565870332
0.029167160069145326
0.020665374661970604
0.7709444837653135
0.715450593808757
0.8819927260195514
0.39098528761277596
0.049593074880562305
0.05467962002495219
0.3186400099272202
0.9997599798062609
0.8640819377931883
0.9171128256807833
0.9998243307527219
0.9998816737894258
0.9931958677802599
