0.9813704885722587
0.9330691121143162
0.7563766829266534
0.7834251572555603
0.9553312170640526
0.8928514513128758
0.8965811653890694
0.13171901551950516
0.0061581459823527585
0.006123113981744144
0.008497450746360102
0.9950441015522311
0.9965447455707538
0.9955341094506662
0.9956826377074819
0.007998545612839969
0.009761330140074631
0.010494650706437958
0.03134832069637927
0.7866290035680805
0.7531975195633661
0.7940705245532564
0.6588641084257181
0.47021912663396204
0.414622800939801
0.2960855042170749
0.2353252061595561
0.21180559209179461
0.2060260898495081
0.150448221562695
0.1143701717345057
0.2238814365063777
0.2014644926111946
0.5220126033422421
0.7523416588082024
0.7233784802428801
0.7772972466957332
0.5044231035208756
0.4526506284179471
0.46684017373504594
0.6532539407418314
0.5606674951375744
0.6186376240195838
0.8046659296216342
0.484785610548621
0.37288528278857447
0.2936233195009317
0.26857737509504687
0.48277389052085895
0.22331024634378105
0.5718944913298227
0.49977608734208134
0.5452081387704631
0.4182848454065886
0.47934832948744277
0.7796256931806087
0.9287969316135909
0.9243504707711122
0.7490082783178027
0.36315163747076873
0.3535835305771602
0.23233798785868875
0.18400483751557517
0.43426717042373375
0.3350326851813523
0.3698493467218983
0.07594900770078039
0.22689550838843764
0.011336896513019501
0.03658081527530599
0.1620350429493982
0.16487019016860416
0.1829990832840157
0.37159385895918773
0.4439577113340325
0.978229730781285
0.26845464598701474
0.061541473651891554
0.030540921834638524
0.01929442204907439
0.02368991196564152
0.9668163465333235
0.638401867973343
0.6344979069836083
0.6197947467751868
0.6125268240649089
0.004681512453972636
0.3857035728304722
0.04238359082532639
0.012217268342808674
0.18175053984617917
0.6012118005333584
0.12004517124903402
0.021973525351223655
0.09314121121212704
0.39971285391982236
0.40071654251284317
0.4131238744246153
0.11228425571340417
0.6020500545554818
0.07029654238365857
0.06412777427718419
0.23762704885271901
0.5613631027220233
0.5666096735748337
0.9032199916444117
0.5526059782753157
0.5065245093141445
0.5615024711324208
0.07002881346215462
0.004658396990897873
0.3419570259062089
0.003918960925162307
0.00991364742266232
0.03257119846805501
0.07535726992784153
0.6844916916480481
0.9557078792323258
0.9304690673136082
0.9420832664229991
0.7634646308248811
0.7323574654740705
0.14634881226070684
0.1318429712020368
0.04620383135486583
0.09268793322883528
0.08921270375476942
0.20170951891766886
0.27672583442697973
0.8898905633557863
0.5659200113303806
0.369375302177283
0.411614855281343
0.3385583812369124
0.6549178631814262
0.6577813236318774
0.6880269304364743
0.6880454060552986
0.39347957259296407
0.3419558860354448
0.49504108794346036
0.5864798876240104
0.9355892013559193
0.9503135406284615
0.9326033016588041
0.338099620581394
0.14922876039487565
0.32153444454836944
0.8486605585065092
0.13719462874058908
0.076779197521329
0.03532278251211385
0.03475332803197617
0.016538210810177922
0.019949378713716603
0.048130753283884276
0.11547474047673478
0.9168856996906746
0.8974092156010739
0.8902395287116304
0.9128496350138192
0.9589463136080351
0.6295086048182299
0.4177800813152822
0.36619742077369544
0.3677405791161421
0.8449760404696027
0.8771296518979548
0.3205608218369782
0.3134745765540218
0.3302832876299364
0.3953443830491492
0.25080792574091415
0.6406842963118047
0.6516173921844695
0.6980819719952966
0.9860057538218959
0.552873827365393
0.4317933186669163
0.39235694171591007
0.003870744850693719
0.02615850857014168
0.5685883949268422
0.4744178480209783
0.5529075105511922
0.177012695990997
0.45047238287589986
0.4445369856522917
0.28216880534395683
0.6016155844489992
0.5731100575390548
0.3907171899896126
0.35034786964803966
0.001477833117105476
0.0024665600907293195
0.006720436068562541
0.38455922502517625
0.4795847445846464
0.9900817859836337
0.4734208714757061
0.07152694343829935
0.08394649468392879
0.5796881369288668
0.3831110907589276
0.3708196963427536
0.43692958441992946
0.6046787619189524
0.6024049143509914
0.6126116739844253
0.9358230387111484
0.6086340926642848
0.07946494363848344
0.023890021541062567
0.04189353022976716
0.04777660951332474
0.048549143346334867
0.4480270202860577
0.9547464885810044
0.9710705001644607
0.15482369718463274
0.0693880517295965
0.04575876128206935
0.10702393414386857
0.42160276292693144
0.36406745913483474
0.4404114879591633
0.006005420117453197
0.0070804736264846735
0.009311125177953516
0.0050723374339955996
0.0020033575199165377
0.0012774962126975709
0.00018767192226820661
0.009791941623316092
0.011212982116761916
0.0011061549153287276
0.001190588619804478
0.0026600012146541507
0.0013754113143420454
0.0006334187121697088
0.00010506288846567902
0.010689020313580211
0.28633543167865294
0.9574838883573331
0.9996196989069659
0.9999966662878177
0.9998591666873122
0.9574502277708539
0.9999378282444309
0.28602136106157694
0.010732974183384925
0.0001332264578163267
0.0006917975945514021
0.0014022004880722694
0.0026631426269814185
0.0011900996856106794
0.0011061432025250006
0.2154597495399222
0.2225933451187494
0.295329018211569
0.2876629457186921
0.002081396455802742
0.0028218970628558493
0.0057044860384968255
0.009468424490628125
0.029908764634241636
0.042108735744933234
0.9253052335647005
0.9132614569212902
0.9487654811156783
0.9502275278391143
0.9116017716155146
0.10472200848335544
0.06217451907813998
0.04798376061691112
0.05390278742134336
0.04022177578402952
0.03605594700107695
0.056008174772578245
0.13456780292293113
0.8748832063527792
0.3634262877273833
0.20813591937684472
0.3752644699522565
0.4431228571671356
0.2175094821786382
0.3345911199197291
0.3324587160331808
0.3422129780139309
0.8847536905253766
0.46007157219200456
0.4848005542901872
0.46884309604273244
0.5682356916508622
0.5273757539088073
0.8574759864127396
0.9782119873769725
0.3220931479635649
0.1289371349251882
0.06609870403680074
0.06079065777615733
0.29332949047977785
0.17944529432205003
0.0012054587118912607
0.0006353912221772617
0.00023088979071383964
0.00027726315193177253
0.008995280938128514
0.9999660399805536
0.544848576175335
0.3819151575795774
0.5589479838375292
0.9419393177592207
0.9998154050299661
0.9960701963601332
0.7192009365999754
0.4526262469100334
0.5726977876549993
0.6861793028372518
0.008844168594204338
0.00028342776624801225
0.00023444542790873601
0.0007885341779692023
0.0015957175620505692
0.1832432792623634
0.9768027283120371
0.2118696701352445
0.17872402214494
0.01189558190175577
0.036876672896862916
0.2008172866372695
0.20169800519295988
0.9709268997812295
0.8564958786062196
0.8450337909055368
0.8550038917341772
0.971839616720121
0.9655719054670269
0.7861417336903246
0.7873752426506881
0.8060636066623146
0.01658720946607739
0.015071773069490924
0.015509427840134316
0.04047860708318707
0.2208931363972697
0.2273811925218372
0.8338092988911568
0.8022268382095388
0.17843881854635435
0.03206063653672786
0.021819545186812284
0.1559255757313328
0.11561174411377817
0.3807102065023499
0.18943757544850914
0.24896320365665536
0.6931108682478239
0.8118759956599688
