0.3554078897350922
0.7654289219750936
0.08892465198831623
0.06910817136284564
0.01509853981409126
0.014863219548313822
0.021261069071243144
0.06431018082975848
0.15770842009074948
0.6665588741270461
0.723606165022499
0.42023658466051095
0.7350835694962563
0.6994291055776897
0.8301927637491817
0.06659751024157479
0.012390441576193845
0.08846761076512366
0.8968013412210966
0.023852857345594947
0.02393246127377513
0.9820920938858656
0.0447399532825814
0.0006635859021908441
0.013107076219978864
0.013464456876595476
0.005363474272998103
0.02267851203537785
0.4060206608746627
0.39641547178731895
0.24834632780207744
0.23694400099976987
0.7966117653804006
0.16582894969508932
0.007669488028109406
0.010528949082066918
0.8417110788703195
0.031195490470223408
0.00956507202924095
0.013503044640737483
0.0714475523232293
0.1789375726402963
0.18635905839535527
0.12887631517349163
0.14037174461930957
0.7322213344140709
0.7994485514748702
0.17322132718127725
0.7554883460805721
0.10303700646154768
0.1952879810168342
0.4718406162220633
0.48433894508869046
0.05913454961660958
0.07826480232514665
0.04367266292625971
0.7969933660175019
0.8311692475824631
0.8664063020602629
0.980496592365185
0.9290352044158743
0.8154799384085981
0.06129197671732822
0.06681127540436482
0.03623853761065565
0.06424130608119372
0.08084317943114983
0.289413325849157
0.7815400312895382
0.21643602762898728
0.7614803969484377
0.7686406070565868
0.1433598060345086
0.17054105669371045
0.2232988378024342
0.7505212171801896
0.8411089961822397
0.8753908387662984
0.728483073048537
0.1879883579862135
0.15130293090863067
0.1559199516842702
0.13404965289356519
0.1268589402243383
0.07117949571750193
0.9906751862276171
0.18010692437775322
0.06913072436579537
0.01804091057779622
0.1286442820456204
0.05163211591732886
0.9097882159547153
0.06341621415500143
0.019858653255817704
0.007014104888383943
0.07674194719775851
0.9804905495469048
0.947779900828292
0.09810141137195849
0.05197197462166747
0.021294009296412897
0.9169861067816452
0.9436352722171368
0.9750689195189941
0.9763194172412833
0.97093774506749
0.9525543994553292
0.019130299511253224
0.020682432669465012
0.09228939050004004
0.017887675859709296
0.026832989675987795
0.03038814858331862
0.06679306337687507
0.9287881035437716
0.8787595311630313
0.024848383349472924
0.04228109427689719
0.11368492183330525
0.16962492978920118
0.30909692203751704
0.9477751777913472
0.8333679067660387
0.8676589024736026
0.8999108008733545
0.13925602976021756
0.17930052959426124
0.9519065772376433
0.005958056431688674
0.0007602951477136966
0.021441370425297368
0.01957401908506129
0.015296217424290548
0.9955442464758488
0.9836202558329977
0.9823253491548474
0.9993343156949698
0.9999822491907328
0.0027950496893129895
0.002886808034019195
0.002423165958387541
0.0024142610735115033
0.019323215007778005
0.597196480640632
0.1804011205785876
0.4589033554558366
0.8967098366647941
0.9366460652978467
0.13425818607062523
0.1397667985099822
0.03687750343653995
0.020509914260116724
0.01523913708451341
0.041455837407124996
0.9618985452659076
0.2115982950725228
0.03789527189602315
0.024223136978618887
0.03998191919928229
0.019044383670647314
0.9504381354102581
0.8753367537799289
0.8876405330578722
0.9047094484297433
0.9343643709036893
0.06065363064216367
0.04556977203471424
0.0349248165152618
0.24277416263775964
0.19284214752309226
0.7723662726222501
0.830394197557003
0.48345549196332915
0.7995764398009179
0.051491473737643956
0.008395729886684133
0.0036188503934497795
0.007614696551881517
0.12511858201874104
0.9700505728423452
0.9439149284787809
0.9382220039161886
0.9574495028541781
0.9131986594018255
0.9104664120387562
0.9384855600258368
0.12042617849491577
0.06185822984214684
0.06539149755270457
0.005984503807801245
0.008477954961205403
0.8621770002758926
0.5652537757592475
0.8647969346716708
0.2645050965495225
0.09755981206637698
0.1302108929625725
0.07052140254135619
0.04246069605814562
0.8763730033173888
0.040943888689165764
0.0162909178253271
0.07349308750614947
0.3939009717994555
0.4327592535313821
0.9931839844854051
0.9502430671314258
0.6194708119880248
0.07541961007492137
0.04039692461127786
0.024739849993639207
0.005368337821940905
0.0007739448905960122
0.0013440446981878296
0.004276019561148647
0.9962240712352932
0.9943875884502129
0.9992595302713247
0.9848179887351826
0.9913591953241422
0.003959167764278515
0.0007069121118334909
0.0036076578748889254
0.08061267870206856
0.9947841508917591
0.13994662737985764
0.03455210019222077
0.9131734239177879
0.9991774673385593
0.021228670778822956
0.006857884433046024
0.0038625181633510364
0.00432759932249982
0.9287292370560338
0.9738947142019161
0.9928756672336002
0.9950733943035988
0.07525441377346953
0.06641398666151033
0.0695134152405279
0.01994662113925416
0.9483595344011115
0.9453336145897906
0.07801513000252447
0.003992631441067429
0.8845201247113654
0.9739796435138949
0.9829153260449857
0.06831091505029774
0.0015713049666546963
0.0007285338250938578
0.01012370536482865
0.9802310112154392
0.9967283691931212
0.998138164853922
0.9996323254454245
0.9961315390883944
0.00798563358229798
0.006848511178136674
0.007194216289913236
0.002384144356223805
0.0006592968797879406
0.005733616593007751
0.011440268122922426
0.33095194703115616
0.5076291888224853
0.1284331441222114
0.058198667592325726
0.0693317527134174
0.10437778685430443
0.1499774800613075
0.2189301054932289
0.3909611623631435
0.4571042423290943
0.5024523377164967
0.6064969439461152
0.5505173294104523
0.5498531693492363
0.5530938843963201
0.13524950176370865
0.0836637135361743
0.009167517100191369
0.42117395810940894
0.3935476590667256
0.9138588600522111
0.4796997062934466
0.48299293036499413
0.4636167735463669
0.4848987017174252
0.7527888736208859
0.30255314084980434
0.4301970604390697
0.4322056249202405
0.3421417304739648
0.31761335878651964
0.007174656701479432
0.024922213569131713
0.15897121153968918
0.17530839851055446
0.27526653757067043
0.7796787742306792
0.12489990908406967
0.010387022930177792
0.012987440335524458
0.020438102016944404
0.28952977509907407
0.9425750271976572
0.9679554471025558
0.9321030196059021
0.7343442049571336
0.6824771011618078
0.0704194305196949
0.2881764590131811
0.26696384895708924
0.2712955573270597
0.29975133512886576
0.9392899644328938
0.9946691700283703
0.38073704242706374
0.29389403471270437
0.04153654315808819
0.04613456533422311
0.05521695345829414
0.05300583741813414
0.13959963624379845
0.8742045205330651
0.05652031797250445
0.022322490784950855
0.00593657739005804
0.004625509838460995
0.02168194702597781
0.060370968755600773
0.9738590545231656
0.010696925982987437
0.009185648512596956
0.7877042688699203
0.13900877141627188
0.009024959535857358
0.14665284734340656
0.5976239610051736
0.1703305105204883
0.29797193931485644
0.8787640507457894
0.9255728439255102
0.21063566066891903
0.13202199791550806
0.12252420493953331
0.12231606308409482
0.05329527545456625
0.010259105930773504
0.013884086763119363
0.788521291947651
0.5172207880477881
0.8625355585552033
0.8724188839370874
0.74427490039199
0.7502886143052633
0.9871329989371549
0.9904678502820532
0.9963202640287953
