0.9932114004803134
0.9906732084848168
0.9949526229089154
0.9941605115039261
0.7625138718720692
0.7549314770258277
0.6799345565475384
0.6513885640080493
0.9420429481953975
0.9301187797309776
0.005962189658468509
0.002119108848992801
0.039119459286108826
0.06912519010966023
0.9998430726977171
0.5338539431709827
0.5534105963691596
0.7964980287559966
0.9840571800231598
0.5258859958246296
0.3298864907473137
0.019152510081050123
0.01058129694757659
0.6997063130030345
0.6907986221965929
0.9864712233572474
0.9900164450921232
0.012736033400514435
0.0068512896045158644
0.3214157832944762
0.3477144535529981
0.6062720524870602
0.5492723554984327
0.940706884109663
0.3714353629583914
0.3111327720342407
0.3067198967945681
0.3173190034208824
0.9988912180172974
0.9954729884143928
0.4291798150657362
0.027654205701266088
0.02146745602516309
0.9871334300123924
0.9649103256341065
0.9834160157227946
0.09676577616795301
0.008608126170945085
0.01420614466089365
0.014583431068839081
0.014091733727468081
0.01793369800690714
0.8897473344173379
0.004088039725111625
0.005060021534644243
0.004089082653992437
0.004288286132011931
0.008266428442561091
0.06292828183042776
0.7494084594555839
0.6413077406028723
0.3701202298740519
0.9946781008831894
0.3531707946333422
0.22243790772331296
0.06646697112727507
0.082076784880732
0.23754309475206314
0.21808021477699613
0.12143577122392335
0.11914373346204077
0.6768912321702247
0.1922952082369186
0.8380159804835163
0.8342606453244973
0.4007551261648181
0.31998301271108676
0.7299575440731028
0.7722798504123705
0.7667033263233773
0.7629904171450128
0.8126754210836185
0.8222249936119905
0.208540330627075
0.042935431087754994
0.01381279785863987
0.012915536599136024
0.006751524138376985
0.9911794521155985
0.9978134182354341
0.9916035395290002
0.9921776268467326
0.9985398726818133
0.9995695981487012
0.9983939331369706
0.9978252757059811
0.017191384109184082
0.002929633419972988
0.008001839610349726
0.04342646825580909
0.20400169227655407
0.9227224354158515
0.9554227227804386
0.8803431053908988
0.8738833413116908
0.874876110730171
0.4715334840424228
0.5584270282059696
0.9147460614621529
0.9023491490266571
0.5910204417067966
0.2810976864674215
0.26274517067782954
0.26325071568837055
0.3062516205524999
0.2162572783715957
0.4160521004992124
0.04894629045479615
0.17372489410384728
0.17565816096067677
0.19955071679326086
0.6599542821353159
0.509082162741123
0.7290297903745364
0.3339587062595831
0.2525165915982659
0.24965876997317227
0.09220005990287905
0.07214491339085716
0.32747747899602264
0.33526982825771645
0.9895179666039834
0.14594210228783133
0.08364556595463546
0.0730051233850364
0.07313905537941812
0.9783069161437817
0.7878909259032704
0.7176614173683799
0.9368705872690167
0.057965457095197404
0.0028399985691102136
0.0023571674110060004
0.0268336089164376
0.9867159062417376
0.9997308310709234
0.001984733040639508
0.0007306915280039794
0.017482235670835955
0.042038699414058245
0.005785040806091546
0.0027867456030247206
0.020589437692403956
0.7030993096503784
0.7252814562214428
0.9674431857418833
0.043097414031891934
0.09496996648108469
0.4128957585587515
0.3999929628350617
0.07298519428452521
0.07936661363430464
0.12488051559591928
0.11313773407533367
0.06442893469276978
0.08619558847288689
0.48994568434102337
0.3832869453104305
0.06481727059616726
0.016559774822166418
0.03758757321673667
0.8234136501559142
0.9555797287820216
0.8918198305309293
0.8968050353043747
0.91833281566381
0.9758005858514582
0.9983552885279101
0.858774994794786
0.9900578483259488
0.7557685609982574
0.7247763477231947
0.7866661063006901
0.8297268346732657
0.09640719935514219
0.17117406410501934
0.24982678517599222
0.05378616858936813
0.15982450246818525
0.0721795132642491
0.06071336331172017
0.12880811055618102
0.9742824755931292
0.07512609365507472
0.05529387776755201
0.030395600742373463
0.30648168229965367
0.3341989954160193
0.9266680007005021
0.7270537580950491
0.45113651059567894
0.764613146104359
0.7545876203051242
0.9714062026136254
0.011070516456424206
0.0009560006194897497
0.004462020780130582
0.044664486388032776
0.9878351472097495
0.021406411149819338
0.0031938964143546356
0.011170523685599898
0.986144705699602
0.9869060418319832
0.030472004008092468
0.008198751435988472
0.013237827879767461
0.05702201565402121
0.9918490486147649
0.6386296357815722
0.9387476355597338
0.00340455904592607
0.002650858262102429
0.08938435062762362
0.1992247187957905
0.7879069381812881
0.7679645623493824
0.9165442192320372
0.9443744544783897
0.18161107528513853
0.07703609575365045
0.0258169271307247
0.013959515590319937
0.020812990030774303
0.0226307058675711
0.15126512092166644
0.7772204689683377
0.9840459664310292
0.9540838627984308
0.9055745842554115
0.9017369434172329
0.42584795093804595
0.23049715117180158
0.20158242014728867
0.2371403167769739
0.4214384948004407
0.9727893519154751
0.9851019195670383
0.8311434194267739
0.255740118296674
0.08352378708216668
0.07172733743331083
0.09930891838774636
0.29627784457605366
0.787967780284532
0.8825555853293491
0.9179086542187584
0.9797284408627853
0.9944578878374313
0.9497503373432573
0.9262245572201107
0.9582718369844293
0.9511307002848601
0.9620879333497494
0.3118637838433391
0.3891347473779836
0.2237755504831619
0.24902344584904879
0.9967724975719489
0.6310004502416925
0.627293272428542
0.49824867988589716
0.5149299289584135
0.6672010619648314
0.9908627401237833
0.9875070405373488
0.880432246917833
0.8912214180050525
0.9802605810151315
0.41968126790337335
0.04207167568597092
0.3513112936701559
0.029361641760158208
0.6161651841920309
0.4861451716922871
0.2437210121826947
0.5669175948935766
0.10831918950048758
0.03725473966032744
0.21666373142630435
0.35705354403867595
0.003171703308405549
0.0012810649514574113
0.0048299639970659225
0.005520428173096392
0.007837769887501067
0.013758684245775088
0.9980555124630942
0.9979498822528015
0.005445586752147458
0.005136958017766258
0.00430466524138573
0.01675400661540094
0.9969406468736417
0.9965291972549949
0.9965157739165527
0.996894487736354
0.9994245287881474
0.9955523411197809
0.9955062776093057
0.996631664233078
0.018325448963943836
0.0004905033852147245
0.0017356256633569433
0.006475104041559265
0.9990398060115913
0.9992536372418688
0.014790415703280546
0.005631619488013051
0.002778508689397219
0.0005376888607419028
0.00035282236393452404
0.0029673534763435816
0.9950319930175268
0.8577536636304317
0.8245753360083252
0.8141944517351423
0.829427445477047
0.9682080411931222
0.9859111469893945
0.7769551481836536
0.35147089222198236
0.2730769204687966
0.011309335438874024
0.010316961125392488
0.8829434083805157
0.23655670344031732
0.9969265424577914
0.05573075193024368
0.00039306304726560715
0.00023446112396452445
0.0004026977834606926
0.007765282081001579
0.005209084538625897
0.01738811951034147
0.05342838958927065
0.08744074839020721
0.8869897639449591
0.9961778985248477
0.9957259751594464
0.9979537968526576
0.9943851617854704
0.9092310180173696
0.9350172876621173
0.16960437755416213
0.08607571457461471
0.09398545816551518
0.07676971908550223
0.008343007716633877
0.0038286912746081647
0.007812762779375704
0.018115362213197872
0.09678017585208154
0.9595645868501156
0.3316358163907551
0.35329845421151584
0.40940228948368873
0.9821134628826291
0.9984505232047007
0.9993007548035948
