0.9770271860820771
0.9566391595131252
0.9617389344844558
0.014480331217515352
0.012338285561484197
0.010703478164294733
0.0036401894828238524
0.0013824993320294965
0.006603475542381165
0.02206979322494751
0.05744357565867375
0.9758973504898668
0.22059536989724438
0.9802931283315326
0.0044828525126816565
0.006362188263389301
0.002039684839733602
0.007420000743681987
0.32818921268521317
0.36481646983003047
0.9901502159063784
0.9963513331044984
0.056670227471478984
0.02908073385111387
0.9488256554464048
0.04877783900702337
0.004699308392315693
0.0017553638988331288
0.011271249242163384
0.06800433516208915
0.18125538679410957
0.9813152374567607
0.942107427631945
0.6936825286887842
0.7548291738532426
0.3809490014831153
0.5217355880667562
0.4929975944601762
0.9201925039609323
0.8709780067771413
0.756535338261462
0.49765572516272183
0.25894755795943014
0.27733593135018153
0.9347497174540847
0.13588696259908373
0.013067082115023054
0.0005634472944812119
0.00401974096275326
0.0066164383013164185
0.014150113186717439
0.9486186941022323
0.06229043392264122
0.05612168884222024
0.9900752420170071
0.34367089835988296
0.27634092400729937
0.9381712666888797
0.005000679318302947
0.0021496209240318143
0.0597497605438565
0.0035118869965236055
0.009615291494215472
0.04327911034829379
0.4681279693535543
0.42042173676591854
0.3831997664891086
0.7652755794757187
0.8478935507947464
0.8046190367471655
0.9344482247616438
0.34664612740897316
0.3697825617307203
0.1277507239368556
0.40301608388707955
0.668815746346936
0.5675343959635475
0.1639516207365217
0.18106988069156804
0.18525887751354553
0.9810689630592643
0.9492062773737289
0.9283074509945677
0.973889646790609
0.8561853603166094
0.8037454483386166
0.009787963947506584
0.13041245866436457
0.017984922816827398
0.10898236561985508
0.27510133066980924
0.6364771358749051
0.13449363659158597
0.017441192167645725
0.04248571885509944
0.042628838878242425
0.009177542479235412
0.02070820898948289
0.03288866840417437
0.054056275710066326
0.9914897099478931
0.06575172547150021
0.018271712050712652
0.015781877977216974
0.012072048703627436
0.038289979566391574
0.07620597178651589
0.6624273518853112
0.10034464515614538
0.005504756396871757
0.006846419293971895
0.006616193066682596
0.0067715047831494735
0.006813909269680618
0.004959747401512615
0.995252870073017
0.03330807901904842
0.0025066206138434355
0.002455289592933063
0.1597195852231763
0.9154616516620002
0.07895824900247361
0.187545527292603
0.9942067718278322
0.9991078657471103
0.9982846053738761
0.9990782384137874
0.9071527563030571
0.9179002746387199
0.18406936726535317
0.15828360081591375
0.1590670880501719
0.004524659710619217
0.0015359470939868558
0.030444447338002667
0.9929631058073151
0.9919599432901748
0.005337851535023197
0.0074279056045370995
0.008221124456380347
0.00841793323919926
0.008373898350653941
0.008523364749628115
0.23414042806774582
0.9656396360457539
0.7826623520536289
0.35321428019967194
0.15805532554876212
0.6540377692267287
0.6365301914095534
0.006472913184382145
0.006091786309028846
0.007331957656181776
0.01954529333192312
0.8584728348414731
0.7759730767103499
0.8310695694069788
0.9943722104045764
0.9971715367044657
0.11194371058884678
0.03407044291949779
0.027177950751324897
0.3485559987757373
0.977841104938783
0.8817663274443747
0.39547612122095177
0.49680991558561816
0.9960055695743444
0.9810760873546939
0.6803177417575841
0.1752439036087049
0.0594971208409365
0.045121248139386005
0.03571842933352676
0.014396233586671858
0.034075902540011915
0.012163559426799808
0.013785906987164087
0.9284290499328252
0.9528939722473492
0.9511152613661704
0.9567416783435538
0.9588975013471042
0.9741918175145697
0.9857054191133217
0.9716718515913898
0.029191828916736218
0.012847410987190666
0.013964258631980142
0.015643654549213126
0.02086118025090078
0.03850786370102899
0.2971782371799867
0.1540302956768056
0.11691391380845617
0.035434364683221586
0.0260163740708228
0.005351078007903576
0.03173842044822739
0.06464854594761937
0.9661920689196339
0.9890820011616339
0.9965160211773695
0.9945915200322224
0.9696684851124845
0.939816888661127
0.9375955571897482
0.02000433089333875
0.01142023048904195
0.009826353434773005
0.018916518051532827
0.01257435990171929
0.07538617230498601
0.6252735079671407
0.9160944715291619
0.6718681487504072
0.5971150979812896
0.9263557730585072
0.704744013387008
0.12732805663190305
0.13405752092922363
0.1620132783026389
0.25192142956043906
0.41860905798077486
0.9748433136546031
0.9508943647753553
0.99821476787855
0.47148711001228194
0.1702875905341772
0.21848764879890725
0.040266524068164444
0.1317063247960475
0.5605082010800717
0.427946663494408
0.22214694018617576
0.2684404535639857
0.6727016978021327
0.6894816745017172
0.8060559262679707
0.3537522392779414
0.17048338529921436
0.003983623204327769
0.0003590858503028649
0.0009450137206410414
0.023944021775421875
0.9912654553891497
0.03610186688597439
0.036777366085318786
0.999960135634042
0.99991834988968
0.9757856157317454
0.00940560335746099
0.0022861773226160453
0.002957482067907913
0.9819884561090934
0.9721990407121847
0.9722142165119306
0.9727586368148354
0.4857709313806937
0.009690039073717127
0.004531937063778302
0.5117562352108598
0.029762774946037074
0.0310778324759442
0.004547664762347581
0.0055378807275763275
0.24671102295234382
0.06564170126389768
0.011778334327026352
0.0038485284740269465
7.584579400155e-05
0.00017688703392870764
0.025762006692652384
0.02227995214752654
0.028662369077642857
0.9675952885587166
0.9398947056128812
0.46940048215555985
0.8865602212099001
0.004188410435348677
0.002851309632500021
0.0020125508251102042
0.004067248626109743
0.9705778519985253
0.07813113528211824
0.10013724362345211
0.1165930846602854
0.24520182800881818
0.9476167966147546
0.21319987859666556
0.005399171556082161
0.0030199673976240016
0.02154204342099253
0.07105936565097826
0.9462185066334643
0.9117747891289902
0.015478550952867876
0.0014899636678559203
0.001365910486750832
0.0023272174763158127
0.0004699907388510116
0.0006602915410187649
0.0016508387431934946
0.9972594460441603
0.9549958611632264
0.9993300151578194
0.9998857489161302
0.9987059122714402
0.9885012152582018
0.9819226166503
0.9818399036961469
0.0009898402827018815
0.00037599942548660614
9.375696268898448e-05
0.0005461525005792112
0.0008716823974341814
0.0021226601757076136
0.017335012176344478
0.9834472112181623
0.9501083325632284
0.9621620470489515
0.9361441042708005
0.9535728541443367
0.07932083683047131
0.02056197223720868
0.01134294614385345
0.0057008205101716225
0.17967149452937947
0.9387293437047426
0.28527145681418176
0.0933391944559766
0.08849324806879555
0.1641152164567785
0.2645857819974696
0.9262968818612249
0.33178041088022825
0.39314067827079513
0.9862583782746581
0.6481775526426667
0.8282329037341903
0.04392237738264493
0.005880431804451414
0.009948349591581529
0.02685227231273779
0.8621350375144136
0.9277331359653348
0.9249686292400559
0.9376942642244258
0.9539305960969785
0.9682636603939622
0.17757191920577609
0.16954858784760451
0.14794274499173643
0.15460445877581763
0.6365385404256021
0.7933112596874404
0.22218541420605464
0.1506705664860437
0.13770150304030415
0.0237865458049763
0.03883634868489372
0.18328632450381077
0.2959260630946964
0.9852832891331673
0.16391399160639009
0.057869899443878214
0.03391304284055008
0.03547690832802797
0.951054822993911
0.9269813091518077
0.928414465060792
0.02689730050073691
0.04646454820828605
0.045957570104549594
0.054153879314486564
0.9453887438983275
0.41259441130761654
0.8498836777551626
0.8510782503060709
0.9282673554502452
