0.9893675993649131
0.9815963855845952
0.9834716454599112
0.9909682170375305
0.9989902356301197
0.9985571612060029
0.9921476777099859
0.9987279021241761
0.8300665895405055
0.1287842635447618
0.0047005567516358315
0.00372806761074862
0.005008030958014165
0.7561975373254111
0.8927093835560346
0.9951269797194094
0.437780994599241
0.1378413587364431
0.011423982276518196
0.01187425522108565
0.011810880896518383
0.9999318804096238
0.9985752446188657
0.9994645481562605
0.9998236357628836
0.0018316730729814878
0.00023471666913355005
0.00047434307183813473
0.01806499146691276
0.19975714934112954
0.9880417350711704
0.0018235499116270315
0.00016191538046128606
0.0005505098086480142
0.13828870588071174
0.13313850240850633
0.1265552626298494
0.9925302026252729
0.997963097659391
0.008539097925977068
0.002241676035639406
0.00047124637739692776
0.008992457659942166
0.0005781540066056579
0.0027400559473342856
0.9377230461524914
0.761874101980648
0.6340204882561615
0.5168181928041531
0.0030440515584090333
0.012557048008189908
0.2591119166569884
0.40446811194403565
0.9958442113969739
0.9972359018480108
0.9956030711449739
0.1319099750222431
0.11377856392423924
0.011358164642449098
0.0003429550257809666
1.9899753652907748e-05
0.004760971734884989
0.005968907370040966
0.00906872201621467
0.164748530072654
0.1523267875674128
0.1947460003282413
0.992318846360221
0.6925393923015672
0.8583446477976714
0.8569352449056753
0.8613334486694217
0.9827287923020646
0.8376551216216288
0.02132511277354676
0.001719951118067553
0.042886890148453816
0.140211591921803
0.04727116312021051
0.9996796038321423
0.008267988091477774
0.00023125038980509327
0.00012964790837610707
0.000631290063828116
0.0006209651055543164
0.0001176627131770358
0.0004847376249310642
0.0025096296256775785
0.9961776276017651
0.7667577623697206
0.0355916451439201
0.42114740078025337
0.9978767761989674
0.947889053215819
0.640589858639651
0.9910413337840512
0.9999990814252241
0.9999869994803899
0.9995281973215148
0.6206756147174328
0.9997761414555291
0.9999844129384073
0.3777949290305217
0.42672292887651386
0.60959244344841
0.7638588079638906
0.999966528610205
0.0020995038953662837
8.25626413620828e-05
0.00010661014152335557
0.0006398723775240533
0.0006031328793580926
9.486783351997374e-05
0.0002980489826663879
0.008485614953118836
0.9971550610419117
0.05083171817090437
0.1561922812259655
0.9943923351594655
0.01957844790790897
0.013087537541938588
0.001661011818679059
0.001962323975398639
0.0037680300716557147
0.9591201183248197
0.9579989027668822
0.9556822834855918
0.9925256744956599
0.999896838630633
0.9987069144087187
0.031878195408356236
0.02969693956010122
0.028874146213491825
0.027427714428231664
0.029526477389971384
0.014557454180376017
0.01042201694714795
0.02279803455485996
0.03144684378082163
0.9813614189568363
0.0238474347045442
0.026259355664606132
0.9819905283287865
0.9773940399894048
0.9679279537106524
0.968270295601763
0.037154162462678775
0.016567889793393187
0.03189211983995199
0.050715645880330285
0.15819784505455992
0.8234223298400776
0.9989585437974215
0.8653356646340361
0.21101490650704668
0.0071900233667573366
0.004284822070452443
0.006291055855646044
0.04146464656288884
0.03330083650173454
0.030023458895993005
0.03135580448188047
0.03305453353417276
0.004109909791910282
0.005076141518092658
0.9529164687960165
0.9994120071062537
0.0313479463250973
0.026803287715143398
0.06712535030205291
0.06979082066916198
0.04157151348078292
0.0036884671630460497
0.0035154102911137963
0.00016127735935778098
0.00011817096050070752
0.003583630274704541
0.013694440614222425
0.9996770617907451
0.9996303623555186
0.9995783353538223
0.9994614542804748
0.9996982738887634
0.00907521850895232
0.008183798493513916
0.00032636634399774156
0.0005136146549679088
0.0011572122621813508
0.001116044907356617
0.3803372398865327
0.9959900716781763
0.9957487139586668
0.9958710471308653
0.6599635018670664
0.0320375414247458
0.004025797112440999
0.03195035874629837
0.012177599158824104
0.9689999108046413
0.08753412127606042
0.11565054436797884
0.187403972058946
0.23364886924376405
0.9754290206628019
0.9582905724613067
0.14335171292520865
0.878787372261698
0.013571649581041068
0.007642957627188585
0.0003281083232590243
0.0008157607811108969
0.007755007444081308
0.025949902803073854
0.09391142869734947
0.22586622697370218
0.9573505635766828
0.06295488670409943
0.007769764251492228
0.0009172190202079156
0.007555341210214728
0.0006880323083152673
4.1269924272113734e-05
0.0009530243426988383
0.03655673909237289
0.985789956512801
0.9525632829671444
0.9352377942857533
0.9648429573824905
0.10499958440758017
0.060891802975341136
0.013389919458452693
0.00011987908699384597
0.0004930375458207514
6.210131421613418e-05
0.0013950139636206282
0.00013292923882823882
0.00574049790993425
0.9999895644404488
0.9999857717009145
0.9999660444713739
0.9999994955141893
0.9999996073662141
0.005585208780213624
0.0002837783123186277
0.0013762240207311205
4.461098863528523e-05
0.0004543233540682534
0.00018658343158117763
0.0033494065720417465
0.030740459362318506
0.06391360958894099
0.9793847648276699
0.9455600457563721
0.005241962348579321
0.00046698209107387534
0.0001390706389678975
0.0022739795911581595
0.008279016125657068
0.008990346885511702
0.03572526567524137
0.11877594231770472
0.972269554745581
0.9280672867337327
0.16681299490433632
0.06847297223092208
0.004135371972235458
0.0002169208072255735
0.005291159504085652
0.0017049820740572263
0.003337970158250436
0.00811326062183404
0.7999843755052705
0.22756100395011802
0.6944637216696293
0.9926241586854041
0.9677281044329746
0.08739296663394913
0.08566519245112347
0.07022614225867474
0.10426292533976833
0.9657196476059758
0.9757633709302156
0.9820608112243807
0.0869145015967252
0.08349461437024996
0.04345543862132317
0.04324467520006847
0.043165004005590424
0.5026743956896846
0.5122330449202565
0.04535280434881106
0.05748032157098737
0.9592090989048891
0.9561125882033356
0.9998928641838144
0.975232275878561
0.9751693072835246
0.0641100614025184
0.039414467741449744
0.0002577688018745583
0.0014192981669719495
0.762136099213472
0.9552661546822167
0.8535325320507544
0.9550509851185236
0.9502938822775513
0.991848844288691
0.009448370771001247
0.0025660903615645214
0.0010664669792669335
0.011802830425797772
0.00981975584699235
0.014732353712157309
0.9998129400483503
0.9965305242342554
0.13237691432228338
0.2827799893678732
0.005543831180355729
0.003711815784300909
0.004988184772925175
0.010222568660806064
0.14049583397450316
0.09824409191743821
0.9989873814647883
0.15666796479627398
0.014331670909498495
0.001218314881531457
0.0004073348610490468
0.004439842911506453
0.9995331201751319
0.9995489801975284
0.019671409740350976
0.0003898909361205183
0.00031276827516368844
0.0014228379039022965
0.005110505321926584
0.007740815822874447
0.9972384794713831
0.026454979507523513
0.030143012316628748
0.9995428477647454
0.6705532438583183
0.6437181795651576
0.9895969984933166
0.3925404923439709
0.38240446021404917
0.999729815876305
0.9982690977241565
0.9971295272399173
0.9779684380446098
0.061142930809442
0.053079104396666965
0.035008395853104
0.01766368345456637
0.003963434154907297
0.0019695039258439406
0.0010924710319882847
7.629648101425968e-05
0.00012141633042617173
0.019650109102800517
0.9996788489902165
0.9996758280016752
0.9996806221637095
0.004229509634168793
0.00014551240436366797
0.001184988640453133
0.014244720037467462
0.16311163164693165
0.9933038630898852
0.10070605756017803
0.1362874488257283
0.5741890819196958
0.43566894682231405
0.0011822285816389666
0.0012998754701910586
0.004461771646709245
0.9898821371972468
0.9965598492154205
0.9986077762065669
0.9985951747409517
0.9992508637037938
