0.8833507249289724
0.5164318123400253
0.58314268738672
0.30978231922577326
0.158440839424406
0.9965357156676647
0.9992951036906138
0.31128092462296353
0.18493203468545938
0.11975089159768071
0.05766424495854239
0.12823223450760224
0.03991663782739974
0.18703108528398782
0.7711947400747718
0.8666647106633315
0.9386699919419798
0.48233300274433166
0.15050287447131927
0.1172484782144011
0.03856156992992288
0.18797887434070326
0.828446552937354
0.9531166554796981
0.9522536669570768
0.9557247753527089
0.0034129903399503503
0.00023893448606682188
0.0024163669376661145
0.10502852342986446
0.3905806803532109
0.9495452887851107
0.16730828726593183
0.16261042944959303
0.019177185857094048
0.02924517584131947
0.0521897375422804
0.7771035095460288
0.1098973027513579
0.31367462346878006
0.6980530038541646
0.7546862648551833
0.00804255133343168
0.011402791710314109
0.1395494260761152
0.006955256879110028
0.5352384488450572
0.2977318722023671
0.47274949564072466
0.0497828230962265
0.027308104394064614
0.0375273682955688
0.5867884979580198
0.9928280911119932
0.8161088468675717
0.887703267467546
0.9571804520584306
0.9926744522208322
0.01849383418228978
0.008043611636074366
0.01989634246638905
0.015334709060342067
0.9938391392434432
0.9922081390205685
0.9785235387201489
0.9774263687532546
0.016750515538819233
0.0006548323866771844
0.008606895656997349
0.0021420357205840235
0.6472377356507295
0.5183372258557337
0.8800058094675407
0.957690196062558
0.5749877738859112
0.021705386244569413
0.019990182784768162
0.01570362782626822
0.37090409866718277
0.27762686698591144
0.0808356526534284
0.041739550606184395
0.007195260630269984
0.9977818686465713
0.9979874815974289
7.751841852166041e-05
4.7362154248276056e-05
6.847675600896164e-05
0.0043402965990597675
0.974701325187541
0.24025898730348183
0.011099311581364235
0.7590408618789618
0.9996338220224956
0.8916683450756719
0.9999436498477626
0.9999522005795366
0.9985674933422588
0.9971278203683316
0.8952147456315586
0.7569525798168665
0.7708767743645711
0.23496681428178257
0.2136076460752877
0.9999114516735966
0.004238253488571542
0.00034198535782148376
0.00011214978608764525
0.0001351993617445535
0.9967264668666516
0.996798401033951
0.0018932159923232827
0.00967241877078806
0.05046776300703848
0.24604494294059087
0.9303940788081662
0.3253287117323883
0.15902698242975566
0.1531854178151666
0.4174356968545566
0.7112041463398426
0.6554907466299834
0.7012569147214309
0.15323200886355148
0.14022192562442726
0.7077010633652596
0.999497852286716
0.9994499523370468
0.020593959878259294
0.015106861681918882
0.015441014552485699
0.010149020298169775
0.009434917431499268
0.012910861878269064
0.005677407152694491
0.0031416635632166567
0.25152814516178235
0.9983726219326594
0.5321679855716064
0.5266254788453935
0.978948587007909
0.005192360151003994
0.004976823131676245
0.009359778746436231
0.9926656996854251
0.010860478044481314
0.0018637343566930697
0.002828304804227688
0.004066559891820587
0.010430347523728734
0.027472297313202443
0.09206358170168061
0.9901919144027438
0.06522766720885853
0.18777379712604125
0.9659567319624868
0.9385872443264226
0.41712937632578806
0.04837271196191073
0.004016721995296013
0.007129705431101696
0.005261988926250183
0.0064810189858308664
0.9991507561966511
0.998037781345702
0.9943059967125726
0.9927135079143503
0.007415884023659336
0.005164251924002605
0.004432195636766001
0.003713055838777901
0.022237177800375485
0.39691304169668207
0.17768723015884236
0.15548778135406072
0.8896445911336932
0.9955360270461813
0.08714457968461553
0.019740206084261414
0.010638858231640902
0.007883015456586318
0.0009837746581714546
0.00284686451193894
0.013701362284206486
0.018937645565224592
0.0006510740639725787
0.008737008585909867
0.5241518185142992
0.5191864029776039
0.9936248590291771
0.9998386788806515
0.9996410522073738
0.26753460532422
0.9994116301219926
0.015759786227315775
0.009795368072571975
0.004974420149792214
0.0012544025648637547
0.010961147429132678
0.008411244184953315
0.017927560427393407
0.018841464705004585
0.9848748503808723
0.02053315181905191
0.004375590751870551
0.0006072815602536918
0.0028183910152498326
0.006747791399629222
0.0039100294047854645
0.0037142856753489273
0.0010574691971736438
0.040886153730377406
0.3798898826442798
0.7751101378978122
0.5815283125046112
0.05784879474620719
0.021037055329300114
0.003215167518691664
8.291129792081797e-05
6.727526431205e-05
0.0009499871754535816
0.0010631780240903943
0.022779887763533457
0.608031089262624
0.9748897242576129
0.9776228399106042
0.986548169918491
0.09824750158325435
0.0008567944675581529
0.00040095681878504763
2.1007601990752356e-05
1.1308952940436434e-05
8.365372507934676e-05
0.0032140708988005473
0.013283821598600976
0.9999987279643572
0.9999994271029594
0.999999474540051
0.9999999999701394
0.9999999999150078
0.008642146902661074
0.007856217583497527
8.151199147843347e-05
1.0560323133734784e-05
1.9181091910569492e-05
0.0016279354998630646
0.005360710205134067
0.10270570423127057
0.9898058081931296
0.5476181754131246
0.022920434309219195
0.0006095882096461835
0.0008189355753032146
1.3272825060028914e-05
6.519175675034905e-05
0.0032680162381367728
0.11634008101097493
0.39252454559165906
0.9019049070951375
0.6679152572034488
0.5814077767199267
0.15479884336503968
0.04629974269272963
0.0019431949666970372
0.0024769935204542737
0.002372322211567801
0.0054155409505550756
0.002008877728580827
0.0009795840338991946
0.008973939352132199
0.032290255471001506
0.988342335795801
0.1956104063003855
0.14672011737900903
0.04198264196177981
0.09590635918170931
0.028173486609805676
0.02461620007787524
0.002581378349288732
0.9710843097252013
0.9969060171197778
0.999754530321038
0.9888287210190978
0.059483120890403085
0.006239144081282788
0.0001941068893024367
0.0028161563926811795
0.0017725739987004552
0.00265382207041831
0.0035128132052422156
0.959161872926539
0.2353042212816403
0.9999422831811154
0.9998644075274128
0.4464253274557277
0.04869935175733853
0.0002699970667733309
3.235211402252691e-05
0.0004981423513662486
0.0001585335668613519
0.001514658045884909
0.0015702233431044155
0.005067615598798092
0.01677422007333451
0.9962640312380997
0.022213770785163955
0.00965437473102071
0.018646863303458217
0.9815215351971802
0.9764182794760429
0.9944292302340595
0.9999313134563287
0.9999994970599965
0.9958142263740615
0.9785661096682556
0.9663600811830465
0.0018379813675826195
0.02401759220389199
0.032679476010438524
0.9977563901934685
0.9996338716391832
0.018949141552789595
0.004846236760375766
0.002036843834642088
0.0017494392206978127
0.00015739859457797323
0.0005467095862630167
0.00019395935100718908
0.00048229827275270143
0.049533907437836255
0.45286275016193367
0.9903101051030211
0.9967410659030023
0.07922837972311692
0.003146738295374152
0.005870408049341136
0.001609466616942945
0.015260312123582698
0.9973473960522943
0.9973623337182717
0.9957816351507173
0.018580331599098887
0.00238694685314611
0.0029339898103740714
0.006285002486556945
0.07598596362019883
0.984697744717329
0.9974767011910944
0.996763700145013
0.17674272956600645
0.9783327213640836
0.021643076862787436
0.0007007006988604125
0.0036620578114301416
0.003908934653903184
0.0005172244481692623
0.00021983516971924022
0.05347396646582758
0.9993191141727228
0.99993182063893
0.9993571786790584
0.0020806071003034443
0.0011917819470339541
0.03097270960474896
0.09949473044319967
0.5106176578679079
0.5300145945063803
0.11767017133541624
0.1625291152451248
0.9223410610048975
0.6850058248489426
0.08274942398036711
0.010315916076539366
0.00454336791184784
0.2640338768392483
0.7554628080263874
0.5237843208432188
0.9269128167026589
0.4223407488291998
0.08003667713447138
0.3289019741103315
0.291122677462582
0.32470509277849113
0.9880483746753339
0.9989658314807814
0.9425183434568083
0.8123861517110555
0.1625483500510322
0.2392979885612604
0.2082373535721147
0.6360302460861953
