0.9941076042158735
0.8466165314714813
0.2980339062510394
0.29123899668803677
0.45038219837966864
0.4810716335595606
0.851830617426476
0.8557904829415796
0.5301465869771576
0.5282902307612987
0.6232612103858732
0.7366036618019244
0.3432507843499165
0.20099969070407087
0.16938595241864052
0.1990382506998214
0.9828008395510129
0.0031237209707972724
5.756252715594101e-05
0.000610007200612217
0.0006873465871293227
4.295576619817165e-05
0.00026729091237587266
0.9986825614706242
0.003859571001344375
0.000765075619212574
0.001159986015448644
0.9954178207495683
0.9856005789083745
0.9879397480942181
0.9987541624206925
0.9998696318763076
0.9999815011849289
0.9999999620568946
0.9999998297228962
0.9959437371296688
0.964022866176818
0.9999997197559535
0.005215303841216268
0.0028681107977454046
0.003067396142767409
0.0007216545550347009
0.00046413587426918923
0.0006688457888136545
0.0006199886206450511
0.00029525922667494875
0.0029199363745922025
0.9848664952208147
0.9773625907533035
0.1764976427311684
0.20333057238873053
0.2549715327590514
0.3183649392684681
0.9539533997430178
0.985824643023359
0.9785828353258441
0.4198319653392044
0.3458138632493456
0.08600376199550253
0.17565179697231814
0.9942088483790589
0.9983230570439406
0.8820285429913939
0.7468581516349336
0.3266184451519665
0.30498472262719056
0.14260664685766467
0.07883172785607528
0.057937268528355235
0.051420524060488915
0.04762742487646643
0.06146938922382039
0.0495278505218828
0.48132217889107476
0.4110839352507991
0.3956068846896311
0.6356778120277025
0.3020359306192021
0.7836175366039708
0.9911622496758724
0.9962329301544613
0.994769877595117
0.7366992433063371
0.45819420825015045
0.6390422395196627
0.5687734267817598
0.008799874260068119
0.04289490035216115
0.08803020130558847
0.31644816841917744
0.5489466573539638
0.7972667757226234
0.9855642843959517
0.9061607018870743
0.5698581011494199
0.5578885526368553
0.9371477407844944
0.6145176554901337
0.02588776087540612
0.026961304948808773
0.02551109584111677
0.041047736720121075
0.32876743811348297
0.6411955745805153
0.08383724085833466
0.05762557560636028
0.10217646384699186
0.1280031974700726
0.2557460114120407
0.473934698795494
0.9268470704654789
0.983624378624164
0.9436213229935697
0.9689656475579536
0.9879709613394793
0.6470164196079117
0.6753878170105401
0.6141063818022645
0.618489155996557
0.14448642171245107
0.055721213803236025
0.13079814979842685
0.10810311026029129
0.10586626152074119
0.06313604338634893
0.7287008535857638
0.1665034564330914
0.26253822966886353
0.3862853949581878
0.3713866765632249
0.28869882620581255
0.9197364514085679
0.8826826458515135
0.025381189905214208
0.2526310778647811
0.08897508187268743
0.033749523679505455
0.14206015101723968
0.9806577462452843
0.7187845937021191
0.641612274357835
0.21600675867710017
0.016590706868843008
0.0058527940288901625
0.08909169385124371
0.3134417524985905
0.9922548324314397
0.5307110281145919
0.36441023380994875
0.35879773836775974
0.07527781101785758
0.28166143635418983
0.20644788435119898
0.5665651294451792
0.5861358957303673
0.621756056839874
0.5211918931656723
0.22340174553492242
0.10823956237152321
0.9315110855344813
0.19280224173045368
0.49013850481351495
0.041400732331998924
0.04118587894346204
0.013330882374320452
0.029358339660955912
0.02310448871288351
0.060019200784573346
0.980208521294428
0.7395398926982663
0.9986184677227827
0.9526945156892219
0.016164988729749807
0.0059655025061864375
0.007554970330282074
0.007707553031224057
0.010441976330507474
0.988648536691839
0.017578736276915197
0.03740114840337061
0.009023414322769763
0.07208492561106716
0.01606435462479605
0.0013712951700198817
0.0008257663365753842
0.0007634659117169429
0.0023261178196861687
0.9509185937054734
0.9679459690317376
0.980912241211589
0.9788506957224811
0.9859120945219609
0.9460694823447596
0.9844061101054454
0.00327761031730045
0.009633439348233908
0.012773730603950817
0.011210220803222537
0.03261446701404902
0.993221736634327
0.98004349109936
0.08656428627024426
0.025808811496040418
0.029166000050839247
0.0008530346370643205
0.0012071929927349734
0.0015993486202837692
0.0019513732446718723
0.0018454521471882313
0.018675081842048802
0.9938120150546652
0.9958898414767628
0.7571569764160224
0.07901769443817841
0.01890214164846049
0.008260443042301557
0.01496478849416738
0.7174924324022756
0.20817383955427904
0.23257484360462244
0.7461297665242079
0.757266552246149
0.6643121796056854
0.9129402299348439
0.8846096994651804
0.773303932123574
0.809099009284712
0.9812604245167997
0.9959790158580074
0.9316085525928077
0.9324578457842012
0.918370522740084
0.99401437404988
0.9980504182895048
0.0930207142666859
0.07047744424095947
0.045589943808928224
0.05680281633610085
0.07214342223200132
0.1009903103563271
0.35612257677902215
0.9687926065742427
0.8549241229372948
0.06790936515478663
0.051714238290326286
0.026333695121114498
0.01778042080250719
0.0828574079308656
0.9745788355505084
0.4502176598559725
0.3641173821826552
0.5254511187468802
0.9945971631574129
0.025548944471517565
0.00028170425376450314
0.0012765889536698882
0.0019004638128012896
0.001576276061814541
0.00019973776096315898
0.02363579189971743
0.9982055192450743
0.9991723155145052
0.9992864963113566
0.9999725890792052
0.9999844190895592
0.023599039580436187
0.00028380100257474616
0.0007313347798283409
0.0018736480596948102
0.0014680729590786923
0.0003914431987990241
0.028101540779569834
0.6075425972970058
0.41391499530533926
0.36905216022240617
0.986300562608544
0.9980314386650012
0.09629731025264776
0.035390051365938646
0.00857992073928604
0.007670429726699957
0.00804001684210609
0.07750201138578927
0.00485922913989989
0.001408209062513599
0.0008522858856661042
0.017394760576064372
0.19989815535508393
0.7683990089949031
0.2877456772600715
0.22882549098889393
0.4691361628756803
0.4934301363418734
0.40803324980849265
0.2635877473284386
0.621623466941878
0.3457648836074212
0.12168813310752491
0.24793868319030987
0.3933119242586166
0.8098456420028769
0.7010434098854692
0.8276794957751334
0.24922541005860332
0.37648204190346535
0.6262318126045422
0.7772922074252651
0.4934629433838902
0.29035413656275044
0.12060539039567697
0.2578576657959841
0.37249489003526115
0.8392891634937715
0.9881651564778543
0.9904919119708743
0.8044129500923587
0.6544832322831307
0.2003837558042908
0.3017493446614441
0.37203985705178055
0.9751531273886704
0.23087834542512897
0.17464053837843296
0.1546429616587316
0.15488758357129206
0.08659878746503247
0.011487585915388676
0.4587474358657775
0.5702520539577458
0.02033689968355268
0.03510602456772305
0.041984746018714714
0.6948592590176348
0.9822922043979894
0.991020592982616
0.9391024070365027
0.9264912229384805
0.9082109650565133
0.026121336615808066
0.007102952026370901
0.010772664190059733
0.916135479061233
0.9303561942081061
0.998818529974559
0.9989559083893433
0.9997236715676615
0.9929578449984878
0.9854291119894873
0.9958227930440686
0.9978762653379124
0.006690217182096392
0.0033351526326551584
0.0003029274342190025
0.0010057149725669623
0.9966213689330813
0.997307176244785
0.9999576245566302
0.9991029597173607
0.002424359703502965
0.001754521374669471
0.0019218079232001806
0.005669548109353717
0.9972354700772563
0.10167714037166842
0.03081683159884918
0.01851275327349522
0.0636752560974092
0.9977375523092273
0.9958461862038304
0.9927697778439848
0.9951378006256669
0.9912825552048944
0.9837566128896479
0.05527468032410954
0.009479489925933171
0.004738134813417116
0.07063113206380989
0.9948702311980919
0.991621311110341
0.9587156189425575
0.20069610316109687
0.1833035444017489
0.2058804878704824
0.910281694130538
0.9072393203523863
0.9521335539777493
0.6625959153750993
0.28808557281907143
0.05524407306627399
0.05216989416992768
0.17349564229216674
0.40918245319361046
0.3965773445798445
0.5386394815756759
0.6365902452530996
0.9681217801236804
0.9800439904446965
