0.7471133501027023
0.5325500328962782
0.6245911698748304
0.5176045377252578
0.8565218068491252
0.7066444083592608
0.5709698823715861
0.8638117356136088
0.8718235459342726
0.5369400861722257
0.3855484326736669
0.041959914438217116
0.044968550719250766
0.8033367770552804
0.9857025342021696
0.996521094414239
0.901901925992512
0.3088678709156516
0.15767200869268327
0.28019762940203696
0.12111753675241232
0.20356206350699346
0.04960810256721526
0.07950435259164634
0.9872375418968728
0.855058800730785
0.46777801206386815
0.2931620024408452
0.013536950787233493
0.14018999268469523
0.1500956814080575
0.9008903482773226
0.9994127148622718
0.9982947305328994
0.28406410757225364
0.17336117677979956
0.014401608950696976
0.041092879116987446
0.3684132337636554
0.9851060981649448
0.09507871651548383
0.017533498070276266
0.013020313820259033
0.04728772943620452
0.9123650158420983
0.9170354825359417
0.9845007911965419
0.9438406605414196
0.06229019138498593
0.032690923629602686
0.03532889066147937
0.1322340758638938
0.9509747504706888
0.9327548182068969
0.9642492825619248
0.0050728754450992675
0.00016023502696393965
0.00011989509693566269
0.00017656081457251283
0.0003536248736091263
9.743237660975179e-05
0.0007231243090694006
0.9995406668543093
0.9995350226622234
0.9995413537534968
0.999625607111147
0.9999937821382316
0.0004965044247324801
0.00014427072320766232
0.0004260702451315268
0.0004294418582386772
0.0003259571518152704
0.0002662919930970231
0.0037791308072050445
0.9528855903891484
0.32434701109308717
0.059508208750216895
0.02337961148233303
0.0002061725564088679
5.2799121621038836e-05
5.465439555230045e-05
0.0006979747742029696
0.00037192774275285334
0.012890972298699177
0.9964048546319044
0.995328053355023
0.9999963098087181
0.999964709260084
0.9999655973490993
0.9965952865372838
0.9918332544915275
0.01638377574551131
0.00018614945525252669
0.0006808550660166723
0.001510358491394359
0.0013272619763872173
0.0015113014700341987
0.024049289388176076
0.06572083596319855
0.2967340841427414
0.9286465282387366
0.9860038507085092
0.9907629420686779
0.3080255791703336
0.3058836945740073
0.34836422767796094
0.2946948381326805
0.30469399129954877
0.09870755258807151
0.5479621497443772
0.5956834350741609
0.6712928747169198
0.9829406936699899
0.9277518152228915
0.7222402881671682
0.7793306710197572
0.2745975078718199
0.2299568453479658
0.006647846706579585
0.0033475276049719227
0.0026547103973597608
0.012210747063501226
0.1364596697946543
0.725181124868847
0.9760835134906446
0.37856587627724947
0.0919654854223706
0.01130605195411749
0.09171849895487405
0.6609391310284363
0.6536558577177662
0.6759146888710453
0.18656185153530624
0.06660443743077415
0.07253613538781944
0.2316779003113354
0.9896036845730916
0.3950508381253395
0.3564639266369466
0.3172492799264931
0.2101021934376619
0.21103894707098192
0.3485070185833802
0.3283939307669498
0.23526868339065043
0.21394335910613016
0.30736432191916174
0.3121520849869587
0.12737030948271177
0.12988351497531536
0.694221328361165
0.7212894983076128
0.47144214602963264
0.32212372836286074
0.29841750605938344
0.21114597288060388
0.22879219126327355
0.08753898161751517
0.24807632380624856
0.5182918091050313
0.45217380125871975
0.7290307666920892
0.04469819252794527
0.04425085107332927
0.025280957132138737
0.07763761461570406
0.4761126828084422
0.9763992055814689
0.4093049821215756
0.31656657597242077
0.8277162295089189
0.2663355752375235
0.07954697102126596
0.09661812678979764
0.5875186673523687
0.5351295402219683
0.9874977424000678
0.9975694769403776
0.9952236600969384
0.9887458767815798
0.0051150510102592195
0.004624094111218335
0.0012018936573304773
0.00015556838176611354
0.0005687919467882718
0.9993381453021523
0.401219395450523
0.9986361458845548
0.05084783676403626
0.0003218345124276212
0.0009173912571740495
0.0168422487802522
0.01507103582665592
0.0023166463593889963
0.03695052918655095
0.9917742758199161
0.006469275389301532
0.0009857752629525152
0.006309436524785994
0.09571948766082805
0.9719577638177631
0.0615780575580237
0.006419792017480441
0.00017535564178794427
2.595096166790878e-05
0.0012317187973186483
6.327966715269362e-05
4.7573365199560236e-05
0.00037152400678996944
0.030014497114713712
0.9848270594017355
0.9747566554030697
0.9419403979141656
0.9880291079502087
0.14343268439906198
0.0006213550358789011
0.00012908834056857277
0.0012910315389027538
0.0010720672849473534
9.484618540500644e-05
0.0004050349819623156
0.03076721303785168
0.25456086704058767
0.9999999753509626
0.9999995200338397
0.9999999887471002
0.25456093202827546
0.030765031156961165
0.0004077325517191088
9.477396019663686e-05
0.0010720844517919659
0.001290857588937655
0.00023925487475928708
0.0007066070649044409
0.14310371169959257
0.9999949705793508
0.9047248846977465
0.014997689804503889
0.0003489890214291025
5.433295393364457e-05
6.592779450975694e-05
0.001176168707052283
2.60069868313062e-05
0.0001867472680747717
0.02489692185649839
0.10611033093235667
0.9810345418659931
0.9542508067901841
0.06831857385950424
0.01427104170089244
0.07463348003609249
0.014443050102862287
0.9319488417251933
0.045118825495619186
0.0028200634028425764
0.007027619511410954
0.8629570929909876
0.9803025835910981
0.9918019232026025
0.9543952168858147
0.0035140581219682554
0.008499944196123876
0.0016186058095419842
0.00011166857513489337
0.001990905201279314
0.8982792477722167
0.18460292179914972
0.9997733657793227
0.9994977804245253
0.992178194985849
0.05860381245589896
0.0038057540746093688
1.688991795001371e-05
5.935366924292307e-05
0.0006672807175921447
0.0021329206453213345
0.007952192526510138
0.0032761009297436194
0.0018891772160513076
0.04534397314834748
0.9999782436988217
0.3703143359939868
0.018113064933139023
0.00010555246788845896
2.1537965583684482e-05
4.985080843855627e-05
0.00010659361739528972
0.00012745974348959965
0.0006493535241179904
0.013083430933872764
0.011355438232344528
0.1518631374576206
0.00707980266393049
0.0011001213129540055
0.06071126478039646
0.3277506783085381
0.9991095919143299
0.9999991569957188
0.9999997485169629
0.32798209515045407
0.21820972183778398
0.0013843676820214368
0.0005034894825430847
0.013440166020802335
0.42829319498653773
0.6132005097306299
0.9918834445580759
0.5910510272099034
0.38616799739198493
0.000685322617540951
0.00013315014354164934
0.00016229042729465348
6.411792667748717e-05
2.6365116243098896e-05
0.0013296435555459896
0.021424205368239968
0.3646656254520717
0.8650770524649252
0.2992330829029476
0.035949390813390436
0.026730135425128698
0.8369925333736207
0.9595016095095978
0.9566315202317712
0.9869138211238593
0.9838977529558546
0.8231058729922497
0.09716605385226218
0.03833990540062193
0.1618450861175158
0.9851738023980459
0.9954646398165318
0.9938635794421721
0.9917956807851965
0.015227838043134545
0.007952063322550385
0.07157125117828189
0.0027660752645368714
0.002005805297156771
0.0002342622749749168
0.00032492049150778524
0.00021269743280782905
0.0003346779389395982
0.055332187965344004
0.9996239376765502
0.9996304732685719
0.9999969700413845
0.9999933474457595
0.053080717474378036
0.9683886154889064
0.002002024649265688
0.03154570011969582
0.00014767576873164767
0.00013719063922035257
0.008473505422354255
0.9919750303516247
0.9877257244065926
0.13730568262186416
0.0015648452973142657
0.0013264186181997095
0.0503293939857804
0.9991749463591386
0.4043622081382039
0.9955534041748685
0.0011857854615012764
0.0008659458443025514
0.001637844414523193
0.0028774601134985422
0.012646944992459663
0.9990148788047918
0.9950739171551435
0.9554004649291146
0.8926362507763963
0.030485338223686598
0.03362046456068579
0.3636910592697299
0.5937722841940373
0.08238762738786654
0.1084102188281113
0.584155994179762
0.31343856613414234
0.42578101980430627
0.03230123476088076
0.015579042456181913
0.09671385602937477
0.6832342202777771
0.9658658726722864
0.031280432206581166
0.010024428670498575
0.03126782304976827
0.029748288300908365
0.9929012879340592
0.8497601917025625
0.9857699224699986
0.9992623219266297
0.965952566771189
0.9658973287373619
0.9631389608142408
0.8319655783235165
0.9504746045361374
0.02738304748956577
0.029439941327456753
0.03748414622816287
0.0281646283681517
0.7894431134990124
0.7722477368352573
0.9024049316660073
0.9370450465404226
0.9454347460374083
