0.9898816591179713
0.9793822153935017
0.9927067853773921
0.9987165872161896
0.9975646709436032
0.9970051310838492
0.9955813457087872
0.984155412653094
0.1362495994732415
0.0788816223178455
0.042134955345266595
0.018721257866826668
0.04879134925570039
0.7986543019558587
0.1026621879964232
0.0037195966591476613
0.0035284085464521663
0.004590599385313465
0.006779427145708805
0.009529485001900906
0.9898668912684054
0.9980850516881044
0.020251074892941465
0.0034334809911795157
0.001263307715118722
0.005212210548841056
0.01558292172894654
0.030922712234453174
0.16010866535665289
0.9981715976937202
0.9451994113949918
0.9906970082499889
0.04318614369722953
0.0012965895231495494
0.0005469771051354599
0.00029495476562695354
0.0007588305561081698
0.0010755359103438167
0.05064601351437359
0.9986080664385852
0.4313061997043376
0.379065569358884
0.37866889288223426
0.4232811393481068
0.0016325098257218285
0.040072391973981575
0.0904370001944862
0.0742091290235087
0.994770603261764
0.01859133416241768
0.006186921446512749
0.003957755977816601
0.6525069137190055
0.34957328153728895
0.001125420325699422
0.0003216315586356044
0.00026284964966111213
0.0017679990910306363
0.0044266230981290676
0.045269897123945864
0.001557889787333766
3.362882130862887e-05
1.1233058874116075e-05
6.995682457034968e-05
0.527842767347217
0.22606590990786404
0.23650175402836937
0.010307554564186937
0.030287879371485624
0.21221775949218386
0.8451857353300547
0.9999779755488984
0.9999953894318738
0.9999751140168485
0.9998576249861804
0.9999705207514691
0.9982714726949522
0.9993924952160285
0.9897160502113949
0.04980938006443461
0.029989473805707465
0.02085736722261192
0.0004115924985675923
6.065599795026521e-05
0.0021850515230689258
2.9973648346104386e-05
4.472396978137949e-05
0.004061196233520503
0.7892177540954877
0.9978392978525699
0.08857279783604718
0.0751694034647907
0.9747460525223888
0.9725531647600967
0.9949282365548584
0.9967593846023344
0.7620245034304971
0.10060028495440342
0.3251229380900417
0.9941229348396665
0.99408675379083
0.9908277793408167
0.9768223312403002
0.977369602534748
0.9742046074970894
0.25514198231185553
0.0037305630319247936
0.0010525541536858252
0.00016777935359687523
0.00033540058732030027
0.0011829057121964248
0.0034017041857708373
0.0049569642054193225
0.004955494021582496
0.01725491875559214
0.9326442722964703
0.01547432494954829
0.08728186258320572
0.2569162565950534
0.34655843504106926
0.9666578856485704
0.9187919725530636
0.9196468458551257
0.004576669330171156
0.0034106833661754817
0.003933205855019972
0.0051685125157574395
0.342302567890342
0.06070842809547543
0.5796074821776402
0.6241522313996751
0.6149227385473737
0.555798482457296
0.6543598369312879
0.9878724819807543
0.9501522696990288
0.9967405395635276
0.4904343006889678
0.35663579742238066
0.0348016001050695
0.08197128228017839
0.18927248092104693
0.2794828764099103
0.012838092942575707
0.011063591124553917
0.14501212676080724
0.1512084866829997
0.9719964270015347
0.9987114286968954
0.02334124372397306
0.019428447253060574
0.04074202148731357
0.1639091865270942
0.9998138104704282
0.9995573898929366
0.9996652740491585
0.3255467935085807
0.09507660571658032
0.0857968328304371
0.6438474109693295
0.8617208571117967
0.8599247161588914
0.949084250696185
0.27172552722846205
0.2822277638943508
0.04040558150719195
0.6420047786070002
0.6819797641392245
0.940774483623154
0.18506582771896035
0.1120003866220403
0.010784496348060812
0.023995499020162514
0.928177381688994
0.8797161240191305
0.01832185713055666
0.03202539994245951
0.11767891860690528
0.12135889238894378
0.9969135959786724
0.9840191158688354
0.9243439822569413
0.8996865508309284
0.8448161723134597
0.8994139785152928
0.7557679251299821
0.853816195861389
0.6156159934361625
0.6139284973901253
0.7654454706762188
0.7734359952445498
0.6559033295244012
0.7811084844223256
0.7092923941114306
0.9007014698128488
0.19408317877069092
0.012105723963951442
0.03291171743054569
0.018488262240197027
0.15870805200382002
0.16424352086330962
0.1661786999699567
0.9837573102118895
0.8890429198345464
0.8076208298147629
0.8532949039282702
0.693785797019616
0.8531510438261145
0.9283834143843908
0.992978611222578
0.8540392352626902
0.2650987185286035
0.05671594943874458
0.007931715684971896
0.00888498801354648
0.22549084367565608
0.31317566858282236
0.9839905208182742
0.9835597363289541
0.06843440935840402
0.00766416706546128
0.00030052226903867215
0.0002510855415611579
0.010525551105481267
0.9998303669531969
0.9997016157376049
0.9968960482792673
0.998477276830344
0.007906575435062601
0.00024880835837177707
0.0009745409053657838
0.0008626668059178332
0.00016541279481929738
0.001701400135781894
0.2338366725618818
0.4510080879465175
0.29751329048943637
0.6378337940268384
0.6428160452300563
0.9999882180401372
0.9999970731746008
0.9979343027437215
0.47801159048916825
0.09860533153012685
0.6377431525850566
0.05040007888128703
0.0016739635496971327
0.00016175752998098814
0.000755054689630863
0.0008337937463449352
0.0002916626169706116
0.004508896121694871
0.999865336810674
0.9999325533506087
0.009316015372219821
0.00019578837511351476
0.0002309012158062784
0.009196402073553565
0.07661970411975932
0.9971108689905914
0.9977705263811998
0.9756101073972141
0.9675224743537041
0.8678463012060613
0.9009281930237127
0.9987358466592751
0.9976131489549245
0.9811278697654813
0.9775059507462602
0.88346435660079
0.696589574071687
0.7082099622047554
0.00484794623846978
0.002603270718985162
0.0038970257175876873
0.005656096543592037
0.0014424156743433557
0.00141886332978175
0.9956091149299344
0.039982565661061016
0.019043361919921852
0.9995443861711975
0.06453264571112208
0.0021925974724259275
0.00023096835186650066
0.010829524545036705
0.122773367733166
0.9983759319304324
0.9976297843492661
0.9974719864244521
0.9972806187244208
0.12459564079704384
0.01730981924955592
0.0075286237631168925
0.005350042073811256
0.06319951389118558
0.9905163924510878
0.014368034852783783
0.03831055313097187
0.9971401780243012
0.0025844635401512713
0.003187910773250502
0.3519707753677941
0.6537085508708711
0.003457148344538663
0.0040665434381434
0.006334268790241793
0.05217766263981916
0.010850153829580822
0.12403059232121952
0.11147274745206391
0.15037802244674686
0.3070543578161062
0.9089063021666908
0.849646108998142
0.7864832042839325
0.006222355385775046
0.002252658782477157
0.0010463439075443226
0.0031392622826007964
0.18312596831743447
0.12708678595230552
0.2561792680649097
0.9818938788529235
0.25748451660513216
0.20394730749328194
0.21336283766917136
0.03964722779809456
0.010734097221667937
0.003178355641188846
0.0003753501212075849
0.0007803918966873935
0.00047383502141766786
0.0009058131647030509
0.12858255108885216
0.09185196953398445
0.9269573179591994
0.946427149164216
0.9389445893836394
0.9960154804239232
0.9991396216824329
0.9920218416770445
0.8809227741189194
0.9715699398394517
0.9031580136219981
0.0441560689074816
0.018184946802085586
0.003946960233904472
0.02076281891734658
0.04674706175828248
0.12758498015547642
0.1296109792118203
0.11489188778391064
0.1558299314477948
0.9930993454278816
0.007814310186104166
0.004317103095269736
0.013835965713973606
0.20329106321294826
0.16616587316206788
0.09521452713031914
0.3382413550481675
0.9127158983231045
0.9222884503536368
0.7485408325415425
0.29870912469096383
0.27410636299184066
0.398426352187741
0.00794887845251333
0.005098034301772036
0.00785956880382146
0.3631190367316309
0.026914092118088637
0.2572198425330269
0.17551894470236046
0.4392449167114144
0.26855284225519677
0.3105792207805444
0.5554875839474639
0.621416964949531
0.6016652477762233
0.9861201388306848
0.9044697939333799
0.9457070857653782
0.911706985701608
0.8932593104079334
0.9131990348103636
0.9310535860014717
0.9448588313876007
0.9265780136094304
0.8289064741468013
0.9577561705857112
0.9001924095713401
0.8898574858981423
0.9069654421737232
0.8483558757022129
0.8562560287845045
0.5245246188513454
0.395196148039045
0.007901044411332214
0.05477889831853546
0.09187655714626161
0.4528893033550206
0.518585796313535
0.6424562739981421
0.6442154713183783
0.4504169974493023
0.3995795836919753
0.44677114623274444
0.7928641823296828
0.445072748959121
0.4505150978225898
0.43679920164273817
0.3310454929847845
0.46405631524300694
0.5127238045795899
0.8769752446977741
0.904030073040879
0.9635270555630395
0.8947169706699127
0.9041295926967068
0.843388737235846
0.3603423162695382
0.15572644626680265
0.7147259695393906
0.6980725138097392
0.04369349961275745
0.12764707658493293
0.38127168439177
0.9478402124504999
0.9330101963659589
0.9456164602378836
0.7096621187534662
0.12783797464750005
0.11319118008787922
0.17791224295132899
0.8274352108969742
0.8663929981063272
0.43286747702484785
0.47372432297532374
0.8781406856784013
0.7113350137257178
0.5521983645307431
0.38277073300273423
0.36065614438329346
0.36321586709679765
0.6796444934436201
0.6718275993610139
0.8506739262038852
0.4888281920237861
0.04853491839035864
0.2125061455315294
0.29490942179277785
0.7373557328089567
0.8234382472773605
0.8480046489351727
0.8549437286233512
0.8390098352217514
0.9878483737887573
0.6994672984504312
0.200242992696622
0.018337181325000205
0.025635661045407064
0.03429944193195836
0.25181780847816293
0.636405979316003
0.9797412002400265
0.9645654041745881
0.7885212445434961
0.0071594318736639675
0.006288149933642939
0.9694519353226139
0.9728796143536735
0.009747283336221413
0.008307634115490424
0.01965676004368657
0.01595455393057278
0.024918135956724707
0.99858223531388
0.9842818593144822
0.6702435821729371
0.6977357414799223
0.974979093201713
0.03672535905816588
0.0013368149152132357
0.0010116199504947242
0.001257490652567128
0.018370671107032097
0.019052317814879902
0.010196429664132567
8.980221284081712e-05
0.0009209632782220422
0.0012676673356396438
0.0006193981345396282
0.9954723769318059
0.0050116094463455215
0.004368040944610718
0.005837836284949515
0.9999988630166821
0.9999926538799153
0.9999582438247729
0.9997848253388137
0.999999579965893
0.9999995959267105
0.00130956747565234
1.7896140585660358e-05
0.0005629119528745341
0.9944986386966885
0.0016984119612933446
0.0031035587084357052
0.006064747792136105
0.0041776324974506
0.012663388000105446
0.9974727114356561
0.018906462422692602
0.001286605654191175
0.0013672690513514606
0.0012685905663548545
0.001372395872955101
0.1645424808076686
0.860933538219925
0.9998944301619217
0.6870164629624138
0.697206637520392
0.9993741417979982
0.02239702186221818
0.010323589288717416
0.0056810479810300955
0.006004366486075118
0.007680106709593414
0.97128368675626
0.9850182899147137
0.0824835719604452
0.08372356486181859
0.9432461373399099
0.9485992141404773
0.8891940467104036
0.900335686062441
0.34585847791200536
0.33242093943339607
0.32792526328416355
0.3661503765120644
0.32568197562902046
0.31752878702074766
0.4256446896036509
0.9526017287027237
0.9929207762388466
0.6913762383224378
0.32403576383852684
0.14117280030918863
0.14763863662815044
0.48063344201460473
0.5019205262930508
0.5646287638570276
0.4748977601956556
0.8936369982242931
0.02511899910512687
0.011773565105838478
0.0031327080079872724
8.854793079116074e-05
0.30002940353853985
0.0003430781412475325
1.4155077594191212e-05
0.30003132170504815
0.0003823489314684236
8.125130381505529e-05
0.0013942640192059262
0.3146096139778004
0.3763139022294385
0.6226041840393566
0.8012349817540589
0.6575007052839956
0.7200455559237833
0.6811838719438742
0.6729102867908834
0.6575201545184128
0.9140684746046186
0.5957687514607376
0.5804613932341968
0.5854875880342751
0.588336337663808
0.4760940494370149
0.0602789438107809
0.35851010277480166
0.3669006585451057
0.4587316236926468
0.39505808028410605
0.6537768419471341
0.6627645292347775
0.4538060511494404
0.2940197608600663
0.30620146071533005
0.05610745600061409
0.7292182256396925
0.09981091655171385
0.002249562054693921
0.005112657038619783
0.04364614598823047
0.2858209100853516
0.9987104583924662
0.047027821091390004
0.0009445714939520399
0.0038499520954403564
0.003488611816943687
0.00994157540186189
0.09435745315578536
0.998733644826288
0.998851164313717
0.9928025212167644
0.08728816795753873
0.004321485497092192
0.006420447013541852
0.0039040646869411442
0.005679282542160279
0.08777957975852713
0.9725399993519317
0.12841323965049914
0.07348265427021168
0.06978873930717966
0.25777688944643906
0.09599391407231196
0.37621232288032236
0.3144760772493663
0.001241881961118796
4.712193756450933e-05
0.0003701028763040903
0.3000178277984441
0.3000174714440339
0.00034581195108974723
2.6521658882661114e-05
6.734883203933783e-05
0.0013968338276048153
0.30337040154513506
0.005954742207066521
0.6711076569509533
0.6940857087296056
0.3158728788076889
0.4672949535680755
0.8808452048155682
0.07285700435378545
0.03447583059008815
0.027597909475484402
0.358115350444228
0.48043662405505894
0.35249504409420795
0.4951823105606505
0.46638838107766295
0.6669685149717128
0.6630050555161627
0.6786652838413783
0.09201692372649556
0.014457225720972699
0.3216293411923891
0.0245999912570358
0.32713918860308555
0.3219360492988374
0.020639198327211783
0.6910617330494314
0.6957651188541512
0.9943751534626581
0.986868688111999
0.6726412546306907
0.6624203302710576
0.4489784703988456
0.3210448148317782
0.3944267351146379
0.040682960678759025
0.039433349275142054
0.08775914491317692
0.6982765703461877
0.9972782968846414
0.998899717454462
0.012475109282769847
0.0007896381808301544
0.00028796492284224314
0.001750131299730473
0.989604181180868
0.9927495604866416
0.9923678383893455
0.9940047686084699
0.9979025728772684
0.9975057493491013
0.9982823327721639
0.9998830324047494
0.9996773734038833
0.9998646712429327
0.9997227021029198
0.004977780910067475
0.003861091754017065
0.010975527676517504
0.012883011632331975
0.9997029381824989
0.9984791008823395
0.05449163420454225
0.0010204441868087999
0.0006933464295301506
0.00028876646725192187
0.0012780157258379886
0.0016672904023911305
0.048455082586306875
0.9994660429495108
0.9432377214377534
0.9996548771742466
0.9947028894872116
0.14880811555719903
0.3360566682960474
0.2178959211629569
0.4950093886244987
0.005214054704628567
0.0012552708354575336
0.0031596368186680877
0.02008663815645709
0.9998330346166098
0.10341226754925176
0.00025057943624487986
1.9858220501844934e-05
0.0009562741300053411
8.110430376582211e-05
0.0002267073990758872
1.5656662374663453e-05
6.281387996975862e-06
1.6067267550268216e-05
0.0009671393565876096
0.002735315183229758
0.01535325815575248
0.9999952947528776
0.9999999288242751
0.9999948634584654
0.015227864739019124
0.0027988469683817405
0.0010299095690296744
1.5661157160351547e-05
6.285343114498243e-06
1.5660774118908538e-05
0.00022669164745980905
8.07978742931148e-05
0.0009539933377538556
1.834583008023527e-05
0.0002770872349346698
0.10484990994322771
0.9986718308018763
0.999666527187496
0.9982837296906375
0.049272177805953915
0.004688571310463574
0.0008819185410334662
0.005982397621720047
0.9999058618760117
0.003619895701923714
0.0004320583660918031
1.594542701421897e-05
9.18083953922566e-05
0.0015685788134162215
0.9984354223764003
0.9991980558287714
0.9999570734243488
0.04650779370736395
0.009156780245256601
0.0021356863774970813
0.0003002860750898506
0.0017169654873581573
0.9943599672543098
0.9296097527071914
0.9796888948040046
0.9831094881042992
0.999907060682458
0.9994311655090533
0.9386023777405559
0.9195751144127282
0.9376051612731602
0.9856558332669243
0.9989128395837892
0.9908598784495759
0.9498853359869162
0.9507709235332049
0.9321377578674754
0.9709286219678155
0.001864871336119944
0.00046733787672444956
0.0017273871893918713
0.008839080278976995
0.045653673441654025
0.9999906650586345
0.000869148265358277
1.6723273536045633e-05
1.6326757748852393e-05
0.00043312151464630627
0.003616475766998583
0.00609344775654248
0.0007877620351327108
0.0023400190619447757
0.04710128703447237
0.004740615640064616
0.00030813193713118413
0.0004033204088720432
0.00018854322254607814
0.002623032401159253
0.2561207350251126
0.9615842011640143
0.9608825267283128
0.9535055881747112
0.9195036912189885
0.9836537990565657
0.984491551259802
0.987990377701877
0.005921544424407465
0.0019844036634833915
0.0028478454331295807
0.008478438571095336
0.02076553099345104
0.10268127672959887
0.7585622084418984
0.9992596208492865
0.999972967287639
0.9999883821401541
0.7544986551504874
0.10230794698962749
0.019359824712616245
0.0065226862237660055
0.003459567545888631
0.0013033615789061592
0.009975931891931977
0.9807175841980229
0.8495579220036753
0.8033876370622206
0.8010576141824197
0.8209310237842498
0.8402931769531241
0.9085990357731688
0.9643078486252372
0.9505084244479061
0.9319291067970139
0.11689819654499577
0.028339943085020133
0.008221366397079443
0.0035387436286274496
0.0024089115338171373
0.0029663111220316284
0.004284406358465387
0.9993032100628472
0.996009835556523
0.9999297215042438
0.9983389686271962
0.9980067677555304
0.9964378960185847
0.9999468339071527
0.9999633995058281
0.002675226163524846
0.0012600648727928542
0.0007537895331608979
0.00434300017005268
0.008335058816978214
0.028457364262035253
0.12330380037778532
0.2499836102798353
0.2510892280977716
0.25055377964418324
0.24960813088358005
0.22859389198832997
0.9989110787184938
0.99581874179747
