0.9998265884218809
0.9992179452509048
0.9986216031826096
0.9994638124626393
0.9030184075041341
0.19232265609514532
0.06491411877827091
0.07046979145116183
0.14496130460558432
0.845898611577688
0.9425875566120094
0.9683256088963996
0.34230675306210934
0.06715133891229152
0.0011905769187698922
0.053088078179880926
0.0459172757344416
0.9720366609462536
0.9091109490078259
0.8851312354852809
0.967283249344815
0.17282753656492644
0.12186688965142911
0.0347421850979347
0.05745822250559185
0.3365125176963323
0.902298296393812
0.021748727571287207
0.0033810654605812562
0.0036096183777775126
0.1365712244687891
0.12562042055340294
0.23304551505390625
0.7588641832769214
0.9299075098731759
0.2249260901887442
0.0016785067937119535
0.00015035750632075295
0.00020546123595155397
0.0023012504067801975
0.0002133312304942736
0.006624482408745691
0.09684385667297613
0.04125860327806807
0.03388029927592129
0.021012472572336183
0.07294721958175221
0.9625459747911896
0.9943121619210608
0.8991435150481166
0.9799252008753542
0.7956585508804408
0.8112492920332149
0.8216657981438109
0.3300903870733489
0.010163408032627386
0.08454327727543487
0.46117438987315085
0.929124361859754
0.9110242893243528
0.9093641018351558
0.11408890912318959
0.02650513286131051
0.17593931316173916
0.17337080955363682
0.7163024587005802
0.9022783973859763
0.7531723146765144
0.9976694900538224
0.9965478275116538
0.9950105280082053
0.10158299261101367
0.008974057957644943
0.0005409253531577507
0.003897436161577228
0.88147896768347
0.27256813106386824
0.04723093719378957
0.011716947723040438
0.0040965529856221705
0.0016816156772431201
0.0008637588692389508
0.00012658005648158444
0.0009854943406915062
0.003363935032932419
0.980690963422741
0.9529568283135499
0.9332334011075917
0.789043177198466
0.9913286633808924
0.6886471074703551
0.48348199478181897
0.8205002291925372
0.16827246293658482
0.010502586267247427
0.0009049110169976338
0.0037002903758668326
0.009407094469810584
0.048606315282877066
0.24620090213976087
0.9991856781417152
0.999538436862502
0.999459489218054
0.9989878800762313
0.24638073928085835
0.04252210518292454
0.009252780656705872
0.0031165531612172837
0.006398168781560187
0.009814237655140223
0.007118179635493882
0.6774701265060127
0.48686760035200216
0.9789027176667613
0.9898487510836107
0.9236224021427833
0.9500796826896908
0.9296280657497139
0.8670633842351703
0.9994131599353331
0.0027351927040303314
0.0007116156978593802
8.790378320422398e-05
0.0007078136746454522
0.0016617813626160771
0.004093663328149422
0.010595589225383284
0.045979573876448354
0.3161222881590361
0.9784840214582831
0.9267396492702435
0.7713155583554758
0.06271706118448828
0.042549854858835556
0.3757697988394021
0.7406314636680308
0.4708508448153488
0.4688528466604712
0.20905964736052973
0.5715329133192222
0.9003241485710444
0.9098211319849022
0.9019674458029799
0.525380534001706
0.6095602540379972
0.16197281535686148
0.15725117547801515
0.15285012898923944
0.17262072859980648
0.04224402397140736
0.038896466269238816
0.3756461261446078
0.9768926812598686
0.4766364083021344
0.49170389885928145
0.5661536191105824
0.3957310551439389
0.3833326000181453
0.3771719653815948
0.6287980513758256
0.018387080046905036
0.02038927087434428
0.013413433183745327
0.060161984999099416
0.3184248028099471
0.4300740833442518
0.9055668118309428
0.6966814087827768
0.005262027616151133
0.0017072442904825236
0.00209520156897125
0.011149149614593568
0.6228997783113843
0.37200742466220105
0.17500262896906682
0.1725824380304798
0.05082858887995678
0.6740794263149467
0.990704967200329
0.9812288519631877
0.9000000324751364
0.23104948690619775
0.2628279876588533
0.19615266072244364
0.4169826537227266
0.7215238322019522
0.1091238023039125
0.016703901379483854
0.009737022329516454
0.1176811021145514
0.7945363309395721
0.892399384833675
0.904447040399706
0.45387579468815475
0.4164079472090664
0.3819960454419308
0.19632495685961981
0.06882268193775765
0.08823551428212884
0.03228756284943968
0.042617328792856735
0.14889075838040178
0.5494293984866472
0.9412559073834218
0.9648697819465097
0.9344140061591811
0.9526841360004069
0.8583952106713324
0.8293580155591037
0.005408013251181676
0.001312146894304811
0.0020008218482993056
0.0003921783753374486
0.013352690857180827
0.12749518100004442
0.9965131256288496
0.10674122375325246
0.0055679954545823085
0.004466403503047833
0.016919049740862002
0.02321542852025471
0.002332642396961515
0.00013913440684187872
0.001005009356974118
0.0018321018058804484
0.005259417958384249
0.0471084938726668
0.46641562200524256
0.8318165800485738
0.688692861768061
0.04318631977665899
0.0028176699385471515
0.002274171903187905
0.002499612671178153
0.0006948447344059527
2.679173789787992e-05
0.000105477664477438
0.02228546746851523
0.48792591040473343
0.9745103436604309
0.9834235589753445
0.9971361691279861
0.6663779181477901
0.8974891820909984
0.11308075320605226
0.00031207717935921586
0.00031405289681096793
5.2883437872797145e-05
0.0011666249656542282
0.008054266295755452
0.9999982872044005
0.9999999620450586
0.9999998004743365
0.9999999983349659
0.9999999993033423
0.008063891499749287
0.0011582360844827333
5.1157752994024364e-05
0.00030692381604202623
0.00031815312942062857
0.011214613030519183
0.8060843420589772
0.860516667924766
0.9702560722304959
0.47363982224829704
0.022276289931513205
8.857558577768376e-05
2.476461454437029e-05
0.0007038744068034175
0.0025067256793234183
0.002235402797728714
0.0028131091379506312
0.1932782500038206
0.9766132180266301
0.8732649155704607
0.6888307578056303
0.298164993811074
0.04722898834383704
0.005248137964170341
0.0019960172403273857
0.0011959726405609272
0.00010245906915429259
0.008917686320550122
0.022413467870272652
0.853719092842574
0.4305728009077643
0.9941297430971361
0.03474890335123437
0.007259286277572219
0.03825656678240874
0.015015111301186934
0.006246138801970114
0.0012370735890984141
0.0033649553081196437
0.012981188760427198
0.04610125213778904
0.9995987477087458
0.9913457914183259
0.0668527300612699
0.00021258990411310297
3.54098894206345e-05
0.001924905120449516
0.0013194534959569681
0.0004009940382260213
0.017609475842884192
0.9847855524493511
0.9732149746387094
0.9999760523070976
0.9984054967712486
0.022325588778614902
0.009388350790750843
0.010388949256051383
0.9611867139296021
0.04574786795945829
0.11010529356583798
0.5259569429123079
0.3241030372189222
0.7257770798385526
0.5255204196321686
0.7731163067763667
0.8879322850995026
0.01843482792198048
0.010558706295432763
0.007072694771499521
0.007898283221414726
0.018179595890793987
0.9999891595925001
0.9999387771402438
0.9998317949993791
0.07987553993308805
0.007061622872801099
0.004086731574369562
0.04320082270500347
0.9821057786288874
0.9811210922008636
0.9982612944563855
0.9857123988149358
0.9842201575988974
0.9746200236503779
0.9608869483319111
0.03695556650792631
0.0027779393287603593
0.006079230071161068
0.0844309798431222
0.9782397523140353
0.9707282523210118
0.9995016478748957
0.9996824725495849
0.9993037157789809
0.018758272150692146
0.015376506807684764
0.0072121081446324675
0.007353338651452157
0.02410326944837593
0.9870943942117553
0.6564512724397062
0.7462832394725389
0.3171341471959195
0.2625826388374458
0.7751643321866479
0.10262161201602737
0.061221475945057335
0.99773985358717
0.03206106175072132
0.00846210811406023
0.05670726172874241
0.021719965356411408
0.0018463693003697434
0.0012231015714957438
0.001994442008097841
3.257421349645018e-05
0.00020792152322823831
0.05808280515244446
0.9992159577030556
0.052298852873996604
0.007475889734727126
0.0031173087386114906
0.0072080255100651636
0.32011928757406893
0.33186866239874324
0.36276647380873406
0.03829581972870599
0.00710984309363627
0.03113329116780661
0.9812907798533306
0.43024666244454846
0.14020448808710617
0.0007826550717696668
0.00029470872826153904
0.09936276821345502
0.9915998558525834
0.1215814620352812
0.01402931268764962
0.0015522569252911511
0.009535507840967128
0.010802401410076934
0.012807052479348768
0.9950450821909268
0.9985468840455096
0.9977097514412749
0.9948019032822634
0.09789603394125357
0.004292246937966149
0.0003017583654175704
0.00333529036822533
0.005686250732417908
0.00484540196221761
0.0062462488894008406
0.21626979406152624
0.9816753638243485
0.1858623473991582
0.2535185600862937
0.9965815934085549
0.9973148370483454
0.9997894615058321
0.9945283653203195
0.9975023892013732
0.9983993678661742
