0.5395655389603569
0.5504332052232762
0.483356655311043
0.4734061713949199
0.6866382816927709
0.19967909648236382
0.28718067585533236
0.5985256474315306
0.4588475157466876
0.43936775126830896
0.5185045434286826
0.7379917494067962
0.9621045074361508
0.9045401571363316
0.9159269308864378
0.7413979657996004
0.6805826207237333
0.7414492659051481
0.7329849962811655
0.710835394199699
0.06482462535292788
0.006039312612486247
0.01776595992994312
0.053641123669049495
0.0896333168176987
0.1117958664487464
0.07551643462137503
0.10846094112970706
0.4347654850466216
0.996515657542456
0.9981978658936624
0.998490665880672
0.9274862686268093
0.5725737448015313
0.3335124163213474
0.6877349901992702
0.7816202502745264
0.517098008053708
0.14413337892968903
0.29295733153393244
0.6601005235270324
0.029695438040201583
0.13667813075459068
0.10757836701917256
0.8953130819844899
0.9133515722205452
0.9962546228908779
0.9298631554688331
0.9226864057030826
0.9221747671351904
0.9839095090640465
0.9981216907887317
0.9107219293805981
0.09821037482522099
0.09756557257165177
0.10608303473461911
0.5228297283353549
0.5022313130741214
0.7249114702147377
0.43136226341615536
0.6338264782743183
0.8095816805374022
0.47344970802734987
0.4939750528323401
0.011150087968822997
0.0037681153348014806
0.0012538281924573402
0.029613601240396914
0.9963613658886126
0.005913923476098537
0.007153530648562945
0.9994617369209866
0.9993357945138347
0.9994114003431823
0.9992931936015687
0.006411956396219498
0.005619401003336022
0.9982632541296615
0.03254850249328123
0.0027916214375629522
0.0055400835057579645
0.015704037036055274
0.9965791372627817
0.4405160413386181
0.29168643701688135
0.055272915539495315
0.10922262715465925
0.018646346846505568
0.020118985576688675
0.14094037912445156
0.05054527680805876
0.16043666849883775
0.05816249092361303
0.03313446094577621
0.10092955803890791
0.08477234044707471
0.09502856845249241
0.1313976260863472
0.005076898749739378
0.0003933464692045252
0.0013496120643602394
0.0016796607440516809
0.019221244007898042
0.9999233791807909
0.017418398740413177
0.0005530507706947851
5.511961586102121e-05
0.0006742703007973638
0.003195350597162694
0.7812559702139222
0.007509452849019049
0.0009977206155401541
3.978720575414929e-05
4.4570234883578586e-05
0.0029130090809404985
0.9999835657069996
0.9999834289070941
0.9999833994729365
0.9999863074194434
0.0029331326223149823
4.0526098594728666e-05
4.031508427082553e-05
0.0010269349994994625
0.008798573097077211
0.9999494464744285
0.7810566688960471
0.9985917008423528
0.003233272232532225
0.0006684314294229665
4.6319264217609124e-05
0.0004956236764496191
0.017492987774811453
0.9989695329432843
0.019662475761201836
0.00198613659362179
0.0016304219319838165
0.00017935462247853362
0.004977554322750155
0.9955548926359161
0.9919055263234194
0.9837451287099653
0.9680357230453407
0.9348847255227788
0.9190586049993462
0.8887575753766087
0.9221072959006122
0.9322253077743137
0.09655669061573635
0.004078186144849116
0.0033108248039704913
0.002376439301083666
0.07271448229802291
0.07368207282711547
0.0761015118937719
0.019195826291564466
0.15581235379329694
0.3718916415739181
0.9248663224935998
0.9293356297104813
0.9418420472411199
0.37868690858636944
0.15458874873197548
0.027449143076158533
0.06813225809683043
0.05330118500278935
0.06958761037713379
0.024071260287943597
0.02206028524098891
0.07210853914516191
0.07974928259310698
0.9353889256985861
0.7020106966005488
0.12202921622079232
0.11167199968205743
0.4552849802746073
0.8593117164986823
0.5595712564499634
0.5671724092066694
0.7054180035072153
0.8046911529219426
0.449771097068177
0.44268259084008454
0.7076684161690512
0.9481303192010203
0.8208799197692505
0.5745864034472927
0.5658622025867832
0.6206244025674843
0.4359817483976287
0.42279871802945135
0.2502351456397275
0.18663944715376923
0.17264849859416787
0.3302951873216491
0.7468589896381568
0.77017735866839
0.7766530464754187
0.7457857216925022
0.9196123727618395
0.4088099932459347
0.17924468528566273
0.16014982905350883
0.16947492402842257
0.728171915202428
0.3754365198151417
0.7688249537442324
0.27117650073932587
0.12792891932335237
0.6095778609047288
0.24860226086513604
0.2991259791034646
0.39489156317873797
0.5060117426430043
0.6356412177427484
0.832885674669279
0.6901145495148648
0.6599297473360972
0.764286943844573
0.4459160042766863
0.23473919385496522
0.16269739826748686
0.13372557895615544
0.16543870973029484
0.56553420645855
0.01157007525877174
0.028681623707415005
0.4826841950227956
0.16923899289614663
0.5724695744151109
0.5177342472086381
0.5127065966228666
0.5149955425044388
0.5477435810554621
0.986153891958092
0.375648513398653
0.4563458488002087
0.4644144494530992
0.05634986159275979
0.0534664098844686
0.2569841201671297
0.6506662846613527
0.02165533932293129
0.10426138633676518
0.0895001447771131
0.05973073481439295
0.05541129381897214
0.07033443946799367
0.043093115753059075
0.08951858336283358
0.06250007916971168
0.0879277292785321
0.5418555024173122
0.9448050160050889
0.9913220599906641
0.9372763020431352
0.930832198947871
0.5170084941820996
0.12240011801368778
0.0940578513055248
0.0888822412117849
0.09023331402744939
0.05032264367026407
0.018810871420909425
0.014376797845936151
0.05929374347815197
0.9589442730450494
0.9611904470309728
0.9912313606641634
0.9878730026809834
0.08899445896221725
0.03844382527005452
0.037958214646877764
0.042943956896516755
0.9878585149703688
0.19636941674415498
0.001395914139142973
0.00235902810909816
0.006640340932033917
0.0001595048615683492
0.0004091167846529409
7.27428637138372e-05
0.00010006326407907551
0.0025884600529516577
0.026629437839062464
0.9997155482531296
0.9894113960261787
0.015335245965656608
0.0036604979080572253
0.0034176472692566406
0.010964929446793947
0.9754154416775602
0.015262951392693735
0.0022388783950492153
0.001892364806389435
0.004527248774583326
0.01817071389824554
0.9997555493702491
0.9970346667576164
0.0012673483725829104
0.0027371636277243594
0.013938773794845427
0.9970413189685604
0.9999310037611918
0.9801976286252803
0.9999445772565887
0.9998213333879561
0.9971059871646657
0.9973889404543598
0.9878225797007953
0.9912603177238408
0.01765457322503783
0.00017081364229454277
0.0009269529826397838
0.9999639375495624
0.9999740881766872
0.018064022022724613
0.0045015684928408906
0.001935400154724709
0.0019696814506365845
0.0007627238538172598
0.0007545269624285034
0.0023065756848238417
0.0051849449534360215
0.004621089959291114
0.9997126844893309
0.026941203465687957
0.002614120163592526
0.00011745609478142072
8.919077959135269e-05
0.0003468957796682881
0.00018256313452125195
0.006641219698330203
0.0018219586504963914
0.0009014240771739734
0.19411887959836416
0.4809588950419518
0.06227153579854394
0.016859322252373743
0.006632773980570716
0.15584098806917746
0.9970500563909552
0.23524936177957534
0.012996008123512981
0.005462174065547831
0.004831087135678369
0.9789133483191111
0.9787280962717739
0.012392289473527218
0.013654686908088687
0.780734899036377
0.33876651826330983
0.41557046615717375
0.06985644593883655
0.036954958637575586
0.0768744598022173
0.6174507748230542
0.9692668697357997
0.9944602481397415
0.9957297538301846
0.9936891349873702
0.9934531829485309
0.5064902011375783
0.1284221030590983
0.02967493695899215
0.03378711011840985
0.15703758880920815
0.9986189128105329
0.7840118017318987
0.9738684888712141
0.672640111886383
0.029698813151702086
0.10010172109874527
0.9724990806381234
0.9736648303221558
0.004234894026087566
0.00623427199677673
0.01815929815467432
0.23639482465344253
0.9877463435922348
0.16005724045315983
0.006128499157950884
0.010696533364577876
0.054482950163971866
0.2829446023210447
0.5730704306923287
0.37200076615388056
0.3409398596575499
0.35365347386536183
0.4774779732370408
0.3010814660069192
0.5396746601364644
0.003894004973111098
0.003153878720959402
0.004133272717749326
0.00516234378656244
0.0011124087439977615
8.909136564005937e-05
0.0010281176944447745
0.0007839583311956
0.00017424301049451252
0.021008020696226204
0.9999335884500345
0.99979944824565
0.9999627618743302
0.9999375248200237
0.9855372026711586
0.026627362382823927
0.0061501793276643735
0.003478432911108942
0.000999510579187124
7.171917878900924e-05
0.0010950744147089075
0.005100496759539941
0.003967195953007874
0.002957148101823237
0.007460283770486131
0.6239242962119749
0.5312344956856327
0.4934399209935264
0.501731544787748
0.9981668603714124
