0.8389922273534948
0.391395018302394
0.5574198461865353
0.7266543794436591
0.15908998205615954
0.07164555511220816
0.08399292240488965
0.1494174254524393
0.3190410510106553
0.5077783454639653
0.9360814580018909
0.9251725394759113
0.9438846542262586
0.5155684794029588
0.30194792770227263
0.27047541388838225
0.2780396273616498
0.3075138234251684
0.42573801854853377
0.9502537819120211
0.9717565201906685
0.11870044584474104
0.034337952780522984
0.1144498207499951
0.1283490442115005
0.19414982471766473
0.1733673712025069
0.22913954082235966
0.48032055934856344
0.8898563340369525
0.9606611098003829
0.9032662401798919
0.89214240531574
0.8880029056105128
0.4731322214119885
0.282962942989732
0.14726988177652622
0.03981383457014254
0.00030324636883050093
0.00015253595569320044
0.000977832237970211
0.03468699565339628
0.7367701198074306
0.9331045576436929
0.8896177850601094
0.8783460956519733
0.9144822741001177
0.7853711837990942
0.5173068170196737
0.4810969688777913
0.1594377949946708
0.16503471927290436
0.1740752826219163
0.26019640913621656
0.09908978393097323
0.5824160583179296
0.177212762270048
0.31874479590085736
0.2721655663353293
0.12031497214699782
0.20502287912267136
0.18139234414379368
0.2811706715503427
0.15832317099733761
0.11607269706948853
0.18416621797235055
0.6143828638693484
0.13511470009726056
0.21650065546248198
0.6108428165506359
0.19386994161278714
0.3411665367677399
0.2631386336386595
0.5900313349381834
0.6673520840187321
0.1832856676482998
0.1442196144457989
0.1915689653443895
0.5425841881066575
0.5374085519859693
0.9933616520407565
0.6643864988286861
0.6057237766663905
0.593866229192296
0.47059546968778654
0.8454273431092492
0.47988620312682984
0.001965353008597792
0.002391042198093607
0.011079037322125562
0.006131770729057351
0.025033549193702376
0.5546187720374129
0.8661549378903198
0.4180279390173318
0.4178421803758512
0.15051051162720874
0.4603705202157319
0.05736453025073107
0.1057225635216128
0.566222094375324
0.4089566853059846
0.43999184219006193
0.8247551614513259
0.4340752657895748
0.2959742234146937
0.20544359169482107
0.20557893904041458
0.48543579855519237
0.40532964149416373
0.3782100484982793
0.3317386250325851
0.3859975588312313
0.482046910164456
0.6924445733898648
0.46818396885576363
0.3070525911316746
0.30374605981625435
0.30068363708370927
0.3635465281687993
0.35033538815820753
0.3919771129857015
0.14017882409765736
0.10794235847902789
0.034103857576928576
0.038183106781576104
0.032550502246349255
0.04164222823633268
0.9346286277987792
0.9157162970518269
0.873892239904178
0.8820421085461594
0.8758069356927963
0.8752266483786935
0.86226151994995
0.8586295770635037
0.8170622599222033
0.04955902121956923
0.11300292861778982
0.12867751655266124
0.12250253398396871
0.1341686988423133
0.36212414218246325
0.9666206224580206
0.21362050762461826
0.07525022707568818
0.011541621601377838
0.00035561122964111735
0.0002431933021026511
0.0011156776259773071
0.0023075765654178015
0.013918303402018384
0.38953998446100824
0.9995267694477759
0.19316853359762354
0.08321908880968498
0.06527960374276387
0.009244940205511587
0.010458951403960581
0.1076649413766928
0.9207703770942396
0.9101719268169822
0.9805452706068359
0.9432008285433917
0.9839943988599137
0.8987848106318249
0.8563090686459268
0.9278012937571336
0.428988971170813
0.22610239001282828
0.164808833107559
0.19501016367934842
0.19262909888674162
0.2563897026171419
0.27772186242568486
0.7908061208703029
0.8658689080633141
0.8565436513783999
0.5572095672181617
0.5364178102399804
0.4956224005285883
0.6684322586988868
0.4607365294801007
0.45794313070932136
0.43958426402475037
0.5510024313838084
0.7285154972167909
0.42802050780978484
0.15857350646091606
0.11926942618159442
0.0842650950380559
0.11275634091726916
0.4554312286104655
0.899543042864235
0.8719905943448532
0.8969631962649594
0.8899445881990311
0.4655396002706831
0.14475827265266616
0.1675062395360628
0.1348312802753191
0.12767002185666354
0.12928151537188104
0.33498279011230314
0.2445208909830251
0.19766425226285544
0.25194117023498097
0.5807379051334716
0.33795699426646764
0.22470037448797142
0.28095398047791076
0.34579764716243144
0.364353742903439
0.3679214607072063
0.46218981430119643
0.061047963564212604
0.017039180091790063
0.04115378233302591
0.06574509560423458
0.6263213718870507
0.3527244833936385
0.14835958556856443
0.9415820767007423
0.390262002650394
0.013608177727713944
0.004866867679832021
0.0002812857676625091
0.00028383030043754864
0.00029443916701055173
0.010333478961440212
0.06397956635154933
0.1570952246564694
0.6470411519740575
0.6129850573982387
0.5486134184149102
0.550821031257216
0.5900179415397844
0.4409683940529454
0.3915238378300385
0.43959874832760126
0.478198156700959
0.7779933271226757
0.7161517460703868
0.6979827575238986
0.701822690846637
0.7637375385039855
0.8659969220291067
0.8614089614326177
0.7671936674847954
0.3821377323056947
0.414488741074575
0.45989475783209144
0.5850669633559775
0.6235761467218743
0.390951003731947
0.3325646353063142
0.40579856868192654
0.42668752427567747
0.3939913147642682
0.39740716414903254
0.4112383165855583
0.35630693700833993
0.6926362614567264
0.6254168568837198
0.1591904714158351
0.20304688512584546
0.06941495805644982
0.08361549063993978
0.16122702815526635
0.5381367234565965
0.6330161190881536
0.6989042675031965
0.1659113644025284
0.18093080967437714
0.18744020653359905
0.18020017141575506
0.19107078225520258
0.6290879888993504
0.5994157882139887
0.3054474541830601
0.35318189831081614
0.5174560980151288
0.5346198318366913
0.6481769371057506
0.4980915280347791
0.44903078649811035
0.37284447770602824
0.37650901957719785
0.4240680495961624
0.693257452478352
0.7806439673793211
0.07909651231189285
0.04004889767718223
0.03017541357082565
0.026884255217952235
0.032302029958179435
0.06126973541932834
0.8868720704060847
0.9027463466688495
0.9700470994192769
0.976762627706972
0.9645346831772237
0.3506494709296136
0.3330174211483381
0.2925161112445618
0.3175882242296255
0.8376199538990184
0.6504950171502659
0.7205537972898354
0.8782884240644684
0.87751847071216
0.9151074687261828
0.8398219142150032
0.642919922055305
0.6013638975517661
0.8901676770134085
0.29477778196466475
0.28186158020746044
0.33011661665206327
0.3125187796104216
0.0714092503077921
0.0568365101916396
0.07128066658539667
0.08355997235275558
0.08142656500454737
0.0643804008312483
0.5621927494209564
0.41032343823360984
0.27612714119814785
0.35684622032518476
0.3968108798747547
0.46768324229486624
0.33650166284002925
0.2557518759007278
0.27743172522643844
0.07463496313815965
0.20362031348901632
0.44704496966352403
0.7005099712926854
0.8486442750990253
0.32480457898825643
0.13109486905712942
0.21290490730629008
0.9194984009626668
0.829482434294672
0.7178512184873114
0.6990489168810909
0.5883502518262912
0.5982618092360243
0.4759729886450683
0.6090425076270756
0.7941482118516354
0.8092001701322353
0.8706361234071505
0.865732560384793
0.332344404815503
0.0698720943933665
0.04620458225207791
0.051259552761950156
0.15040401096559308
0.20261165752521204
0.9950973458919101
0.1651907792182089
0.025597172116900935
0.011666532543132546
0.008921328031997855
0.013771867528720172
0.040725452209411706
0.0395151884161794
0.05375841138375825
0.8708541882313326
0.10562609628655817
0.17802734652241892
0.9928541934913343
0.14659042387582832
0.15547351806525722
0.8457960483932088
0.8305236161603027
0.8694717259157447
0.87197209342178
0.8714756268367703
0.8655172975748786
0.8664031374113972
0.8549273306812188
0.037534466158788304
0.13569165715955345
0.963386747711727
0.6022832669475482
0.39955843990732387
0.10724537456946015
0.8659260497604758
0.1406038807214547
0.03306001956624549
0.039089237059352855
0.12647797346207212
0.12368331131385557
0.021329509900989363
0.01883513665441372
0.051608781146871396
0.8724693089377504
0.06985858524907973
0.021291199177426723
0.02225742508911055
0.046013149491598404
0.08757748075652005
0.4236715918166617
0.7899280150383179
0.22762582603499815
0.10726888418016245
0.23677427923111272
0.13599625815366956
0.219480401475314
0.8660741552469747
0.8455436624550672
0.8506635977766103
0.7726666071013323
0.22896305168389997
0.04274530961529288
0.028254679060451537
0.02653327299356356
0.21303255749233097
0.7919966309283321
0.57821394344615
0.4113280129025747
0.5785068544698536
0.7629719701008666
0.9014256085503212
