0.9948281137563507
0.9583389586797637
0.7301393969489789
0.023010252074659232
0.015811470372232517
0.08228295872572045
0.1950608647667399
0.014054854751409884
0.0038391663503866136
0.032298403056254754
0.019313041885982596
0.011760504905415914
0.08083019233408606
0.03090923717203342
0.02670401381789511
0.022678945672994777
0.3478858440350858
0.41121568563233435
0.9778086304102865
0.6983446867135159
0.3367455958731703
0.6353383377313996
0.26157692849174474
0.6333668331572306
0.1939311770112757
0.3931152795806816
0.39622910831533975
0.9683013226264194
0.796341213494945
0.7799360861424365
0.4745461992191624
0.1830118112600877
0.8045106183155848
0.9903628725351515
0.2516835991096261
0.14519055811035664
0.17555855587000146
0.16113919613439676
0.16220115642673938
0.18658745713193148
0.9993524128909886
0.9993757934813555
0.010460987293955504
0.007383642743930108
0.8206015449627369
0.8199387828196123
0.8223256227172157
0.8318171365370544
0.1827935808179464
0.18143838467828222
0.9997479208670329
0.9990764867142619
0.035255089771788595
0.0007090053475625746
0.0018046338817023777
0.0031886725651140146
0.00472703389458895
0.042800664674549016
0.7067142160410804
0.7187243757754506
0.6159856899555133
0.7373504286777899
0.9734896931753124
0.9922615602760803
0.97040654478387
0.28850927312902486
0.13521717273345835
0.21317785523759702
0.35126846216044916
0.4133465672044734
0.41320283704889005
0.35851129795608916
0.766389788838277
0.6188265716914196
0.3978388933813197
0.41265460307109114
0.29401854589134224
0.25232211060411247
0.4232322644279677
0.9515841839771094
0.6797886980206822
0.6895867144659631
0.8705531077436437
0.8917122919281674
0.7817013849131624
0.9543176844588419
0.02845225106901761
0.004765633852055751
0.003935141924349184
0.0016476631980641976
0.00296864399414698
0.017239318541931503
0.3152866370986269
0.7419901994657278
0.9984311219627053
0.09742309332353005
0.02051030583320046
0.1049832037325179
0.9953860233733791
0.8733373562485289
0.026402758943920634
0.043249931659884555
0.029160880685276558
0.002593229092504923
0.006313280258165022
0.008085960710108253
0.002349393530982291
0.03175965170072148
0.12243207668016132
0.7187879527024255
0.13454982063210175
0.1892970566286235
0.8455584177180278
0.8718562065260425
0.3734968242517407
0.5077419287813016
0.9136058746088278
0.005866929623552286
0.0007391650504157132
3.981745009939974e-05
0.001389813609042223
0.0008070402284913181
0.001368279047640919
0.9992338025195073
0.9993659860000754
0.9999768672106859
0.9999881644886118
0.001953318853569308
0.00014427390035320897
0.0014231324216035235
8.390264501079159e-05
0.0012710637795635416
0.006066126826687168
0.9986469307482218
0.423070692917597
0.5614195648582099
0.8156084838986114
0.8463045481731559
0.9961379801111518
0.011332078992637773
0.011753553226506841
0.7492366542069275
0.060435873624361425
0.799483368857864
0.8284270553924408
0.8937325515569754
0.9179900369619787
0.9235621024356809
0.10822865712712848
0.005627192262483094
0.005133605176415701
0.9983101135205585
0.9974363950949825
0.9971642872953714
0.9972694768746335
0.007019725514113673
0.004885249296259442
0.11579649557196137
0.9898133611544556
0.9952918163937471
0.9880862401381405
0.9690680944553838
0.10201219691066399
0.08337600196992878
0.35224968049959504
0.9238398292483951
0.9220332327288272
0.9998027910833582
0.9975076262439846
0.32696014261567763
0.2740406764659342
0.022097190764923225
0.2019948098263047
0.09997893304166983
0.09251549248291902
0.02546177516661796
0.010442803644264753
0.07060863775727944
0.007264946341617118
0.024551659226495715
0.7620962282528148
0.0854288998829752
0.0674513322111201
0.3210463363951994
0.09798088705321939
0.014309282214727825
0.0004784608190172568
0.0006985337704475958
0.002667447557000324
0.0014082714279574082
0.05257177147921521
0.07167270382574409
0.0347527152787902
0.03972635602898955
0.0428621803871847
0.04816346775853819
0.11575959731646057
0.10624762123974618
0.11440237081667137
0.03765458779037634
0.035073145204068124
0.11003724849366936
0.9862538302601479
0.9754439835930974
0.21847472016753733
0.01110892461414592
6.373642076262787e-05
2.269598442550258e-05
0.0008008833713779584
0.008397247744230896
0.01200258828685452
0.012397213762735504
0.9688659631067222
0.7268667966371622
0.9999361009887543
0.9999999054456438
0.9999999783803105
0.7672138200577705
0.9597215897066688
0.0007572133867455033
0.00011950656882453448
0.000861426432118173
0.0009105448962518636
0.00013529494170572143
0.0001790588189897191
0.012992561233741706
0.23743479789546085
0.08794361134455453
0.004317194014959003
0.0020232448094459343
0.04780347739468904
0.48293162547789004
0.9282883161983851
0.5655391549152142
0.15267777055369036
0.06851864786905448
0.06660047835912697
0.06661695161607817
0.0011787660372589714
0.04111082314699854
0.8993488921670538
0.19424198833112682
0.10225758656465844
0.09887479505981223
0.12491328449272232
0.024560576869987916
0.005516768595582255
0.01151681424657336
0.056507039826252825
0.9618140066406237
0.9806325234292913
0.9776360966551051
0.9744668517987501
0.06628677141831596
0.011674020892435744
0.01799463366351739
0.01357515834240397
0.9936563536378559
0.891541051154083
0.8984577615976064
0.20399251033503019
0.21929111237111232
0.04460393700495846
0.010631280392814135
0.6709226862490876
0.7008146360997233
0.6989754543399589
0.9986344149340955
0.016724367214225988
0.0030605477630264444
6.495368981362937e-05
6.714421481790467e-05
0.0019491365412247497
0.9999863516716937
0.006194388008851859
0.011824237878897748
0.026793475844215098
0.999991908607713
0.9999994110221705
0.9999936385573265
0.9973931936854487
0.9976266238015082
0.0292929571740147
0.005386870166585123
0.014875037268319513
0.0019241312137316946
2.485364217330588e-05
7.380281391033972e-05
0.0036546822585331595
0.014799526196277668
0.99927619394839
0.016975916680831316
0.003956109393858931
0.00021376533392936103
0.0009450272829796269
0.9914339914137346
0.9919486626799524
0.991129062623275
0.9959052561452794
0.004987602460039708
0.006533256535201093
0.008857021810541932
0.013098698011375864
0.4454500315823464
0.43941867394742273
0.9150792064398238
0.1258704640960424
0.10623351480419685
0.1301389644466454
0.6439401353006474
0.49204021172403944
0.043313518483155566
0.23355879169418226
0.16711191123039426
0.2016954955950725
0.9964352798277168
0.9980195493676213
0.9144390386931559
0.5178264751684754
0.26983707028021175
0.06822505819272773
0.4007115052817495
0.04153235342564143
0.44132234061317865
0.727385532823967
0.9489442029055283
0.9755295636093642
0.5719121741121034
0.29939004971896355
0.5615894977614215
0.18326691159691255
0.21322745338631455
0.3825790985016523
0.7622762908865308
0.7607253511358798
0.7770316403578743
0.003566548940504677
0.0008200699247604692
0.0011085280410714216
0.061375626698150554
0.5845994835291727
0.9765279000644115
0.027401323066142624
0.010476941684810837
0.025963274161719396
0.6916985752484985
0.03353299966414269
0.0547299508923762
0.43444742312420626
0.9504036727091509
0.03241163944653591
0.03860165408494243
0.002721321920593711
0.0027661323627786727
0.018083991392791154
0.008204951621782919
0.9243326175034254
0.9217486458252758
0.18494084535495103
0.05959093160752782
0.007458072710894714
0.005407517007975926
0.8271327366952437
0.9963178688614439
0.7275175817193272
0.8180955944495205
0.9487377499491643
0.9689319709975425
0.06070568110789165
0.0005328656769276741
0.0029630475950368496
0.003590140063662428
0.9720653438567699
0.9726614158358705
0.9726063596784305
0.9390898465088958
0.005144255531579489
0.008640147574087376
0.0559714029367947
0.041961702072215945
0.9151580466970579
0.7120617892362773
0.8178008342300186
0.934323214900096
0.8150782038100604
0.001472311261296655
0.0009273849800806033
0.00475587289898638
0.14474936954485051
0.3913074359620412
0.10721647172945992
0.037323773743013655
0.09460776985510733
0.9968496291118231
0.01141567887434436
0.003038613597681983
0.004571274347391574
0.004134653446559611
0.003842398992593421
0.9914189316154269
0.9882776915365558
0.9884448105067227
0.8530676388771816
0.9947080692277617
0.9756555536674844
0.9721633052098657
0.97841634934939
0.9757019347678251
0.9972560823351547
0.9883421560426777
0.8537611844010505
0.9881151802782595
0.9688536452277122
0.9506974420028719
0.9751950706647297
0.005459026892790542
0.0004907903589141949
0.000725619928752308
9.97188464003651e-05
0.007426933328547158
0.9986962319324574
0.04077646992128925
0.032637444287349604
0.10592453677682523
0.3681705297907071
0.2476390181068654
0.05997690889040608
0.034298539919400906
0.037060491518406624
0.7609692781340263
0.82258751511175
0.8617119861678272
0.9632105367294076
