0.6976241053862886
0.9767793642646222
0.052893787126950365
0.005385078718177949
0.012389374893497118
0.9716280854488004
0.042055650040633275
0.03083706319112489
0.053181205841498436
0.022307264853247744
0.036876364472754775
0.02706502857319648
0.7066173573079058
0.9810721619351189
0.16903924461967446
0.019342840181018284
0.00995499454351223
0.013402392526566942
0.014197748626402107
0.016011903689100326
0.02136598416961555
0.03691473391268563
0.062433806080410936
0.06548916290848039
0.16873940317960268
0.023594091122598027
0.07722400217521919
0.9986631802172795
0.05086276825762781
0.0022011450847451153
0.002011176946589255
0.009039430598748899
0.3127258536798816
0.04725192629091757
0.03458527594671157
0.09424051476985307
0.9677367478827731
0.987882996489934
0.9031904355610074
0.9096889867401365
0.9013765589918937
0.11805944601197949
0.07484921765558183
0.045404793081844974
0.024736508462597007
0.030581194182323745
0.07255289539899823
0.9981234748560445
0.9967932954734191
0.9851046729524854
0.9842225761047815
0.07094671010131759
0.019225182651768202
0.015263103847422577
0.033298364724328344
0.0675984180645185
0.1038103781523454
0.012404599033276953
0.017719447512075104
0.10652691199322561
0.2502107197355805
0.9474012178896207
0.9840097462525516
0.01643258401968062
0.005460773236456662
0.00489250363653726
0.03982566898582385
0.9908228907201785
0.13119692249810522
0.07310375481372089
0.16177560376463151
0.9944952768369862
0.9991925019560183
0.9859460325468213
0.9994616311497345
0.01952238108761184
0.0014200637546756267
0.0019581874027378987
0.0025223233703982606
0.0008957098515656181
0.014918502400622202
0.5644130558525561
0.9999791002784509
0.9999682035226759
0.2697605428023777
0.012135073489049852
0.17707909713782233
0.20299406956138855
0.9956935284464388
0.00501077726710919
0.0021943006631236495
0.0007698308150475563
0.0013039137010989466
0.0009866530922115757
0.00010005867374085486
0.004956151940678555
0.9702501132973467
0.03513979547490709
0.0016278737773486318
0.008550311047895498
0.07700173698723312
0.8354698080074734
0.688160738459706
0.4803288239875355
0.8670492927665914
0.48657022889537904
0.445332391936467
0.007868920616195707
0.00235422643533878
0.0007682956626413606
0.002720235672053928
0.004898951122099704
0.9974360518436418
0.9998305528662353
0.9997823718163051
0.9998971379528848
0.006747817943150158
0.005635767785903245
0.002567060705812363
0.003945351434415989
0.01375399888337936
0.9962597755168975
0.4521141340232343
0.36798556687399664
0.8867668042082404
0.6085663974751112
0.8106507246687287
0.9938342524624819
0.2353294164904286
0.10236974124358256
0.07138254773787434
0.15369603456416203
0.9622451075036721
0.9053336530526168
0.9861678701809997
0.21359590049286004
0.03789779326408993
0.023266690925256572
0.0031766532527117697
0.004075002111198489
0.008629957427235713
0.035932395764449065
0.26792701867855084
0.9981665919589356
0.0724023302930249
0.011617628900006283
0.011844696364565865
0.995935518607219
0.9961188521064388
0.994224571676093
0.994186618853342
0.9880520141053061
0.9884911421272401
0.005212794693279954
0.005064039132690601
0.06620818847457555
0.25916775207111387
0.016739827929895923
0.007228930043933879
0.006394399922166172
0.0071616691453604275
0.020069529031116695
0.04328941312767076
0.14533396691102263
0.5439532460265848
0.5489740889943029
0.6224668997551728
0.8953026204005144
0.6450756289403524
0.5211326944167302
0.6360664825791742
0.8197608971285086
0.6319270652919324
0.5194448866858348
0.8343207673634448
0.5711794003143305
0.3038145609568973
0.3133066536904584
0.6029060048264197
0.005653988432324453
0.0003382855236058191
0.0010791000435114162
0.0012926965407225044
0.0007727676603096478
5.1404735091908904e-05
0.002892432453845961
0.9978141904831821
0.20296012971739508
0.009866231302925299
0.012465844165161055
0.003799350641965682
0.01570757023458813
0.0002730837675847253
0.0012701764738135557
0.0007139980779585775
0.00021197750811940974
0.019341662161214357
0.05025008389792618
0.016533235485920783
0.0166345858258935
0.04510395249404353
0.2085970003254085
0.17202828752116028
0.19143781760962597
0.9951283733402598
0.03068921615528608
0.010779334759885573
0.08090991154802185
0.6342248264759112
0.9817282476791502
0.46867693821716494
0.04664677777495918
0.0012558958295675327
0.014256740837706672
0.012753820874263244
0.014174198500290447
0.998267465226159
0.015993061945431264
0.0017096796997454478
0.05006791211838546
0.9840178917301798
0.9840069692473346
0.9841082667625223
0.999307810852432
0.050647231900334044
0.0006037909432013988
0.0014818562337073349
0.016634084256598514
0.016532707208275488
0.016133123526761994
0.016347626953515326
0.05730139786407029
0.15760573260736188
0.07697142641243437
0.012854321275907798
0.029226838569585634
0.18763596636424418
0.180543552541365
0.21266342047163456
0.9609726491174877
0.9590013299699808
0.9825650779997951
0.05886556457587433
0.0208002375067885
0.020069598430842994
0.061302222086264346
0.9992125267154988
0.018015001347354898
0.0001026238531580681
1.834056696869979e-05
2.2162473245379566e-05
0.00027676108022145485
0.0044751712400955546
0.006032722973318472
0.015485990593332666
0.9999930350973849
0.9999992765425404
0.9999810609978321
0.999621458018089
0.9885993933723651
0.9876112730300877
0.022630630591173317
0.015132504361205057
0.509607674636555
0.5011378595577201
0.001961910205934725
1.5606459265349315e-05
1.3744309812824262e-05
9.363803281992045e-05
0.01951897359157606
0.9972917309065683
0.9984131697393395
0.9974064737605526
0.9992197653988762
0.1936141809654376
0.0005059623064671559
6.070763481047514e-05
0.00019822201925590033
0.3990717969352483
0.9998704628707107
0.012156689857094394
0.015243706109346111
0.9880082791484281
0.9998693582321755
0.9995637365103702
0.9999860521765134
0.9884645696163848
0.9936724245372969
0.07592627994097279
0.014271831937928137
0.9441666816059602
0.3999568030691042
0.0005639273592742411
0.0002901482319775939
0.0005931754741217432
0.19443889955220106
0.8243607605597734
0.03979305369299446
0.0004908829741177012
0.0003180157527625793
0.007448884696684699
0.9971876889259083
0.9997887369582199
0.9993647062399166
0.9660349813738788
0.007910660586973983
0.0011653635111609217
0.03232681274826521
0.005921411379378183
0.5659644381366442
0.3981682381134566
0.6317605754198369
0.43964225871050455
0.7165698848015771
0.4317670228675188
0.4298703094359059
0.3748395268683187
0.580321058675373
0.5816551380805829
0.6264357155786677
0.6677681023038122
0.9813650045847233
0.9938432922815388
0.9718950415749208
0.9454189886269839
0.3727285796222023
0.1641626648622292
0.10402927900866499
0.07277275080557732
0.019648532460951773
0.11344916440304698
0.9967298562735069
0.9983493368735704
0.56104225194729
0.007657601425384075
0.001762239395383447
0.0007930724458243832
0.0011508271602519438
0.9975188577910098
0.9995128907018744
0.9995813336063322
0.9997989732179228
0.010868533017337256
0.009792914842520428
0.015598752512648417
0.014516300314415975
0.570903798938009
0.9905716940217931
0.8935962281730754
0.8992703058697569
0.855732335381017
0.8500385593809969
0.009653483769162308
0.011244363011627567
0.011511146024336338
0.022039667832325693
0.012302504130742187
0.007696423432574262
0.004900666214889049
0.0026801746106840385
0.010098671825666705
0.14279067743428975
0.8521650257128323
0.9050185266859428
0.04671201946768333
0.048446798085769016
0.07857362222609743
0.07064123488817842
0.07430086125700464
0.07881252508532954
0.01896194162402509
0.9090044428170425
0.9092625257569928
0.9996371613600241
0.9424972348600626
0.9084476740531868
0.011885980243357963
0.0024721204680737685
0.09194759420218257
0.09326816438991592
0.09246661513249543
0.09518485744819605
0.008768885309411556
0.7964888049718468
0.7019450982222244
0.7250332407523967
0.803601217541459
0.6718094496351052
0.7838733220681077
0.8995606549178159
0.9149276520479016
0.8734628164784294
0.9109662361147246
0.9078641663547199
0.9109966225536243
0.8811373070988336
0.8651664459437604
0.8434864112216469
0.8355860733308458
0.7388433113724535
0.09075256597558401
0.04754955068620759
0.20890626207709861
0.03162230156384427
0.06705807035601707
0.9752233419778847
0.9646295518051556
0.7178529341272337
0.9616175028716134
0.9642830285980545
0.9713154381123412
0.9643499584551937
0.9786643166595832
0.6984849345463733
0.7253238480616611
0.9237559752358986
0.07607887449762696
0.05949870806340318
0.0648924235828241
0.21653825237521718
0.021387176214668235
0.05042178716802759
0.048147451621965764
0.5018327432281293
0.5109397819243713
0.04985040407366814
0.20219953643664934
0.18194782954832545
0.6457276356411525
0.9849952729098088
0.031342801715337654
0.021277407645475255
0.06365359791324765
0.9960142722894539
0.709656745800429
