0.4525002342866122
0.42702400709104876
0.4171701192064231
0.8325424527142431
0.3902133800816215
0.42505832059268384
0.23586542785183337
0.08832854114760859
0.04830304872217923
0.057203046055879975
0.5177959653310539
0.5834102603030937
0.821036183519148
0.7074988028721048
0.059167893778170416
0.03853328399027808
0.04074868861542864
0.03829741912275981
0.05364642852565246
0.07796122614099016
0.08111847477249505
0.05359385524951223
0.46772623961032733
0.6401010187872307
0.9459083470355814
0.8097122574775746
0.6714062049724845
0.6000202646994024
0.6364717940989584
0.5926003124668184
0.6262927117063326
0.6378677090108407
0.6639499564358352
0.6906036268934391
0.8942356475690547
0.454249467606914
0.4988238019643952
0.47347080530843516
0.44478230498982174
0.4559595413918238
0.29740133042615025
0.3694090383019335
0.3824030473762525
0.7774092584578008
0.7706373748451557
0.8970967525163944
0.9153796649196415
0.7899775893619363
0.7773054029822645
0.05839568890902202
0.05853287195618431
0.09485811774737425
0.1629212945647865
0.3255450383264527
0.4236539970539035
0.841283473207322
0.6684915757967211
0.07828376509537716
0.19781902449347114
0.29971557500404783
0.8112403228884755
0.8083928647418039
0.9130611599878173
0.2711467650990905
0.20429677293948378
0.2777643087684373
0.2715972995234307
0.33197992335808535
0.12738871019734535
0.4759247780149438
0.046510645369751066
0.049899505122560146
0.05808186123127474
0.5142163106916258
0.4942226946817641
0.05167564203246809
0.5086042697356311
0.9574608011106369
0.4953680507656591
0.49433508985640157
0.06985265608211033
0.017563043994168158
0.5817467377001935
0.03589395799713624
0.05163454171695113
0.47579562671439746
0.23034612837447352
0.0531002343464978
0.014627313997839852
0.08815227850896912
0.11722648502443157
0.14747485936739424
0.07561484565171074
0.06504099572466146
0.4851624505764655
0.7810922305233652
0.17413751227915467
0.07828905015279024
0.0642052204910122
0.137088118178174
0.07374322073551644
0.8587331159337543
0.7902086733851239
0.02791989568288081
0.029238373170234377
0.7738312112374397
0.879051146221518
0.12404494483361897
0.17038527452670169
0.1660627020370342
0.9875986469382982
0.8456576040889348
0.9855820900935954
0.11541614059796966
0.0069024040535023866
0.01890393057968491
0.5047817006582889
0.43727511519874307
0.09243538615156567
0.2505848405999416
0.8261450225456746
0.8839366988027784
0.7222215299524986
0.750082300136708
0.30663839678104954
0.2546032500878332
0.11647071362525911
0.10718322880093643
0.010324905985646393
0.012747467374270915
0.8170515271295038
0.6223128396461293
0.7376440863272429
0.7094839921764224
0.10530029678301045
0.1586157324806064
0.13808389630910226
0.6966442349192188
0.84300386953661
0.10643072325817045
0.13150550844436484
0.9993146196913234
0.8685000874709077
0.13926704790645392
0.004878402809556481
0.004003891867562747
0.042836848667545835
0.2111748763072266
0.19701292300273637
0.18691753732800798
0.18409476440060388
0.08241614640071399
0.05873774560063239
0.8742136114130314
0.04954306159033967
0.1697759840364938
0.9951679917108573
0.21250744599801255
0.6263569553694239
0.18361007977815
0.061666703866569667
0.020141480991809967
0.05559095922354122
0.10575304139085678
0.04586020317949543
0.2754005515223614
0.2890099376517436
0.9663376225586697
0.8418711928136242
0.2535907838361344
0.06293860533580263
0.042094252117461324
0.14025048455418498
0.12508264792155677
0.7139654747035875
0.2643783031193838
0.2796462936694104
0.27676255086648255
0.23089118715346735
0.21191144857308475
0.30279697266904626
0.2930401384702309
0.240686313791218
0.2714195899138361
0.897166258393822
0.7475445574043773
0.3828327033730587
0.25644822260350014
0.20728645851891614
0.5897594509261384
0.7046244259539369
0.8265201164184657
0.9820303122408705
0.882854133765252
0.2880979975100394
0.015722608031564212
0.01982591346872987
0.8639251245379629
0.8752952536597958
0.9859071637303432
0.2912195062772062
0.22139543109416934
0.2604852168068934
0.09088889382331584
0.5329341193700254
0.5434875646772321
0.21327319963858227
0.41242584674592236
0.9081336450829092
0.0765626809426919
0.062310678965859366
0.0134506271077933
0.0037452131697133127
0.007014110715493948
0.018672027867734885
0.9926868303544951
0.9991043219338205
0.019205331482349073
0.005646371891716195
0.005301646891748079
0.027910570277165734
0.9958719479109386
0.9942814147709453
0.016717811717032238
0.005382904410612099
0.003823419938123029
0.00016972748622966493
0.0020246637837312287
0.2555523063812234
0.9933293468196076
0.9671389437568689
0.98748566701845
0.9879124652547426
0.9882095603298575
0.9592957144846497
0.2637226356470783
0.001061077919501896
0.0059603645840729524
0.009622014569220504
0.009344593573162507
0.024123255028479073
0.992998123453751
0.9872481798651036
0.02208426697444836
0.0015408068790387474
0.0021188552209158605
0.019784764354297223
0.9992766672399973
0.9981592841431097
0.030955055219712344
0.0035829324405896477
0.00999611648016162
0.02470715888225352
0.03695549565887417
0.02453094766944773
0.8594366360192631
0.7857380555615312
0.2932702914730492
0.42269365293246514
0.9790737237299347
0.7997065649776863
0.5430111551499973
0.4742846825242959
0.01167318890231589
0.02936009955046318
0.37123605992564873
0.018701573650344725
0.01638790520167168
0.48240964937688047
0.1219304901418995
0.5728197613697836
0.10226954621549911
0.0011547912706537321
0.00045969616251356754
0.0005682306827628492
0.0014161991414162077
0.995036506944148
0.9977851815465353
0.9984637215841008
0.9964418433229503
0.0014203445900426658
0.00048153919198679057
0.0003156124368853374
0.003647985241240081
0.059363809387386564
0.5694528938547085
0.5091444576121843
0.44892465091922185
0.34173239637977526
0.3582424587023974
0.3578081596122117
0.5993987966079217
0.5937129811030123
0.986280109408028
0.38879995969031095
0.06409624482017699
0.15077876408568072
0.14741992381885807
0.09443484090713994
0.05990569780332043
0.006351801768517773
0.018659642389946794
0.12487201642020389
0.9166567974157314
0.9846450632425361
0.9920540817939065
0.2819241473475001
0.2936785083020531
0.43222332882187026
0.3832141052289154
0.8581553521245846
0.9429888673373645
0.36428387136188667
0.24982880789080156
0.8662645351565323
0.14371796546747329
0.005531011920783957
0.006862593112882564
0.035569768786253925
0.3099346040345879
0.9943023155404509
0.9888122382935953
0.9865672337334899
0.33919815018543176
0.07449991785992728
0.053754124459780915
0.05683999287384386
0.0960873716350586
0.6477242377568779
0.24247012030315143
0.20128304230670147
0.5527890391081294
0.5483077420854119
0.4643384343525379
0.464341857097506
0.5677349106354824
0.5453540413880327
0.5155400705988427
0.06429581774854688
0.05885159418198301
0.9466003850625795
0.35014382535096156
0.3372119967113191
0.21139988855255154
0.0015531309188792307
0.0056657718390665576
0.013653115110372182
0.08090395751309326
0.7218439127319263
0.660932069463132
0.6911820074386699
0.7167334419927758
0.7266746135868488
0.906000299250505
0.891465814513178
0.891281341657868
0.8925212258535151
0.6379461690878127
0.1425396980125662
0.10970364197689135
0.11666459078746981
0.3408246971843263
0.3081068547078978
0.22928753451867304
0.19446023882426092
0.7704772000655993
0.18427859381678408
0.4078407582808691
0.9965356136608692
0.40192221251933635
0.3555324059253428
0.19251965683169786
0.17323332890872858
0.18264966230043556
0.22012376316527857
0.45239115037835187
0.3788390205855096
0.42907058653028035
0.3410874102325112
0.6720090048649529
0.6931369341288978
0.7406831910525314
0.6400667708714676
0.5787441479414339
0.5981252332911935
0.6343921895207663
0.6596726291704631
0.5738746391709908
0.44314711653696837
0.44268348400779667
0.4519195377851777
0.7692991867144757
0.7022635326320386
0.8447488046834459
0.8337219629133847
0.5026294699589504
0.010560851906990342
0.02334955759863174
0.04730933156339884
0.40862654348592786
0.5864928744731388
0.11671722503514523
0.1047996417290171
0.43131466890217157
0.41329499939880576
0.4451187368157689
0.38860861869872626
0.1380430749617848
0.029034905992565883
0.024498991823109637
0.2977606310887498
0.49690294481357233
0.5659477078568287
0.5380366868063862
0.6786858741724766
0.5130319983727892
0.486858001271467
0.3755283839285141
0.3724642236502939
0.33243536538580976
0.2048997307296295
0.4228393176970474
0.007274122037505048
0.004419931431430679
0.05581809532527233
0.22478253445686533
0.9348649382413412
0.9037978109208293
0.9411869808831463
0.9036536079422515
0.8513520721226693
0.590882318396398
0.05091391328148077
0.07201233174658707
0.037030475112723525
0.13114580935808604
0.17523294488507685
0.34691965333619934
