0.9724584059942422
0.900209639849049
0.8614608618992932
0.8862683516728239
0.9495481550693778
0.9851843394198744
0.9705847825268764
0.9377535624280461
0.9590345289060704
0.9094313245094787
0.15230335307110932
0.020590756532248622
0.007397549244500312
0.043234797277907466
0.7185163580545783
0.8954321040582579
0.9892783179740041
0.45733358402363367
0.13438091093726423
0.02223988688727796
0.0029115403188163524
0.0026809555249414085
0.9747780577132906
0.9878802030116693
0.9968298307342739
0.9958394818758842
0.029352925699816956
0.00043484492099943317
0.0005986352317957078
0.019554786035793637
0.23908604297738145
0.9649434377752911
0.051313664578955476
0.014930429939216117
0.015527426514242548
0.215719288888922
0.024410539097659667
0.04525601872957585
0.9590094569462863
0.8976255988932716
0.05889765919746637
0.9583765253314511
0.00959304873230471
0.03051280001590373
0.014335792206765063
0.006069718791229084
0.0343468166409453
0.11739713555496023
0.2426330579663779
0.25426157602605604
0.2216420662055012
0.15848863759942333
0.29260574688865015
0.3892473066796014
0.359211542138422
0.9519240620175378
0.9878992288205048
0.9894653201692827
0.9127410786895972
0.3434498445964276
0.0866202501926604
0.01593910704197099
0.10336549929091665
0.16335570330689442
0.2564870455534335
0.8858016497786338
0.9301855968224007
0.9322071370163942
0.13369342356634384
0.007141305678562082
0.0690012047735935
0.0753865282674463
0.969328297245379
0.9963706954724695
0.9936545530413516
0.002729268693192899
0.0015558956984597083
0.001487655033939994
0.016738416642338994
0.18006467877973797
0.04066700029536041
0.03617357616789263
0.042780771178018706
0.17609842293027989
0.003359476401888384
0.043520981618549115
0.04532700479606633
0.04450469753968622
0.04578094280597367
0.9833165741167175
0.9603038894517366
0.9753685568226037
0.5753232296810156
0.9956233263473058
0.9979918232778248
0.3130295348788902
0.021969230470055723
0.0211277417057556
0.04001253297775276
0.10791686308149284
0.07701491525330151
0.007657480400062644
0.0011485483115782902
0.007217628040762203
0.011621505763605433
0.6554443918165918
0.6684615086040722
0.7082143221246066
0.9999990903509748
0.9999611214328792
0.9996547098068834
0.9860933656627858
0.6992934047076573
0.012366196265007456
0.00033809998481548753
0.0003416274575939182
6.94734954568288e-05
0.0012209898274521125
0.003714891508063256
0.06434775556803607
0.28336331491575073
0.28035014027196503
0.10375164256533365
0.7324526952268372
0.7311878067273292
0.31102913075425487
0.9690601529941182
0.9912587111182037
0.8706316094651925
0.9531906868442769
0.002420466794842535
0.0008402663411667399
0.001410595330720854
0.01428659155009504
0.12687870396097556
0.9971054148265982
0.9878029638258036
0.9461911789269916
0.8377233478588445
0.8973954754596628
0.9784083686903892
0.3987988399294681
0.12430746026329365
0.11295753018512389
0.7357825939826752
0.6443495661531098
0.6521688025439221
0.947430368120319
0.29723433547690414
0.31975772402456837
0.3617249122428646
0.9781440083859932
0.9806784915252283
0.036859750915792966
0.01952300704037868
0.004662946507529964
0.010577960363182926
0.007186052523881159
0.0184451144491925
0.010422527475085874
0.029288504663124715
0.08526200508836823
0.9911462015605731
0.023673178359207903
0.02845142881274243
0.9300176379434588
0.9965271551455608
0.9159450316383237
0.9134043323231605
0.09090150688063092
0.027886878016037064
0.06330586981528374
0.06948348836361196
0.18407199454796386
0.8323599441716465
0.9974757168239967
0.8838783738503241
0.2430570528473346
0.005518633436783604
0.031116968333635642
0.047259839838457496
0.09234582254863133
0.03184745154954016
0.6526732283480197
0.7321061430715341
0.15684635036878947
0.016222969003164556
0.003094739341359065
0.14036372480099013
0.1609766146112105
0.07716845042006759
0.04617274310458597
0.05320087787078598
0.12730847779730137
0.2893976970845479
0.9646507655001725
0.9787102459852968
0.7040108992697169
0.09737370072406137
0.11645978063585882
0.6491048244993803
0.9546931940431271
0.9341124507811864
0.8331466350572057
0.8278935916243834
0.8280858207205981
0.5627361399192182
0.6341926614917527
0.5394117019691923
0.5778938330925487
0.8176032811632769
0.3070864523070407
0.2815502950639237
0.7920841944786401
0.948139125156801
0.9647525055753723
0.3586376378012107
0.041395387128333794
0.0014268012239651018
0.0011970245965594595
0.00035780697871490297
0.0024349658740108193
0.004541821792880096
0.17125652631128407
0.20033968604270436
0.3470065096073426
0.7866079124952513
0.7879110915835539
0.7716487171752321
0.20100306985515226
0.13489535288177323
0.242934858452431
0.9748645934101519
0.18400925161594528
0.08585985714117983
0.03327123220667261
0.028271745916207958
0.3688913759183291
0.7563829709964188
0.6043526869581132
0.04887259729631721
0.004642019378639617
0.04764691523686648
0.05011350041800633
0.025491856480202135
0.04207397875171215
0.042795842345604074
0.02983499148222124
0.48238175090792246
0.9711125546615319
0.9867380168777995
0.9595067757355529
0.5289112952989871
0.6999938010843911
0.08176975313161905
0.07986513825790231
0.08184450360016082
0.003479368430538754
0.018515463595440873
0.04130726728570866
0.9615935119201114
0.9633398256472113
0.9898112245998143
0.998679614855367
0.9986845797754872
0.033309469064112474
0.0123235516879443
0.02923129645753575
0.031146824445256405
0.024312517321663396
0.028211522093244512
0.6762394454720797
0.8902892755757309
0.927700088833557
0.4657328320420604
0.022806371056257824
0.00017788818019592867
0.00014918064383773189
0.04522640850462556
0.048372020590670584
0.0464466601995146
0.06284428305144862
0.2710606560068527
0.9692403760190167
0.8620919101563637
0.6542998175500871
0.22831551719547039
0.06631946247698073
0.05582685784206998
0.059603897287344054
0.18804129129583946
0.9214748950851182
0.2770575390088983
0.06569233253408802
0.19577415415692567
0.8291765846651373
0.8618799671570297
0.9242303109479444
0.07327669179761487
0.01950456140568324
0.0017586046458715199
0.0012235225773598035
0.002527120085164536
0.005195277059510728
0.9722797709921955
0.03593373952771073
0.03265081297590067
0.15855878230313192
0.9588322735564082
0.6358222131955891
0.6524432526237378
0.6733462369217357
0.9822282648461202
0.10820502980754276
0.047934327281520805
0.34558484995186534
0.9937226845559743
0.9996016346952905
0.9988153481154246
0.05317423678138622
0.004913247827163292
4.3085642575713123e-05
5.591109553026996e-05
0.0015401885699711793
0.001472071269344788
0.005664125758559346
0.008455997906146595
0.08651696282138588
0.26138055638207225
0.7699187842449022
0.03362332068085294
0.015135075535250286
0.05478997311470002
0.9792137247360931
0.9959822375116459
0.9896314453980432
0.9999785575978078
0.999831956000941
0.9974442348215349
0.05421333516512705
0.010881523884201938
0.013218462705556489
0.9977386615607511
0.763644808518973
0.8719044219170734
0.9987051099854879
0.3675772673408595
0.07277379165452558
0.030468087686097878
0.018216948354193185
0.00044340301757583855
0.0005369013700131653
0.0010877890851811456
0.00016696730706822205
0.004485593589185988
0.053957532092069216
0.9975808429607058
0.9983694789261178
0.683278888754557
0.023632508357103954
0.07301761920128691
0.1360382218785795
0.6194495748292712
0.11177063936970921
0.010422449602384587
0.013843022553435502
0.998507766464669
0.005440887525503091
0.00345309170202468
0.9968144341408817
0.9974517213512466
0.9977088341214857
0.9977497392277455
0.004512646611276261
0.0005785948108475436
0.9978329225096918
0.009934426871439084
0.003204480484834571
0.09401286304704803
0.973539427174082
0.13762608422457245
0.0018737765224442482
0.0059584019489088424
0.9980367967264904
0.031525481207047235
0.001670113404280471
0.005382579728441472
0.00431579444897956
0.03235219329116179
0.08578891822417223
0.9847933747683891
0.9795041448224735
0.7493124696168624
0.14354882755899467
0.04587652843469747
0.04333964493563425
0.0308727604651734
0.17048916827100946
0.9560248771812809
0.9626779937192848
0.062464779780384005
0.03348033009297857
0.028513117517588338
0.039610450814908216
0.9921722669163301
0.9795520892445344
0.060894773395808066
0.029160147339761022
0.04296281414964265
0.19948579090603447
0.9611321376392281
0.18798600519764874
0.007781319440250178
0.0029277296274399234
0.02047292340944451
0.029522603357061028
0.021706963612084795
0.9050456393337265
0.08869862154074393
0.86359045529809
0.8488560947644523
0.9823863678107124
0.10335855352067425
0.053568902245563876
0.9577870562207879
0.9855048942621792
0.9895898394666414
0.9920823166707755
0.93828214253625
0.9760502252615295
0.8265108101036799
0.7933388387023376
0.9419179516845517
0.9246433366528864
0.9288316213474135
0.9829398730452262
0.9475595090673031
0.9418338660766177
0.9179152586634683
0.9486798372023852
0.655939168276119
0.6721966639796346
