0.9987657044632683
0.8743529370044798
0.7997278672023674
0.8383056444153593
0.9456938956686278
0.0747281353296706
0.007499919192020088
0.010825546790373286
0.002411618050654596
0.0018913079274378575
0.0010956572706501966
0.07091066262305956
0.9839528830586187
0.0059506448720137994
0.0021668030257872006
0.015840679875062325
0.9917085333724296
0.25372884852018607
0.011647951479708873
0.005125807932758297
0.007671177069391466
0.00989482928206209
0.014233141357602452
0.06651503288564553
0.9673169976056656
0.05384980260759886
0.003388545801242482
0.02917777866617932
0.022465813690236147
0.029372214139174457
0.028667670688966806
0.9929142938756679
0.6984029701131313
0.1066261427924804
0.0568024846530808
0.04450588888729934
0.07786962039295608
0.4375234729806118
0.6391202629140447
0.062043341851506506
0.19091298417041258
0.3950725341509189
0.014448317202849448
0.5841178560628706
0.5416325929176338
0.09314202972176577
0.8630470483229657
0.23932579062191306
0.47884846888118093
0.2745100188267795
0.22890113639582754
0.09210448682922512
0.19600507445083626
0.2579396938630405
0.2223397382084885
0.757333299810387
0.5631396658389874
0.5405423351576233
0.5105511594550292
0.012451916615483172
0.030423377736090607
0.4572709824798159
0.11666833099609297
0.15721590425622511
0.17587281871329008
0.3941911582480847
0.6264629631671372
0.7767952325749595
0.4611130737026983
0.3626203681465415
0.7529842413747901
0.01992121226376753
0.10513906786072003
0.46535943768979626
0.4358889772902387
0.3843356430380849
0.20309024793545782
0.17914502574371705
0.059954179159772525
0.6305468499385014
0.7224504849996949
0.7563564992795806
0.5714811612416352
0.829668589683072
0.43769006536631816
0.3479961035958413
0.2710475048723041
0.3627249876883193
0.803633260908944
0.2907322755581405
0.34539148273173237
0.8647307706627327
0.7816654959799975
0.36845297271245725
0.6601795448299258
0.5840719241976171
0.5965539310325083
0.42277783638052446
0.39694690374684105
0.02824633324480119
0.39983558451944257
0.9981164008808285
0.6102792614263821
0.21362084124399472
0.6069403750478986
0.24467725247250105
0.6110077122494535
0.38257376382106856
0.019554393756097577
0.27693718708798565
0.3249354389713843
0.35363886511080145
0.35032327752200343
0.5505788968973356
0.1487651581974644
0.04135531124115044
0.04530788941399522
0.9283591895729867
0.039247306350683187
0.038498774732501406
0.9450872455959534
0.8819963853013186
0.3724057348911829
0.522888920945777
0.9017673938219299
0.0057455139015517576
0.001241724897251384
0.0018998919247418256
0.002339969855312929
0.0008150819478045523
0.0011858734032461626
0.9999991393218943
0.9999993596248166
0.9999994017014256
0.9999982247660348
0.0011835579208535618
0.0008190466498813054
0.0023401457598505315
0.0018985251311939288
0.0012715666834187678
0.005655759806771243
0.9996627984293421
0.42567691018774423
0.5813181854531861
0.792442825835672
0.8649921151164887
0.9986283499264113
0.002610051780788658
0.0015231709191569909
0.9883551558532802
0.022227125486999788
0.2211256713285944
0.2897429847508938
0.8754785953366953
0.23220707890909065
0.07033776059662167
0.015134281549421646
0.0633911357515139
0.03317285010150606
0.5469242098516727
0.6537592891175085
0.9879522483361443
0.9160829778054933
0.16405164106007497
0.10256186475727902
0.13845610512857354
0.4072500267170941
0.44189034249936987
0.900031407365155
0.9727511054339871
0.040794708753766784
0.007897516609575495
0.0395926147838358
0.07793189396350553
0.07178871439597867
0.07643619624245224
0.7559041401380822
0.978447033790584
0.09096624536904074
0.0877019753009719
0.9755423606484654
0.9963396464614085
0.9761103973038731
0.9744064134015026
0.10458528813609524
0.09493141394603244
0.008669882010220453
0.00028178007320645015
0.027508001519798042
0.030547618926589415
0.03957623077399908
0.005044997522793859
0.5658249223966465
0.4431585910880026
0.2891032017909655
0.38075794988355816
0.06301236518306041
0.02288396095511247
0.019936191867456987
0.44517646576648695
0.9813008276803206
0.09359365480210846
0.03429351118177326
0.5376854624612364
0.43201232782918875
0.010247349718693899
0.0036681629049138964
0.031084709801152965
0.41917191288322764
0.41805377381341946
0.6068344965398662
0.3254966301094967
0.13744608971702466
0.02525776560189863
0.006956139677062101
0.006131079580363075
0.020888317475773577
0.16238625392555295
0.9988505527145443
0.09251354133083756
0.035008823702974534
0.1761119643846235
0.9997633679671033
0.9905502273029683
0.20475330763079513
0.008735847007789621
0.00022057212004866766
0.0005126386369882496
0.0032296112557111956
0.017759497872535945
0.014303251995242072
0.014864725822468339
0.9562242652731165
0.7165756450319203
0.9992933797667473
0.9998917151634367
0.9998069001855717
0.7705459389378437
0.9459842757993391
0.0010321763899358016
0.0004717187592112593
0.0024673640818387854
0.003723633012615135
0.0004861717749476968
0.0005740773415295886
0.010463742122159614
0.21127061750719722
0.17367178357786905
0.09652569132006084
0.09798042159425302
0.8800623238622476
0.9174573642071235
0.9523582291609464
0.446520146636864
0.37135696671960183
0.3202692033181064
0.30550084464780836
0.3815861930257849
0.04298250286242977
0.5286366511701677
0.9736168981091016
0.03625503562109811
0.014881716294074643
0.015318352070973207
0.0029475908320563127
0.012529357132034957
0.016651129286536226
0.003076547087740189
0.8630331669585171
0.9805575004485854
0.992570089306876
0.9943605687376372
0.9952343281911208
0.9667415726127772
0.9650814394455121
0.8624104329116932
0.9650909148768111
0.014620595951522875
0.014370259371195515
0.013011930662242044
0.022183243761193072
0.0008407414222768583
0.004436355362217315
0.006207969805714364
0.9021481562489124
0.4996785808937142
0.4946529562771005
0.9958218026828493
0.01783867258332128
0.0033139576291593142
0.00016269713482264248
0.0001613112619970325
0.0008740454921424279
0.9999749236109711
0.0027654678337551974
0.010706629014406444
0.025990448036343206
0.9999636574119187
0.9997545736388649
0.9999650009653114
0.9977105502752583
0.9979234412320073
0.02758186668501006
0.004708191790002925
0.010540690450914325
0.0011859544733896499
0.00027934591678835385
0.0006497103140250537
0.005735588286722271
0.016548182770835806
0.9950193441250449
0.062236189728941294
0.017136234004276996
0.001993136947509244
0.00119122404441252
0.96855598707953
0.9697798218163125
0.9682758203149542
0.9913442795315187
0.020207828466011213
0.02608651408601892
0.02824113785632998
0.029131385481194982
0.8284206060527872
0.7120917874805166
0.82882671721313
0.794559390504002
0.7811031530285099
0.8668096388575925
0.38378172530371035
0.3475403560672685
0.27123573247478594
0.05653089079309459
0.15426161626155122
0.4520539011197986
0.6780272927774856
0.747082619366312
0.9859260432265216
0.9827728529537747
0.15168539095528233
0.027752976567283927
0.003666330095856263
0.003753334255741425
0.027181038754312215
0.8715516749934251
0.9386619343774383
0.9894647544580618
0.34868110238302663
0.07772206218225564
0.009698943623067002
0.0015457630419591917
0.009697698281724176
0.9909910968786172
0.9909372453741077
0.9913562714483743
0.9913514716368593
0.0015272715481305932
0.008610885186326578
0.0004448074842500205
0.019050460940884917
0.23312016521620238
0.9938318020088018
0.029637942956613483
0.009175890351817317
0.00177728602350391
0.02247223501709772
0.1368628417517591
0.4262300058976466
0.3748063931332787
0.08608620255476529
0.06707829989817116
0.37804210481494216
0.015677285998333512
0.5232621381104026
0.011334266633287182
0.0010798923250723291
0.027427999792011715
0.004486832778172634
0.0026722945050803304
0.04916781271250248
0.9752336360439376
0.06543159117547859
0.01211608912434392
0.012289037443225515
0.008485447063093954
0.0016190380946115024
0.006107633924627098
0.25820160119915214
0.9928286886234093
0.01619038067748113
0.0030011839295414067
0.0032199673294360798
0.9871270652735173
0.07769154351434637
0.005697304538631043
0.00876268934184743
0.001871307250045362
0.0017605357131257326
0.008516981457688089
0.05746205491875478
0.3641248866157831
0.2558916985119031
0.2511668000142714
0.4737861695325579
0.9432183810741173
0.42507699608694327
0.12771260157670916
0.673665516680451
0.033716984744557754
0.34109958005288854
0.3453481302760686
0.34733771900596777
0.38175005915123994
0.6708914446684477
0.21644738343381553
0.418803454608796
0.9827003786903686
0.9725087116973045
0.9602938965924805
0.8595831671697551
0.8791690677570428
0.7189660647678838
0.633786392881145
0.3110859377140206
0.30820741856585565
0.2603721395712042
0.33165724576715605
0.053055222941818525
0.4131386404559989
0.06847579071423227
0.42074686571320485
0.993384997936114
0.5896117634048452
0.37178508222485473
0.02469746245490556
0.012054276821020116
0.6581520650586462
0.9950365659165782
0.847818997670905
0.847339754030248
0.9958853335373632
0.7946687146094037
0.7849509461522809
0.9657650045901119
