0.8975871643817441
0.821821019264757
0.7657853485597395
0.8786014920572565
0.8854135785612107
0.959951330671305
0.9709497569794712
0.5265131598728592
0.46598919973613534
0.24274675031043824
0.05371370157470756
0.04046360712400052
0.3713303602489709
0.041490159494175005
0.4413606319485283
0.5635726983415195
0.9525676571029851
0.6454597176711296
0.4215596769058846
0.024949394290750937
0.022593093397086594
0.002799880781984265
0.5964121511462859
0.9606535662947737
0.9780295014342126
0.9894047218354416
0.03253602659988335
0.006893635361000672
0.34920300575038815
0.381924239388428
0.5431476959973012
0.9823325366314868
0.40485502910865034
0.39690944345648016
0.37267000188755306
0.47872583651210704
0.1554204194686608
0.4803228170842364
0.4514988891024784
0.5760189879382397
0.2694234860972854
0.1498426665220406
0.13075180798096045
0.06681273416662123
0.8417651689361862
0.38500926110444283
0.4447569860752211
0.08619020125664878
0.09872604218760639
0.030369821007986627
0.5945625105972872
0.23198674025424315
0.36374445369933583
0.5820538664550493
0.7067955474363099
0.43566621043164167
0.57021853861532
0.8265016596939145
0.6538906904986523
0.20793189610227214
0.02884635609061563
0.20017035044284998
0.2461793518565108
0.8496365339212466
0.45224347353019323
0.298502087439183
0.020601156370419847
0.6770576423910586
0.25299438404896113
0.3345216480348677
0.5250100313019994
0.5068253836036855
0.5503004553044472
0.8300742973323245
0.2886914392043876
0.015962193954037862
0.015297033115385926
0.8147024410184931
0.027284002475721013
0.03759909231968784
0.08892635865862772
0.06366873050789985
0.05827556354276467
0.5730769001387421
0.011719619269244518
0.03414964311127339
0.4187404820482432
0.039947992716038334
0.6039373390439662
0.6062668247465739
0.6336256074053515
0.45655245889909774
0.13597622819675245
0.6988607016353907
0.9823379796348866
0.7242666295215237
0.8426494810782619
0.055627162329244736
0.04067000220843687
0.37765017476673574
0.36812842365851595
0.3538437454318767
0.3542195285183586
0.36141239480383885
0.3644387574867514
0.05595008599247912
0.6527672059227558
0.9757942368922048
0.8432813259412157
0.7569242686169756
0.31771927650214243
0.09011946049890313
0.08049601528935779
0.01100818667318516
0.0001002936165112045
0.0001036173363286652
0.0054770551307108395
0.39085996504423154
0.015924767797336724
0.5692202184861477
0.46752357545792267
0.5732941238670769
0.5731771171059519
0.029585016715278575
0.03365808723237383
0.5817970797179071
0.9745990039902814
0.7742187127057911
0.024610502927230393
0.03172368044004548
0.05852068099828388
0.2611284523839435
0.8710742517312173
0.9819099367511102
0.8313144378807138
0.7336824789718567
0.298873988871483
0.5229649625489394
0.5030658447284877
0.4865779276880687
0.47462856729787445
0.11630344944215963
0.09610770300580114
0.04796162673360688
0.5212019066557195
0.021643426062335023
0.012559689784032213
0.9142459252869746
0.9893867706686468
0.10362476377359976
0.05593741667874083
0.04211028659515412
0.05087559709766715
0.0026424124017141223
0.0028565496082483487
0.010008130530546876
0.05863768142013001
0.0264832177094515
0.03724514418283766
0.995326831478887
0.017179982991010256
0.01683671658521538
0.9520266044418615
0.972932236408129
0.9876862750210051
0.9544250082449239
0.013059213381571178
0.011328421245063346
0.018724515749642633
0.026496458678655663
0.10410846717509692
0.8761488236378807
0.993593899368288
0.9131505921860275
0.16911617582864127
0.012555658294645644
0.010304247560768996
0.007553489833501092
0.049840215430760025
0.029069418658860934
0.06388573717902787
0.7595954484870125
0.7068012560424963
0.39371743002814324
0.34243479912686847
0.8572090346371166
0.931263116104242
0.7408254190737944
0.2602314930687861
0.36816676318574476
0.42048955118007425
0.921819393563831
0.971763371348155
0.4012012062230298
0.067299018468226
0.01704835237821671
0.4688104500752116
0.9695618839278539
0.9746192586169271
0.5369436704817782
0.08134885212156406
0.04838582939117281
0.5214440864936671
0.02555275113018598
0.04800721048117501
0.6749921433576309
0.21476734593665056
0.16195255039257989
0.007897665055705449
0.01739528695924142
0.0939990775184648
0.5598984329218928
0.9937776004189258
0.9475686612555811
0.9759806528640937
0.9883080622396607
0.4798893931955539
0.470659432605826
0.4721183579378801
0.39942942319277897
0.9941813095601058
0.23509036619736137
0.5315375298779846
0.05116647384535389
0.008658384141132958
0.006489940300825991
0.028514437841315375
0.003599195726864845
4.731213713522475e-05
0.00012996534155337302
0.00010123956646721498
0.0007556682357325872
0.006556970909891713
0.050053104189060636
0.3403988972836724
0.8249954766370258
0.6821729759316122
0.047812089229909635
0.02578990597178845
0.001053309870834873
0.0009110428156937077
0.00011133960328821856
0.0015419376341947676
0.0004201810367457037
0.0047314963958779875
0.9761007139917355
0.999999789207038
0.999999107686949
0.9999989905322393
0.04243937008712897
0.00014655656261427507
7.7316646379888e-06
3.1704808599486434e-05
0.00464982384624708
0.9164814080651111
0.0003932740296667236
0.08727029032915451
0.9999938613149688
0.9999959840494868
0.9999941084431172
0.9999995611111834
0.9999990261990783
0.0036246411890506368
0.000524109340511325
0.9780867442744055
0.026555011283752327
3.038380097515336e-05
1.0798778125609142e-05
0.0001462716656958296
0.04246174436382363
0.97717290344459
0.9884981934209081
0.017191347495110008
0.000313704046712393
0.0005564762596348859
2.024187031999247e-05
0.0020162891222030186
0.0003339246676451357
0.024515655917948496
0.26782020373139376
0.9872760322360747
0.7927120279890141
0.6822796888070538
0.16535284918823165
0.04997991681923109
0.006690401621644881
0.0007342143053229
7.930684727462943e-05
0.000237810713770048
0.00010949865478965258
0.0024904321300954434
0.4656547917305433
0.2995413099579193
0.9884418051642967
0.06408357162240151
0.043681827214427336
0.017237697088553536
0.01431669205199969
0.03586655344405332
0.006142198513552055
0.007709079164845933
0.03403567394491701
0.5180542530110823
0.49799881029339677
0.9730924367729104
0.03228166489150347
0.01451789644107414
0.01892114243890366
0.4832442730581279
0.05734575685088904
0.08177140307185315
0.06063624532445907
0.6614477961473209
0.7586622663910547
0.9993118481967003
0.9997134551973237
0.007432497203531307
0.0033742922359396577
0.001946418677096584
0.0005488980785199215
0.0005694554397261742
0.002590533900178238
0.004666715900393692
0.008115530644873714
0.051085830281703666
0.9930817035486459
0.20514141682801887
0.010217508651198026
0.0031901792045369135
0.04185130131955712
0.9924683857056882
0.9922719704820973
0.9979552113865637
0.999879387881619
0.998450426587483
0.9925440599746507
0.931655789079499
0.9265945333847407
0.030485873437357532
0.07666100113052075
0.09441336964481772
0.18449090258428022
0.999374540846302
0.9970675573006986
0.05045071508324186
0.009833076526468176
0.004588351136974955
0.0024302834935180373
0.002287377304775795
0.002305633997381318
0.003136703347668024
0.0047030224557753405
0.005923539316810433
0.9830240996763551
0.9995268945065483
0.9347390778050575
0.7302914113965773
0.9456832941118596
0.2951444609986903
0.17177962212991912
0.3127929973342941
0.41278374661866696
0.3128707382976017
0.4397215356476157
0.19772878758944074
0.11839238360362735
0.8843848875045595
0.9993189135258818
0.9990721686649584
0.9212372710789751
0.7018541143544581
0.5031921087285904
0.8770520824585193
0.04115862453567482
0.0038681105782095047
0.508196861316649
0.008004474143847085
0.034099938389923576
0.00829977844716202
0.029281887573113296
0.5090454404000228
0.5110347228569312
0.033592801690753266
0.0021018329157378667
0.00012362325900493464
0.0008339039668957215
0.0019592148144289556
0.255848582848825
0.7581659063918451
0.45340757213539784
0.5245117532676358
0.986662486515449
0.7177106570657636
0.5506222375156724
0.41929694474207785
0.48002314998380324
0.043125884252281664
0.5192521835892889
0.20650728809075075
0.5190524908975838
0.005953595341532114
0.001396192298136345
0.4801496329129511
0.4723255950630275
0.9970897378519432
0.9957573077422259
0.17477282635216515
0.07591831038598258
0.4440357843508066
0.0013249631997701349
0.0013714951081127968
0.06182224142131055
0.02850775927757808
0.020244214309405206
0.0268637792334257
0.10249702376740537
0.9863689353319776
0.590451112904098
0.08443013404758648
0.4605185916579335
0.5333578926504832
0.08513389887327993
0.06137542139945484
0.008600363389216069
0.003032325917677836
0.014766079066766734
0.9881896609124934
0.9782893189398774
0.9651003628524679
0.9932235325785848
0.9890087928168942
0.9939773661286571
0.9923777646588432
0.9616919294879314
0.9454222997775956
0.9280286315539317
0.01178965436456063
0.02820304107705461
0.017927972436151948
0.02076387728460366
0.10624089571760173
0.9656369538353695
0.27408790659997384
0.21900584516266783
0.5612710614698546
0.9409084267565371
