0.9999978162667611
0.9937845216233087
0.9999982549283196
0.9999988029406487
0.5207705998692125
0.5033395284560929
0.9999982272208087
0.9999998535538018
0.9418726010058874
0.002792451171956034
0.0001003746761877311
0.0005426230547811439
8.973316558336109e-05
0.0009786521640624546
0.002083965207103744
0.3995880936838524
0.004241964174382495
0.0008643742474824245
0.04995356951544061
0.0028846863058472616
0.005726109068592056
0.9537294050421983
0.9968940939687485
0.9913581309319752
0.999725982836546
0.9998590071502926
0.9999252303130095
0.9988316135034352
0.054924401269238476
0.04370123764231171
0.050340375445123375
0.0008617059391919923
0.0031750986069235543
0.8912604917453094
0.5641277168743395
0.4405976369205469
0.43933298314258895
0.5472672485222003
0.8075495218569623
0.8383720538032641
0.955119249327164
0.9728132068600923
0.5504510776043492
0.7354407379752769
0.7370295037406607
0.5753460127452041
0.4985409450680741
0.7569477077400717
0.884785380743913
0.8913590243766193
0.07071003447186164
0.001464439580211585
5.060175963356173e-05
0.00033250947324736657
5.2754510025954104e-05
0.0011153676136024249
0.002360250130311381
0.002739015700946257
0.005568720422547302
0.05453894302086393
0.9608574241321742
0.9635402810877068
0.9164242190306443
0.9585933830098063
0.20243580066869937
0.9658901100824978
0.02526125770878407
0.00408695217831756
0.03271683223362909
0.004446842754715741
0.9919560861417045
0.003314017120959689
0.005148729152480547
0.010802588625719034
0.07863212077096127
0.9802212846382379
0.9607947088795423
0.944574274265748
0.061563902827016515
0.003016157285452903
0.004044814646313566
0.013269868314746858
0.0011291109176597702
0.0004309894627094746
0.03557421695731311
0.9814316953432795
0.9968286821959462
0.1959823226049736
0.15656528182085538
0.9047439346612601
0.8692244311703273
0.9440888992400167
0.015221711312602304
0.00933631891154385
0.009994452130541287
0.002302810175099812
0.0018664598440789604
0.0026073763550400475
0.005392364435281127
0.1398399232396177
0.30255931187509943
0.025027022409580435
0.008650198327304848
0.00632952625220895
0.8012804986110954
0.6294434812152325
0.29815110458960437
0.5235335043835043
0.8785353684559947
0.005402504973049949
0.0007923361609915025
5.0255983984781594e-05
0.000604526960751528
0.002376475553718671
0.0044670006778917415
0.9999230372907038
0.999998108087391
0.9999995471556599
0.999993493084119
0.004407718727347243
0.0023953879244165144
0.0006104034101378497
5.4055399121510916e-05
0.0008028901146044376
0.005397178606512565
0.999603892615022
0.40298618908107986
0.5965776270483213
0.7071562080322031
0.4400996768368347
0.9988181637040545
0.011756059927204299
0.00854722748375425
0.01029927549491716
0.14446216063683948
0.44308087395104756
0.7335881096163548
0.7225303831872905
0.7610525207822172
0.8003496717547718
0.528307143912315
0.5517173160645865
0.2358494524339303
0.5485108073640486
0.5517025600475323
0.5283303478687366
0.4780384345648224
0.03497794998995485
0.03162302938360306
0.06323449697052996
0.9276571508599077
0.9301608981744142
0.9917359404908441
0.989934133652706
0.3621358976423925
0.34661597270314226
0.3969607112193029
0.2922607512687112
0.32197851875461936
0.7599252474391154
0.2525173388060371
0.23254321054938165
0.12158832867271374
0.04552521881257876
0.001128032555811176
0.0023307546302597792
0.0029427289173099558
8.505927319424345e-05
8.291903914869891e-05
0.005537920230577975
0.9811379938626879
0.8864958241580816
0.17387676415826148
0.16299047638176045
0.9493596174735853
0.006542758553535255
0.003202799753113217
0.004571598856719428
0.005972458189716479
0.0006921670831693261
0.028958283037126664
0.08495328548776682
0.13755828426261807
0.001436458452615974
0.0009198212052929922
0.0023422268558717096
0.011186837022480911
0.04072263887394212
0.9997807186370944
0.03987655983960592
0.04123301336233376
0.1184024921492507
0.9997373525447776
0.9991596626881464
0.21166726735423347
0.006926232251915576
4.469878207291611e-05
2.1829393357708504e-05
0.0004461471529040306
5.56246003071692e-05
0.0042789575355257625
0.014817714947812477
0.9823109527023903
0.7346240135302817
0.9999997813314083
0.9999997980276872
0.9999999806347946
0.7645434732201501
0.97008145811884
0.0009138326431120669
0.0004960964779547883
5.499253060736731e-05
0.0004460071442189406
2.0505491489020145e-05
4.5268365890471784e-05
0.006770258384485639
0.2119214212935453
0.11874814768930098
0.04079318749442884
0.04149261706306695
0.9975989598567608
0.992921742019009
0.9976199186105209
0.04857767447236361
0.012334490431379352
0.005309330960626246
0.0043118775274867405
0.0050482092307156945
0.14419368978804914
0.9659314536147328
0.9960994661996857
0.03045385821504376
0.03747096851643317
0.012637382871937164
0.0007252136101077999
0.0019536951927897617
0.06030776844483665
0.0026820161940215304
0.8254969346912325
0.9359070345306789
0.9356290412733922
0.9994866627023307
0.99938726184998
0.9924257849368544
0.9908404674875656
0.8916816461602081
0.9909076067419095
0.06967274105840104
0.06810349253658876
0.00566486554950385
0.0006210404791590074
0.001199249897023802
0.0008624125172544961
0.010436004006398214
0.7106256862508661
0.6995056421066144
0.7581603777358925
0.9930007909740767
0.016093377013872034
0.0032311657146602
9.478267056772793e-05
2.6534929223553938e-05
0.0005478568894583535
0.9999973024946259
0.002579015699582965
0.010481296415877472
0.025739569860450895
0.9999678167667166
0.9997824193513988
0.9999885718695543
0.9979625155894019
0.998154978311632
0.02754656675581446
0.004427985090425524
0.010511270695497177
0.0005886829204020394
4.24478377812898e-05
5.117531649356799e-05
0.005874032808579233
0.018121536064819255
0.996415539216648
0.09229167694818374
0.032066910965824036
0.0008790239750366968
0.003544265673729785
0.9108557294303851
0.9101381567858375
0.9090273269711732
0.9761663785340736
0.06135927632335325
0.07882094110139215
0.09321025894286183
0.08995007698425961
0.6608845746219536
0.44176394870795765
0.7609953348030878
0.6430009251526182
0.29869840667413106
0.6045776615116467
0.4965736556575825
0.5105906221134808
0.7544425016956738
0.3941933107612937
0.3333186923734346
0.7322268715742775
0.6768477322499975
0.984816661439173
0.8251288390119313
0.9663620510733975
0.27045082432895085
0.03917196329038797
0.010186417477892173
0.017501662318579858
0.06544989483964503
0.9895848106406572
0.9949292759792712
0.9976145514941921
0.5489731587916793
0.03890349186451714
0.0007689975545186467
0.0010778688330280728
0.001372218948525461
0.9991020007858855
0.999918347574406
0.9999900380120105
0.9999854319536218
0.001603920793697089
0.0007255620679254005
0.0006750530078944994
0.03497935260479301
0.5492100672956168
0.9877367667899151
0.9975697699896728
0.05536865773546751
0.007381800189271925
0.006023484014027525
0.05091196604522297
0.19792634962394196
0.7262319617691757
0.8557078177290798
0.9504650276282979
0.33465505007109986
0.6440965584139204
0.08756494708192886
0.24190607238994355
0.35209676397730405
0.2829645695308898
0.7616243653741375
0.4342082007329736
0.526993727103698
0.9885076485871017
0.5324210269507417
0.4087093058797274
0.5282627432310874
0.985625880267232
0.32563687230728244
0.09777983966218695
0.07785881078848134
0.07614695828449503
0.012120436656646305
0.0006947941226992382
5.079363041948781e-05
4.819421388768674e-05
0.0018003007313753816
0.004877345448990433
0.02724634110147639
0.9982052446213334
0.9994261000695587
0.9994680566713313
0.9994756385092051
0.9997353925478369
0.02571087015607132
0.004949171609697545
0.0020082176072894198
0.0005302402509683724
0.0001328736887226123
0.012454133548349011
0.9087301624650599
0.07532178161119674
0.03644454517673301
0.03892297257533717
0.07075803154927551
0.3387904787606325
0.009183403375248034
0.00020590588920910147
0.00018483321525153418
0.0012759328596215758
0.022890949012231654
0.9949697905987991
0.8891861555120328
0.12593218555786645
0.22659666175840987
0.9978099774307739
0.9210970085975028
0.9993328526850391
0.9993099922168075
0.9978415553448676
0.9924333480461696
0.9324212594136854
0.22799511720739096
0.23628843013431922
0.8883513337825829
0.8834356764730494
0.9973762292708068
0.02152000785373165
0.0002964597086539955
0.00022771180255609647
0.0001664960215720379
0.011098890002408934
0.9745093909601902
0.9468649773642996
0.9592012493376171
0.9836608656659133
0.9572511592376678
0.9882798179151302
0.11831065473211044
0.005671201403069759
0.0011950879066910947
0.0014417427835871077
0.0022810817838113673
0.033572995457078925
0.0341710428002624
0.05144004798602264
0.19474916017028654
0.0578997677365376
0.0015662957660830257
0.002098177510051591
0.002956745831759977
0.002243426033494589
0.001174683461872883
0.0010531321060285315
0.000775755165227876
0.004877768207711686
0.11964656444146704
0.4479738744715399
0.0030553696789213936
0.00011654507864578001
0.00010644793680703035
0.001549098668800486
0.0010458184217982947
0.002968871958047292
0.998956668837167
0.945343344004739
0.9945251219944589
0.5081180083266327
0.5202752617811
0.9972679216568227
